0 0.500251928125 0.645948071875 0.502328475 0.6334592406249999 0.49261954374999994 0.6174389921875 0.489701459375 0.6247552015625 0.3989262140625 0.6409683609375 0.3811975796875 0.5804689984375 0.3491319109375 0.5830397140625 0.3671202171875 0.6742399015625 0.500251928125 0.645948071875
0 0.49231171093750004 0.5831250781249999 0.530521515625 0.6432517625 0.6387991046875 0.621945465625 0.6411540640625 0.6097769109375 0.614028571875 0.5847177078125 0.6123895546875 0.603854965625 0.5365544171875001 0.6172023046875 0.5017128125 0.564831409375 0.4932683078125 0.5651433421875 0.49231171093750004 0.5831250781249999
0 0.38279758125 0.5522905484375 0.3559988640625 0.55549701875 0.34724035 0.5214710390625 0.333397703125 0.5238248796875 0.3340925875 0.53344810625 0.3450240890625 0.5811086859375 0.38319607968749997 0.5773297078125 0.38279758125 0.5522905484375
0 0.72880840625 0.6143937234375 0.809911615625 0.59466291875 0.8121742734374999 0.5846603 0.7337360359375 0.5383366125 0.657866621875 0.5474909609374999 0.65610573125 0.55870106875 0.72880840625 0.6143937234375
0 0.8283530750000001 0.5936076625 0.8977702703125001 0.5789217109375 0.900087315625 0.5681412953125 0.8132823124999999 0.5268991656249999 0.75044104375 0.53696453125 0.7476902171875001 0.5455652078125001 0.8283530750000001 0.5936076625
0 0.7926311625 0.51763906875 0.7306328328125 0.487706228125 0.6735760921875 0.49329106874999995 0.672548121875 0.50240301875 0.7265916906250001 0.53431981875 0.7895186328125 0.5258236515625 0.7926311625 0.51763906875
0 0.6609001453125 0.4957264921875 0.5942201765624999 0.502006215625 0.59326019375 0.5101459171875 0.6426315421875 0.5474026234375 0.7133595875000001 0.5363255515625001 0.71511096875 0.5280457890625 0.6609001453125 0.4957264921875
0 0.6069381593750001 0.46264299375 0.5486739265625 0.4687295984375 0.5485053390625 0.47672923906250003 0.582874096875 0.5021898234375 0.64492805625 0.49500041718750004 0.647221996875 0.48734479375 0.6069381593750001 0.46264299375
0 0.659883015625 0.493505959375 0.7159403109375 0.4882420328125 0.7168595046874999 0.48068568125000005 0.6734957500000001 0.45811331875 0.6202695312500001 0.46201200781249996 0.6197120421875 0.46998445312500003 0.659883015625 0.493505959375
0 0.581894821875 0.43236328593750006 0.5566502796874999 0.4161383609375 0.5115052859375 0.41903893906249995 0.5100122515625001 0.423624153125 0.53292339375 0.4396859109375 0.5811387953125 0.43758623906249994 0.581894821875 0.43236328593750006
0 0.5499533109375 0.414106859375 0.5309393453125 0.40378883906249996 0.4892631640625 0.4045871703125 0.4869515390625 0.4097013453125 0.5038986328124999 0.4216334421875 0.5487227140625001 0.41773342187500007 0.5499533109375 0.414106859375