0 0.1780327 0.5780085625 0.2550572625 0.540052465625 0.2491128609375 0.5340742828125 0.17771009843750002 0.5638358609375 0.1487264734375 0.5507427781249999 0.1480206859375 0.5608496640625 0.1780327 0.5780085625
0 0.267901159375 0.5342504453125 0.33004723125 0.5067238359374999 0.3287404921875 0.4984734125 0.26639759375 0.527184475 0.2473240265625 0.5159816359375 0.2520280640625 0.52869153125 0.267901159375 0.5342504453125
0 0.319597196875 0.4483334796875 0.3225868390625 0.454760771875 0.3549771640625 0.44141540468749996 0.3558691828125 0.4366735859375 0.329595546875 0.4326196765625 0.2992301765625 0.44630154375000003 0.319597196875 0.4483334796875
0 0.354914590625 0.4647566078125 0.3959254109375 0.44774561874999996 0.3944878390625 0.44074389375 0.3636247015625 0.436759671875 0.32502610625 0.452402771875 0.32712074687500003 0.45732876874999995 0.354914590625 0.4647566078125
0 0.3293006125 0.47331303125 0.33146792187499996 0.489071640625 0.33354663125 0.4959718203125 0.3420177921875 0.4975876078125 0.3918840609375 0.474244909375 0.3904464859375 0.4672431828125 0.356174578125 0.4624844171875 0.3293006125 0.47331303125
0 0.3442922265625 0.46258763593749996 0.3239411359375 0.45858151875 0.3279970109375 0.47174074062500004 0.3440413453125 0.46722790937500003 0.3442922265625 0.46258763593749996
0 0.40428716875 0.4708302984375 0.44499335156250003 0.4518959015625 0.44306696093750003 0.445957428125 0.40454205 0.43924339375 0.368155571875 0.4584794453125 0.36859659843750003 0.4633387390625 0.40428716875 0.4708302984375
0 0.4580392 0.4978121015625 0.511812671875 0.4996355890625 0.516978396875 0.5052355765625001 0.5554340234375 0.482386278125 0.5535436015624999 0.4727018875 0.499071215625 0.46421437499999996 0.45543581718750004 0.4903800203125 0.4580392 0.4978121015625
0 0.574854984375 0.472364365625 0.5338024484375 0.50133000625 0.5351624687500001 0.512168096875 0.5696773453125 0.518468103125 0.578480259375 0.5110122640625 0.603217846875 0.5163648890625 0.6081804875000001 0.5184313984375 0.6425895171875 0.49479676093749997 0.6404236359375 0.4833731765625 0.574854984375 0.472364365625
0 0.56444316875 0.4748836296875 0.5990174781250001 0.4522925046875 0.5983736546875 0.4459763171875 0.542199884375 0.440254228125 0.50864856875 0.4580479890625 0.5096229453125 0.4664512078125 0.56444316875 0.4748836296875
0 0.649018234375 0.4842369171875 0.6794357640625 0.4601647765625 0.679835459375 0.45368331250000005 0.6116320890625 0.4463008796875 0.5837941859375 0.46639880468749995 0.583835228125 0.475662978125 0.649018234375 0.4842369171875
0 0.6286294203125 0.5179595171875 0.64851455 0.521941309375 0.6514484875 0.5314604234375 0.7203129640625 0.54301691875 0.7525388296875 0.5101008203124999 0.7513613703125 0.49816412187500003 0.66398583125 0.4845475875 0.6286294203125 0.5179595171875
0 0.674969596875 0.48752887187500005 0.7579128953125001 0.49792519375 0.7807849250000001 0.4689865484375 0.778364103125 0.460455859375 0.6986269640625 0.4545436328125 0.67544166875 0.4792531234375 0.674969596875 0.48752887187500005
0 0.2401774078125 0.601392275 0.242007346875 0.612946046875 0.29605280624999997 0.6435610890625 0.321747953125 0.6217259703125 0.3184179078125 0.6035769421875 0.293233384375 0.61713176875 0.2553303515625 0.5935260062500001 0.2401774078125 0.601392275
0 0.4413908828125 0.6205880125000001 0.384549396875 0.66147745 0.327115909375 0.638231865625 0.32837452031250003 0.62892205625 0.31051115625 0.64268389375 0.3105415078125 0.6572558328125 0.387188025 0.70114558125 0.4446808984375 0.6528646015625 0.43779171093749997 0.62662434375 0.4552548640625 0.6074596140625 0.43504266875 0.6006393984375 0.4413908828125 0.6205880125000001
0 0.5846745890625 0.65341068125 0.5821700578125 0.655145409375 0.5303174390625001 0.71027695625 0.45124203124999995 0.674060278125 0.4460420171875 0.658485040625 0.40634834062499997 0.6996204453125 0.40841243125000004 0.71265260625 0.46969202968749996 0.74763069375 0.5646584531250001 0.733535840625 0.610657946875 0.677856115625 0.60041155 0.6495231015625 0.6015195359375001 0.6608771796874999 0.5846745890625 0.65341068125
0 0.5843551234375 0.61662115625 0.5864707234375001 0.6386067171875001 0.6285097687500001 0.6538135046875 0.679236271875 0.5915719453125 0.6729846578124999 0.5779853593750001 0.649358221875 0.572616953125 0.6509328484375 0.588310871875 0.6191875546875 0.6265920328125001 0.5843551234375 0.61662115625