0 0.027384740624999997 0.508720265625 0.1359628328125 0.45635295468750003 0.1316389265625 0.446744275 0.0312282125 0.49526811249999997 0.0014413015625 0.489502903125 0.00096086875 0.5010333203124999 0.027384740624999997 0.508720265625
0 0.15566062812499998 0.4477051421875 0.23108877187500002 0.4087899859375 0.225803996875 0.40014217343749997 0.16382800625 0.43377255468750003 0.124432415625 0.42272257187499995 0.1316389265625 0.4395377640625 0.15566062812499998 0.4477051421875
0 0.24309962343749997 0.4030247765625 0.29738866875 0.37660090468749996 0.2945060640625 0.36939439375 0.23156920625000002 0.35738354375000003 0.22436269531250003 0.3626683171875 0.2334909421875 0.3982204359375 0.24309962343749997 0.4030247765625
0 0.2190834375 0.3489827828125 0.22288037656249998 0.35733605156250003 0.23541027812499998 0.360373603125 0.28211264062499997 0.341009209375 0.2798344765625 0.3330356359375 0.23237272656250002 0.32582144999999996 0.21186925156249997 0.3326559421875 0.2190834375 0.3489827828125
0 0.3041348921875 0.3713847296875 0.35273572343750004 0.349362478125 0.34969817187499996 0.341009209375 0.29616131874999996 0.332276246875 0.2509777328125 0.3520203359375 0.252876203125 0.35999390937500003 0.3041348921875 0.3713847296875
0 0.178270828125 0.5532280140625 0.2865066890625 0.58653135625 0.3374412109375 0.5409841390625 0.33058464062500004 0.5081705515625 0.34429778125 0.49641643125 0.335971946875 0.4895598609375 0.33548219218750003 0.50131398125 0.2840579140625 0.5586153203124999 0.203738090625 0.5336378140625 0.1978610296875 0.5189451625 0.17239376875 0.5424534046875 0.178270828125 0.5532280140625
0 0.32421782656250003 0.60367278125 0.457920946875 0.6433429390625001 0.518160815625 0.5458816890625 0.5171813046875 0.5326583031250001 0.47702139375 0.5238427125 0.47947016875 0.53412756875 0.43686148124999996 0.59877523125 0.34429778125 0.5742874812500001 0.3423387625 0.564982134375 0.3217690515625 0.588000621875 0.32421782656250003 0.60367278125
0 0.5015091453125 0.6482404890625 0.6763516890625 0.70358280625 0.693003359375 0.5747772359375001 0.6773311984375 0.5684104203125 0.6611692828125 0.64873024375 0.5426485671875 0.6168961671875001 0.5460768515625001 0.5385353640625 0.4990603703125 0.635017103125 0.5015091453125 0.6482404890625
0 0.502978409375 0.500334471875 0.47702139375 0.4949471671875 0.48142918906250004 0.5174758984375 0.520609590625 0.52678124375 0.558320728125 0.4724184359375 0.558320728125 0.45968480468750006 0.530894446875 0.45527700937500004 0.502978409375 0.500334471875
0 0.41335324062499995 0.4058117515625 0.4476360921875 0.40972979218749994 0.4549824171875 0.39895518124999996 0.49073453437500003 0.402873221875 0.5088554703125 0.385242040625 0.508365715625 0.37838547031249997 0.4388205015625 0.3685903703125 0.411883975 0.3862215515625 0.41335324062499995 0.4058117515625
0 0.511794 0.3808342453125 0.5377510171875 0.35732600468750003 0.5377510171875 0.34900016875 0.47310335312499996 0.3411640890625 0.44567707187499994 0.3636928203125 0.44567707187499994 0.3676108609375 0.511794 0.3808342453125
0 0.53187395625 0.4082605265625 0.530404690625 0.42295317812500005 0.590644559375 0.4337277890625 0.6097450046875 0.40140395624999997 0.60925525 0.390629346875 0.5328534656249999 0.37936498125 0.508365715625 0.405321996875 0.53187395625 0.4082605265625
0 0.53432273125 0.3813240015625 0.610234759375 0.39356787656250003 0.6263966765625 0.3671211046875 0.6234581453125 0.360264534375 0.555382196875 0.3485104140625 0.5362817515625 0.3734879203125 0.53432273125 0.3813240015625
0 0.6974111546875 0.4337277890625 0.6969214 0.45086921406249997 0.7165116 0.45233847968749996 0.7218989062500001 0.4067912625 0.6322737359375 0.38769081562499996 0.6161118203125 0.42197366875000003 0.6974111546875 0.4337277890625
0 0.7209193953125 0.4082605265625 0.7258169453125001 0.368100615625 0.6469663875 0.360264534375 0.635212265625 0.393078121875 0.7209193953125 0.4082605265625