0 0.030885292187500003 0.5580742421875 0.1333947078125 0.494644303125 0.12809010781250002 0.48554023281249997 0.033301576562500004 0.544294028125 0.0030752125 0.54167398125 0.0038026687500000004 0.553191453125 0.030885292187500003 0.5580742421875
0 0.1520806546875 0.483984884375 0.223027853125 0.43739852187499995 0.2168680859375 0.4293504921875 0.15874693906249998 0.469274896875 0.1184121234375 0.4624034078125 0.127336821875 0.47837319999999994 0.1520806546875 0.483984884375
0 0.23437027968750002 0.43040941874999994 0.28559987656249997 0.3984555484375 0.281979778125 0.3915898296875 0.21813221875000002 0.3862234703125 0.2115175953125 0.392232578125 0.22431204531249999 0.4266357765625 0.23437027968750002 0.43040941874999994
0 0.1959554453125 0.363690534375 0.2048367296875 0.379173846875 0.2094860234375 0.38708446875 0.2222647953125 0.38879564843750003 0.2666871875 0.3646556078125 0.26358803750000004 0.3569638484375 0.2156322 0.3547502859375 0.1959554453125 0.363690534375
0 0.2917639046875 0.3925627765625 0.33779654375 0.3655809953125 0.333902478125 0.357590996875 0.2797460625 0.354502 0.236873815625 0.37886089843750004 0.2395953515625 0.3865923484375 0.2917639046875 0.3925627765625
0 0.3365207859375 0.5185035765625 0.2913678375 0.5808663140625 0.208877153125 0.5644213453125 0.2014964875 0.5504235015625001 0.17862601875 0.576465015625 0.1855971359375 0.58656628125 0.2967212171875 0.60837345625 0.342615734375 0.55775164375 0.3323667703125 0.5258345203125 0.34477615 0.5127113765625 0.33577921875 0.506762653125 0.3365207859375 0.5185035765625
0 0.447532184375 0.6048339031250001 0.352915890625 0.590155840625 0.3499949296875 0.5811062421875001 0.3319439890625 0.606148753125 0.3360175359375 0.6214790906250001 0.47313487812500005 0.6469561500000001 0.522857271875 0.543732021875 0.52050090625 0.5306834625 0.479639515625 0.52611401875 0.4831499359375 0.536086565625 0.447532184375 0.6048339031250001
0 0.5498524796875001 0.5335079203124999 0.5131786484374999 0.6343756828125 0.516996228125 0.6472706640625 0.6966658140625 0.6840337875 0.699762415625 0.554193253125 0.6835105953125 0.5494995031250001 0.675832925 0.63106870625 0.5546339109375 0.6117978078124999 0.5498524796875001 0.5335079203124999
0 0.526050378125 0.45229265781250005 0.5029970546875 0.5000213109375 0.4766191078125 0.497376765625 0.48335765 0.5193213421875 0.5232960906249999 0.52448024375 0.5551181828125 0.46647335468750006 0.5537871562500001 0.45380947968749996 0.526050378125 0.45229265781250005
0 0.42541960312500005 0.3757052453125 0.40047359687500006 0.396055475 0.40398254843750003 0.41538477656249995 0.43848714062500005 0.4156978203125 0.44466696875 0.40421433437500004 0.48063277812500005 0.404373796875 0.4968114859375 0.3849450484375 0.4956077078125 0.37817723281250004 0.42541960312500005 0.3757052453125
0 0.499273178125 0.3802542390625 0.5226307203125 0.35416153125 0.5217604328125 0.34588130625 0.456647821875 0.3448456734375 0.431726678125 0.37011781718750003 0.432136225 0.3740143953125 0.499273178125 0.3802542390625
0 0.49842334062500004 0.40496619687499996 0.5221099609375 0.40543135 0.5221845453125 0.42019709375 0.5832206671875 0.4246158984375 0.5988377171875 0.39047259843750004 0.5972243921875 0.3798082078125 0.5200636984375 0.3765917109375 0.49842334062500004 0.40496619687499996
0 0.5217296874999999 0.37838641875 0.5985056953125001 0.382628253125 0.6118146359375001 0.354636978125 0.6081754953125 0.3481251296875 0.539243834375 0.3435512734375 0.5228588828125 0.370388490625 0.5217296874999999 0.37838641875
0 0.6894023828125 0.41345574999999996 0.690707078125 0.43055446562500005 0.710343540625 0.42996795 0.7109403546874999 0.38410711875 0.6198096203125 0.3744796875 0.607319775 0.410264115625 0.6894023828125 0.41345574999999996
0 0.63155495625 0.34566785 0.6232951796874999 0.3795303203125 0.7101197890625001 0.3856707203125 0.71079265625 0.3452188765625 0.63155495625 0.34566785