0 0.290235134375 0.48906646093750006 0.289923053125 0.49624431874999997 0.3732486234375 0.494371834375 0.3819868859375 0.46909329062499994 0.3801144015625 0.462851675 0.36794325 0.46472415937499995 0.3610774734375 0.48126444062499996 0.3052150125 0.481576521875 0.30303044687499997 0.46940537187500003 0.290235134375 0.48906646093750006
0 0.3991513296875 0.4906268640625 0.47779568906250003 0.48813021875 0.47748360781250004 0.4797040375 0.47233427499999997 0.46035502812500007 0.4687453453125 0.46035502812500007 0.4693695078125 0.476895309375 0.4141312078125 0.47533490624999997 0.41069831875 0.46035502812500007 0.40258421875000006 0.460667109375 0.3991513296875 0.4906268640625
0 0.370751978125 0.54773765 0.37231238125 0.557724234375 0.48060441562499995 0.5521067796875 0.4796681734375 0.5416520734375 0.46968158750000005 0.5043584203125 0.3801144015625 0.5096637937499999 0.370751978125 0.54773765
0 0.49059100000000005 0.4675328859375 0.5002655046875 0.4871939765625 0.577973621875 0.48594565312500004 0.5785977828125 0.4784557140625 0.563305825 0.46129127031249995 0.5617454203125 0.47502282500000004 0.5090037671875 0.477207390625 0.5005775859375 0.4575463015625 0.49059100000000005 0.4594187859375 0.49059100000000005 0.4675328859375
0 0.5139970593750001 0.5521067796875 0.6158914375 0.5461772453125 0.61760788125 0.536502740625 0.5854635609375001 0.499053046875 0.49901718125 0.5052946625 0.497768859375 0.5121604390625001 0.5139970593750001 0.5521067796875
0 0.538127146875 0.6251586515625001 0.6705492671875 0.616070859375 0.6711983953125 0.601465478125 0.6241366125 0.5459650296875 0.51764223125 0.55409600625 0.515590809375 0.565036925 0.538127146875 0.6251586515625001
0 0.3706521125 0.5592721546874999 0.354099346875 0.6215884468749999 0.3544239109375 0.63684295625 0.50015315625 0.6274306000000001 0.4988549 0.612176090625 0.485547775 0.5537545671874999 0.3706521125 0.5592721546874999
0 0.22557199374999998 0.5560265156249999 0.2265456859375 0.565438871875 0.3443624265625 0.5618686671875001 0.35896780625 0.5209736015625 0.3550730390625 0.5099384234375 0.259326653125 0.5128595 0.22557199374999998 0.5560265156249999
0 0.15611529375 0.634895571875 0.15741354999999999 0.65274659375 0.3122305875 0.641386853125 0.34014309374999996 0.5725792796875 0.3359237609375 0.5634914875 0.21129117812499998 0.566737128125 0.15611529375 0.634895571875
0 0.7607780640625 0.5212981640625001 0.8279628171875 0.5612195390625 0.9266302796874999 0.5544036953125 0.9279285359375 0.5453159015625 0.8497086062499999 0.5076664765625 0.7630500125 0.5128595 0.7607780640625 0.5212981640625001
0 0.75104114375 0.5131840640625 0.8331558421875 0.5083156046874999 0.8341295328125 0.5018243234375 0.7792782140625001 0.473587253125 0.7069004375 0.47780658593750003 0.704953053125 0.48527155781250003 0.75104114375 0.5131840640625
0 1 0.482675046875 0.9516217093750001 0.46742053749999996 0.8873580328124999 0.470666178125 0.8828141359374999 0.47780658593750003 0.95097258125 0.5040962718750001 0.9960869796875 0.5005260671875 1 0.49533304375 1 0.482675046875
0 0.7951818515625 0.473587253125 0.7958309796874999 0.482675046875 0.8503577343750001 0.5076664765625 0.9279285359375 0.5031225796875 0.9285776640625001 0.49533304375 0.8643139874999999 0.4716398703125 0.7951818515625 0.473587253125
0 0.9506480171874999 0.5527808750000001 0.9999817484375001 0.5511580546875 0.9999817484375001 0.5206490374999999 0.94837606875 0.5021488875 0.8727526515624999 0.5070173484375 0.8691824484374999 0.5151314484375 0.9506480171874999 0.5527808750000001