0 0.61055979375 0.6614297703124999 0.510041878125 0.6513496015625 0.5052853953125 0.6365038859375 0.496537259375 0.6637118203125 0.49970796718750005 0.675628978125 0.64974246875 0.6915930546875 0.649168953125 0.5751304765625 0.616083015625 0.5734786765625 0.61055979375 0.6614297703124999
0 0.34340967031249997 0.662551696875 0.469773540625 0.67769905 0.5019986765625 0.5814750484375 0.4987870484375 0.571347428125 0.4785735703125 0.5699211140625 0.48121568750000004 0.580862084375 0.45432245625 0.648698203125 0.37141513593750003 0.6394339171875 0.3622470390625 0.615741559375 0.3388561015625 0.6508783765625 0.34340967031249997 0.662551696875
0 0.50171080625 0.5363626546875 0.4715355203125 0.5356726484375 0.4757615046875 0.5582190484375 0.5092798203125 0.56082405625 0.5320052453125 0.5022195421875 0.5318210359375 0.4912323625 0.51689063125 0.49035874062499996 0.50171080625 0.5363626546875
0 0.14544780625 0.6535283953125 0.24257347343750002 0.66320033125 0.31055130625 0.5785844234375 0.30632354375 0.5688111265625 0.2193554484375 0.5656128828125 0.139863003125 0.641740359375 0.14544780625 0.6535283953125
0 0.037949237499999997 0.6446836968749999 0.12234463124999999 0.6545967484374999 0.203109053125 0.57574051875 0.1989100390625 0.5647099171875001 0.122914453125 0.564084965625 0.0323785125 0.6343958578125 0.037949237499999997 0.6446836968749999
0 0.15181954375 0.5547306234375 0.22614302187500002 0.5586557734375 0.2794861 0.5046704125 0.2766153765625 0.496911853125 0.2090636125 0.49730249843749996 0.1469059234375 0.5453287062500001 0.15181954375 0.5547306234375
0 0.241473559375 0.558957946875 0.3258695453125 0.5646132984375 0.3703692640625 0.5059260906249999 0.36721281562499997 0.49796746406250003 0.29045979375000003 0.49872830468749996 0.23920303281250002 0.5503422171875 0.241473559375 0.558957946875
0 0.3087166640625 0.49384065 0.3820563328125 0.4933257015625 0.41247232343749995 0.45456559375000005 0.4114843515625 0.44532014843749995 0.345502665625 0.44871230312500004 0.3072768265625 0.4844607984375 0.3087166640625 0.49384065
0 0.2280859578125 0.493072209375 0.2942198484375 0.492971503125 0.3327207734375 0.45514071562499997 0.328874659375 0.44789781875 0.2713874015625 0.44968513593750004 0.22580306874999997 0.486195921875 0.2280859578125 0.493072209375
0 0.36834053906249997 0.4071794171875 0.4220822421875 0.4040206046875 0.441803771875 0.3827945640625 0.4395049953125 0.376581778125 0.3916497921875 0.379003465625 0.3667626890625 0.399937040625 0.36834053906249997 0.4071794171875
0 0.39981005937499997 0.379219121875 0.4490211390625 0.375956709375 0.464039734375 0.35962104375 0.46290796875 0.3532024828125 0.417884315625 0.3563281875 0.39787138906249997 0.37504860624999997 0.39981005937499997 0.379219121875
0 0.49320014843750004 0.399602840625 0.5014309078125 0.3865698203125 0.498412628125 0.37115836562500004 0.452058821875 0.37527067187499996 0.4340966203125 0.3945319625 0.43519385312500003 0.40246073281249994 0.49320014843750004 0.399602840625