0 0.817101484375 0.487369103125 0.8167217890625 0.48015491718750003 0.77533514375 0.440287046875 0.683069503125 0.4820533875 0.6906633828125 0.49648175937500005 0.780650859375 0.45433572499999997 0.817101484375 0.487369103125
0 0.675475621875 0.4835721640625 0.7685006515625 0.44104643593750004 0.7673615703125 0.4326931671875 0.713065328125 0.3787766203125 0.617002746875 0.43497133125 0.6196606046875 0.44484337500000004 0.675475621875 0.4835721640625
0 0.6033337624999999 0.43383225000000003 0.702813590625 0.3749796796875 0.697497875 0.361690390625 0.626115403125 0.29353531718750003 0.52701526875 0.3708030453125 0.5289137390625 0.3802953953125 0.6033337624999999 0.43383225000000003
0 0.5809318171875 0.448260621875 0.5813115109375 0.44180582343749997 0.5038539359375 0.390547134375 0.4374074859375 0.4440839875 0.435888709375 0.45433572499999997 0.5084102640625 0.4900269609375 0.5809318171875 0.448260621875
0 0.5235980234375 0.49154573749999997 0.5251167999999999 0.50065839375 0.58245059375 0.52913544375 0.65117520625 0.496861453125 0.6523142890625 0.4885081859375 0.59422110625 0.44902000937500003 0.5235980234375 0.49154573749999997
0 0.5938414125 0.5283760546875 0.5923226374999999 0.5352105468749999 0.6002962109375 0.5382480984375 0.6712989890625 0.505214721875 0.69787756875 0.526097890625 0.6963587921875 0.516605540625 0.6621863328125001 0.492305125 0.5938414125 0.5283760546875
0 0.6010555984375 0.5652063734375 0.6021946812500001 0.5471709078125 0.57447701875 0.5340714656250001 0.5190416953125 0.5610297390625 0.5194213890625 0.5663454546875 0.5668831390625 0.5484998375 0.6010555984375 0.5652063734375
0 0.5103087328125 0.563687596875 0.5646049750000001 0.5374887109375 0.56498466875 0.530274525 0.50651179375 0.50065839375 0.45373432812500003 0.5329323828125 0.45373432812500003 0.5405262625 0.5103087328125 0.563687596875
0 0.435509015625 0.5333120765625 0.49132403281250003 0.5021771687500001 0.48942556406250004 0.49192543125 0.41842278593750004 0.4566138890625 0.36678440156250003 0.496861453125 0.368303178125 0.506733496875 0.435509015625 0.5333120765625
0 0.42184003125 0.622160471875 0.4499373875 0.60659301875 0.47765504999999997 0.6172244499999999 0.4818316828125 0.622160471875 0.492842809375 0.6164650625 0.4939818921875 0.6092508765625 0.449178 0.5948225046875 0.4112086 0.610769653125 0.4119679875 0.61684475625 0.42184003125 0.622160471875
0 0.5049930171875 0.611908734375 0.47955351874999996 0.6236792484375 0.482211378125 0.6335512921875 0.5057524046874999 0.6259574125 0.521699553125 0.6293746578125 0.5232183296875 0.62481833125 0.5152447546875 0.621401084375 0.51752291875 0.6172244499999999 0.5049930171875 0.611908734375
0 0.40817104843749996 0.6270964953125 0.4229791140625 0.6289949640625 0.42070094999999996 0.620641696875 0.4024756375 0.6145665921875 0.3724798125 0.6301340468750001 0.3747579765625 0.63620915 0.38463002031250004 0.640006090625 0.40817104843749996 0.6270964953125
0 0.3717204234375 0.6430436421875 0.3842503265625 0.64608119375 0.3850097140625 0.639246703125 0.36564532031249997 0.6320325171875 0.3417245984375 0.6438030312499999 0.339826128125 0.650257828125 0.348938784375 0.65405476875 0.3717204234375 0.6430436421875
0 0.2954019296875 0.6438030312499999 0.3185632640625 0.630893434375 0.320082040625 0.6244386359375 0.2680639625 0.6088711828125 0.244143240625 0.6244386359375 0.244143240625 0.6320325171875 0.2954019296875 0.6438030312499999
0 0.35311541874999997 0.6130478171875 0.35463419375 0.6062133249999999 0.30090749375 0.5902661765625 0.27603753593749997 0.6069727125 0.32615714375 0.6267168 0.35311541874999997 0.6130478171875
0 0.36222807343749996 0.6077321 0.39715992187500004 0.5902661765625 0.3982990046875 0.5811535203125 0.3375479640625 0.562928209375 0.30679275 0.5841910734375 0.30565366875 0.5902661765625 0.36222807343749996 0.6077321
0 0.28856743906250004 0.5857098484375001 0.3223602046875 0.564446984375 0.32311959218749997 0.5579921875 0.25211681406249997 0.5333120765625 0.22250068281250002 0.5602703515624999 0.2221209890625 0.56786423125 0.28856743906250004 0.5857098484375001
0 0.28590958125 0.5921646468749999 0.2870486625 0.58684893125 0.21832404843750003 0.5667251484375 0.1980104203125 0.58760831875 0.196681490625 0.59634128125 0.2608497765625 0.6096305703125 0.28590958125 0.5921646468749999