0 0.24324568124999998 0.498569515625 0.20391185156249997 0.472923365625 0.2027074171875 0.4602430609375 0.180838253125 0.46881580156249997 0.1827438390625 0.4792456453125 0.238055 0.516624603125 0.25221468593749996 0.5102914671875001 0.250577165625 0.50286833125 0.26800791875 0.497574071875 0.26577202187500004 0.49156436406250004 0.24324568124999998 0.498569515625
0 0.3166487484375 0.5460291953125 0.2684523984375 0.509523825 0.2465538328125 0.516606059375 0.256679328125 0.5310189750000001 0.3192486015625 0.5750242937500001 0.40502150937500003 0.5269296453125001 0.40348676406250006 0.518669475 0.379076553125 0.5012281328125 0.377435859375 0.51632048125 0.3166487484375 0.5460291953125
0 0.3788482140625 0.46848835468749994 0.3783528828125 0.4811723703125 0.3784742015625 0.48883416718749995 0.4262297828125 0.5150895484375 0.48520693281250005 0.4828220484375 0.4846615328125 0.4725592140625 0.4685099078125 0.4648408671875 0.4684659375 0.46865891875 0.42508017656249997 0.49158286562500003 0.3788482140625 0.46848835468749994
0 0.47053600937500006 0.44660963281250005 0.468682346875 0.4599765203125 0.5000677703124999 0.474238446875 0.546247271875 0.449320975 0.5465701671875001 0.44150130781249997 0.5327479390625001 0.43470621718749997 0.5311694921875 0.44237172343750003 0.4994580015625 0.4584449484375 0.47053600937500006 0.44660963281250005
0 0.55683261875 0.5066979625 0.6412747640625 0.5438303062500001 0.6762347984375 0.5064897328125 0.6769248203125 0.49913997187500003 0.6005227296875 0.46745551562500004 0.5585358265625 0.49628639531249996 0.55683261875 0.5066979625
0 0.484079734375 0.5594712687500001 0.5774046671875 0.6107577359375 0.6282019015625 0.5568817187499999 0.6287303453125 0.547387978125 0.5430509203125 0.5064926796875 0.484694396875 0.54754535625 0.484079734375 0.5594712687500001
0 0.38127486718750003 0.6338319109375 0.4886298328125 0.709250715625 0.5653598234375 0.6275464109375 0.5669528390624999 0.614572346875 0.46855972812499996 0.559583584375 0.38237228125 0.6214342359375 0.38127486718750003 0.6338319109375
0 0.6040761984375 0.6218919015625 0.726244321875 0.69084539375 0.7637437968749999 0.606873153125 0.6538525640625 0.5555705328125 0.6534340453125 0.5555191453125 0.6063814890625 0.6117666765625 0.6040761984375 0.6218919015625
0 0.7710273359375 0.601182628125 0.7934681078125 0.5429752203125 0.70120629375 0.5055199828125 0.667399040625 0.5438517546875 0.66329120625 0.5548177265625001 0.7710273359375 0.601182628125
0 0.73827585625 0.40428943124999994 0.7972358015625 0.424061221875 0.8075112140625 0.4113035671875 0.8074155890625001 0.4034325109375 0.7525711609375 0.38820190781249997 0.7400966734375001 0.39983989375 0.73827585625 0.40428943124999994
0 0.78041481875 0.44514898125 0.7929735390625 0.424175125 0.7337786390625001 0.40458689843749995 0.717096984375 0.41762003437499995 0.715856265625 0.4242649390625 0.78041481875 0.44514898125
0 0.6903603015625001 0.4485358203125 0.7631644609375 0.4731936765625 0.77778636875 0.45098625156249994 0.779133571875 0.4452040765625 0.713238671875 0.42309388437499995 0.6929850453124999 0.44099878593749997 0.6903603015625001 0.4485358203125
0 0.613025815625 0.420985159375 0.67591400625 0.4433634171875 0.69637689375 0.425484209375 0.6985868265625 0.4195955515625 0.6404125281249999 0.40034505468750003 0.6159406078125 0.41454580625000004 0.613025815625 0.420985159375
0 0.6454127625 0.4028707296875 0.7011273375 0.421394384375 0.7180145437500001 0.40668717499999996 0.7191524874999999 0.4008793078125 0.6660592140625 0.38522647656250003 0.644799553125 0.3974850890625 0.6454127625 0.4028707296875
0 0.6706372203125001 0.386000996875 0.72357633125 0.402909384375 0.7381947984375 0.391109815625 0.73839293125 0.3860362109375 0.690086921875 0.3711835953125 0.6721973921875 0.3819442859375 0.6706372203125001 0.386000996875