0 0.34785272031250003 0.64880374375 0.47027100937500005 0.5970646937499999 0.470732965625 0.5850538421875 0.4032874171875 0.53747239375 0.295189759375 0.5762766828125 0.2928799796875 0.5924451359375 0.34785272031250003 0.64880374375
0 0.49290684375 0.58320601875 0.5816023578125 0.5485593343749999 0.5811404015625 0.53793435 0.5099992078125 0.5055974437499999 0.4296188984375 0.531928925 0.42730911875000005 0.542091953125 0.49290684375 0.58320601875
0 0.6051621046875 0.540706084375 0.66706418125 0.5129887375 0.6689120046875 0.5042115765624999 0.5959229875000001 0.47880400781250004 0.5340209109375 0.49866810624999997 0.5340209109375 0.5074452671875 0.6051621046875 0.540706084375
0 0.7335858171874999 0.5942929578125 0.79040638125 0.5559506265625 0.794102028125 0.547173465625 0.6901619718750001 0.51160286875 0.62918380625 0.5360865265625 0.6277979390625 0.5499452015624999 0.7335858171874999 0.5942929578125
0 0.5146187671875 0.5966027375 0.62225446875 0.6622004609375 0.7091021609375 0.6076896765625001 0.7072543375 0.5947549140625 0.6042381921875 0.547173465625 0.5169285453125 0.5855157984375 0.5146187671875 0.5966027375
0 0.4171460921875 0.7407329484375 0.49105902031250004 0.73934708125 0.521548103125 0.735189478125 0.5922273421875001 0.6857602078125 0.5922273421875001 0.6723634890625 0.48782532968750003 0.5979886046875 0.3607874828125 0.6557330796875 0.3580157484375 0.670977621875 0.4171460921875 0.7407329484375
0 0.27301588125 0.54532564375 0.372336378125 0.51807025 0.3714124671875 0.5083691781249999 0.34785272031250003 0.4912768140625 0.34785272031250003 0.5051354875 0.281331084375 0.5217658968750001 0.25592351562500004 0.5000539749999999 0.24021701874999998 0.5037496203125 0.24021701874999998 0.5120648250000001 0.27301588125 0.54532564375
0 0.3552440140625 0.48434747656250005 0.39312438906249997 0.5102170015625 0.4721188328125 0.488967034375 0.4725807875 0.4806518296875 0.45641233437500006 0.4723366265625 0.45548842343749996 0.4783420515625 0.40236350625000006 0.4912768140625 0.3746461578125 0.47279858125 0.356167925 0.4778800953125 0.3552440140625 0.48434747656250005
0 0.628918809375 0.447275325 0.6667725156250001 0.436557709375 0.6679126875 0.43085684999999996 0.6293748781249999 0.440662328125 0.5801194515625 0.42948864374999995 0.5805755203125 0.434733434375 0.628918809375 0.447275325
0 0.70348605 0.46688628281250005 0.742935996875 0.45274815 0.74225189375 0.44545104999999996 0.68159475 0.431997021875 0.6441971125 0.44431087812500003 0.643513009375 0.450695840625 0.70348605 0.46688628281250005
0 0.799944590625 0.4903738234375 0.8343777812500001 0.47418338281250005 0.8341497468749999 0.46825448906249995 0.757986265625 0.44864353125 0.7224129031250001 0.46369380156249995 0.720132559375 0.47053483281249997 0.799944590625 0.4903738234375
0 0.7668796062500001 0.450695840625 0.8405347093750001 0.4689385921875 0.8678988343749999 0.45548456249999997 0.8681268687499999 0.450695840625 0.7981203156250001 0.43450540000000004 0.768475846875 0.444766946875 0.7668796062500001 0.450695840625
0 0.876792175 0.45252011562499994 0.8987290828125 0.44225856874999997 0.9005533578125 0.435189503125 0.8319150093750001 0.42310368125000003 0.807241690625 0.43222505624999996 0.8065575875000001 0.436101640625 0.876792175 0.45252011562499994