0 0.5104714515625 0.48380646875 0.48162460156250003 0.487273315625 0.48088602031249994 0.5037709984375 0.508364615625 0.49983205625 0.5291598328125 0.54006184375 0.5278616484375 0.5508723390625 0.5560702656250001 0.5466448749999999 0.5589946296875 0.5373862093749999 0.5266542984375 0.4760601578125 0.5114024859375 0.47719252343749996 0.5104714515625 0.48380646875
0 0.3313784921875 0.4001267109375 0.3501757828125 0.42291462500000004 0.3522957765625 0.410766471875 0.448859890625 0.394547478125 0.4861705484375 0.45947988124999994 0.48243753125 0.4739536390625 0.52075721875 0.47096316875 0.5241099250000001 0.456808528125 0.47653918281249996 0.35609193281249996 0.3343202953125 0.3866408984375 0.3313784921875 0.4001267109375
0 0.5541319437500001 0.387547678125 0.6754993359375 0.365746125 0.688260359375 0.4454454046875 0.6996653328125 0.443976484375 0.6922543109375 0.31118208125 0.512974765625 0.3504699 0.513635034375 0.3670899671875 0.553481503125 0.4674831640625 0.5541319437500001 0.387547678125
0 0.21296637812500002 0.440511065625 0.2918918828125 0.4245108421875 0.3351562140625 0.4737542125 0.3448123078125 0.443941134375 0.300664975 0.3967348484375 0.1870044171875 0.42308694375 0.1828473390625 0.434352096875 0.204914428125 0.4560165234375 0.21296637812500002 0.440511065625
0 0.0013076609375 0.4632228875 0.00023680625 0.47546282812499996 0.0364450578125 0.46841134687499997 0.040444878125 0.46699933906249996 0.13478040625 0.52458714375 0.1396806625 0.516910903125 0.038123551562500003 0.4572817359375 0.0013076609375 0.4632228875
0 0.1325554671875 0.533907 0.1284727390625 0.5483501625 0.1625521203125 0.54146481875 0.2256974375 0.576942415625 0.22974529062500001 0.5709535484375 0.15942642499999998 0.5288577265625001 0.1325554671875 0.533907
0 0.21950359375 0.6155157484375 0.230934884375 0.621801696875 0.2904209015625 0.6185487046875 0.2926764375 0.6088791328125 0.2393056328125 0.57848536875 0.2324469234375 0.5803520343749999 0.21950359375 0.6155157484375
0 0.248695878125 0.620184078125 0.2458938953125 0.6280438921875 0.28900493125 0.650844646875 0.34277316406249997 0.64850096875 0.34502869999999997 0.6388314 0.3064027359375 0.61712781875 0.248695878125 0.620184078125
0 0.2167759625 0.6265535718749999 0.20676127812499998 0.6443540375000001 0.2261135734375 0.6527425421874999 0.272212146875 0.6474373265625 0.27530922812499997 0.64224625 0.2310878625 0.620053134375 0.2214620484375 0.6213253203125 0.221702534375 0.6266322015625 0.2167759625 0.6265535718749999
0 0.43962579843749994 0.6330119984375 0.46459553124999997 0.6577494875000001 0.528020175 0.6537839125 0.5297118265625 0.646531734375 0.5098348046875001 0.6240017453125 0.44110327812500005 0.628207809375 0.43962579843749994 0.6330119984375
0 0.5287018453125001 0.6298810703125 0.5481373703125 0.6534296015625001 0.6173847453125 0.65138300625 0.618119046875 0.6429899046875 0.6073519875 0.6170282609375 0.5290252421875 0.6221567968749999 0.5287018453125001 0.6298810703125
0 0.6410296609375 0.6509849421875 0.718761925 0.648623509375 0.7187046968749999 0.613027175 0.6436477484375 0.6170322234375 0.6318318703125 0.6191699734375 0.6410296609375 0.6509849421875
0 0.6960079359375 0.57439296875 0.6965806984375 0.5839575921875 0.615836559375 0.5885222453125001 0.626708565625 0.617312184375 0.7176861546875 0.6125856734374999 0.71431965625 0.566480521875 0.69906784375 0.5676128874999999 0.7006459890625 0.573741578125 0.6960079359375 0.57439296875
0 0.5254363296875 0.6228999765625 0.6042045734375 0.6167528984375 0.606442671875 0.611310475 0.5901762796875001 0.5757055796875 0.5291996234375 0.579885328125 0.5286183015625 0.5865298671875 0.50496910625 0.5950325125 0.5254363296875 0.6228999765625
0 0.43969523437499997 0.58791223125 0.40922220468750004 0.5898272484375 0.409370903125 0.596183265625 0.404544996875 0.6070375140625 0.429470975 0.6282472828125 0.5013499140625 0.6243165828125 0.5031639484375 0.6156655546875001 0.487754559375 0.5984598859375 0.4814291375 0.5982588718749999 0.453526478125 0.5989892109375 0.4490282484375 0.5940146046875 0.43969523437499997 0.58791223125