0 0.3208995140625 0.5654654765625 0.3199369578125 0.57974629375 0.334522409375 0.558048809375 0.39905770937499996 0.564928009375 0.40024961093750006 0.557214815625 0.33417838906249997 0.5481973734375 0.3208995140625 0.5654654765625
0 0.39890944687499996 0.57114350625 0.3984136921875 0.5883305265625001 0.416007275 0.5690851859375 0.47051276093750005 0.571200253125 0.4732405828125 0.565625303125 0.41562503125 0.558139146875 0.39890944687499996 0.57114350625
0 0.4803004890625 0.56903189375 0.47325795781249996 0.5765840843750001 0.47527805624999997 0.5925873078125 0.5076030421875 0.597668815625 0.532282015625 0.582559803125 0.531259225 0.5741933218749999 0.4803004890625 0.56903189375
0 0.49738111875 0.596242825 0.47329926718750004 0.5921479359374999 0.47476178750000003 0.61282741875 0.49677936718750004 0.600212515625 0.49738111875 0.596242825
0 0.4980415640625 0.6292899328125 0.518216325 0.6204412687499999 0.5188008609375 0.61597859375 0.47986925312500006 0.6106747234375 0.461864403125 0.6251238375 0.4980415640625 0.6292899328125
0 0.485850784375 0.6052832046875001 0.48656756718749994 0.6116747734375 0.5245046015625 0.616766584375 0.548757821875 0.6045671968749999 0.549307928125 0.5991185546875 0.5059911140625 0.5954485734375 0.485850784375 0.6052832046875001
0 0.5169110890625 0.5901313921875 0.516853965625 0.5955628171875 0.5590502203125001 0.60248023125 0.5899587187499999 0.5900484359375 0.5897263109375 0.5833931609375 0.5425571828125 0.5754154421875 0.5169110890625 0.5901313921875
0 0.5786192875 0.5374539078125 0.578918165625 0.5460126484375001 0.633079371875 0.55563613125 0.6783073890625 0.5318304281249999 0.6783039921875 0.5240647296875001 0.6232656828125 0.5123295828125001 0.5786192875 0.5374539078125
0 0.641958215625 0.5491669781249999 0.64198029375 0.5574675984375 0.6878128609374999 0.566310775 0.7369067453125 0.5458513015625 0.7360542671875 0.5367763203125 0.6888843953125 0.5279798437500001 0.641958215625 0.5491669781249999
0 0.707749284375 0.5160740203125 0.7059925375 0.5271146265625 0.7540675296875 0.53882515 0.8165964296875 0.5120052078125 0.8170719140625 0.502616065625 0.765426534375 0.48835235312499997 0.707749284375 0.5160740203125
0 0.6375744015625 0.500315078125 0.6384829203125 0.510994825 0.693567928125 0.5240672749999999 0.7555958687500001 0.49057015625 0.7566716546875 0.48303455624999997 0.6934881078124999 0.46810262031249994 0.6375744015625 0.500315078125
0 0.7163649078125001 0.45605669843749996 0.7174194671875 0.463250115625 0.7792784484374999 0.4862619125 0.8664442937500001 0.44412114062499997 0.862152184375 0.4362374203125 0.80468125625 0.4085200140625 0.7163649078125001 0.45605669843749996
0 0.7903477484375 0.47577658125 0.78969586875 0.4853236015625 0.8426189296875 0.5054798 0.9330490203125 0.4711217671875 0.9290054890624999 0.4587829109375 0.87628445 0.43500700937500003 0.7903477484375 0.47577658125
0 0.364760196875 0.50163583125 0.363546803125 0.5115573343750001 0.3783416796875 0.5183200453125 0.397525225 0.48697284218750003 0.41375111875000004 0.4900459 0.4161779109375 0.4702028953125 0.3915884765625 0.4658620359375 0.364760196875 0.50163583125
0 0.399389828125 0.4510308890625 0.40086371249999997 0.46345832187499997 0.4145111375 0.4671413765625 0.440264503125 0.430365209375 0.4881211625 0.44585250624999995 0.4874798375 0.4125978328125 0.4390675875 0.396090028125 0.399389828125 0.4510308890625
0 0.6193428265625001 0.3471584359375 0.510712428125 0.3036360609375 0.4487170640625 0.3895136125 0.450492646875 0.39569105625 0.48840966874999997 0.4094456375 0.48474969218749997 0.393974821875 0.528062696875 0.338907015625 0.6038060671875 0.3638195703125 0.6057448671875 0.3746709046875 0.61977806875 0.3596221359375 0.6193428265625001 0.3471584359375
0 0.7336132171874999 0.3884040390625 0.6440048 0.353576578125 0.608366203125 0.39017799062499997 0.6127993921875 0.412901165625 0.6467052734375 0.386239390625 0.7051659734375 0.4075958359375 0.7056556203125 0.4216175015625 0.7325449015625 0.40248011093749997 0.7336132171874999 0.3884040390625