0 0.623447975 0.4669965140625 0.610601471875 0.47017581875000003 0.59320516875 0.4406396234375 0.5767603296875 0.4441487046875 0.57655045625 0.45332691875000003 0.595527846875 0.48837375625 0.62424528125 0.48361480468750007 0.623447975 0.4669965140625
0 0.6620651984375 0.5235662828125001 0.649844709375 0.525111671875 0.6244358625 0.48815180312499995 0.6069481437500001 0.49093065312500006 0.607381415625 0.50030016875 0.6395329234375 0.5513064671875 0.6624092171875 0.5497104140625 0.6620651984375 0.5235662828125001
0 0.8354831765625 0.6136519328125 0.7968987703125 0.5710928921875 0.7950949140625 0.6049287171875 0.6984338421875 0.624410325 0.6621986203125 0.56406876875 0.6625648187500001 0.5557771140625001 0.647284928125 0.55725254375 0.6466574671875 0.56924675 0.6978734546875 0.654065703125 0.836645959375 0.6271587109375 0.8354831765625 0.6136519328125
0 0.5276710171875 0.6910852421875 0.6703723546875 0.662266665625 0.644705853125 0.6031086265625001 0.644248959375 0.6385351859374999 0.5466756390625 0.6554352875 0.5323623625 0.581172975 0.50736460625 0.5880184093749999 0.5276710171875 0.6910852421875
0 0.5304686249999999 0.5738892203125 0.5260737078125 0.5524205624999999 0.5212240609375 0.55083803125 0.511391346875 0.5071704796875001 0.49249526875000005 0.512330609375 0.505627915625 0.5764410671875 0.5304686249999999 0.5738892203125
0 0.4996948234375 0.49095048124999996 0.4921719875 0.46211097968750003 0.4805254078125 0.46172693125000003 0.4890018734375 0.5080712796875 0.5096710625 0.502598503125 0.5069264703125 0.4887612265625 0.4996948234375 0.49095048124999996
0 0.4156147609375 0.47896186093750004 0.3357375890625 0.4942651890625 0.32385895625 0.5374951390625 0.3260132328125 0.5462564875 0.41508646562499996 0.5278081125 0.4156147609375 0.47896186093750004
0 0.32156909375 0.503771734375 0.3163725421875 0.49676564843750004 0.23708640937499997 0.5119647609375 0.2085195265625 0.5590514203125 0.2130379546875 0.5673959046875 0.3020590796875 0.5486520109375 0.32156909375 0.503771734375
0 0.30019671406250004 0.565739271875 0.297138753125 0.5553090265625 0.1982441609375 0.573356225 0.1569149765625 0.6431085828125 0.1615547484375 0.6538693265625 0.27595551406249996 0.63217385 0.30019671406250004 0.565739271875
0 0.26366218125 0.6574992187500001 0.258100875 0.6484245 0.13450790625 0.6705219828125 0.0557812515625 0.7873945359375 0.0654269921875 0.8006243671875 0.219658990625 0.7682490890625 0.26366218125 0.6574992187500001
0 0.2852061 0.636941565625 0.2496251953125 0.7462063609375 0.25530784687499997 0.7576973375 0.4046148140625 0.728323421875 0.4108172875 0.6269812 0.40577778125 0.6156815265625 0.2852061 0.636941565625
0 0.4174827109375 0.546582121875 0.41426842500000005 0.5352653187499999 0.31872875624999997 0.55333036875 0.296504078125 0.619104671875 0.29773681875 0.6295520453125001 0.4132154453125 0.6070571 0.4174827109375 0.546582121875
0 0.46086989218749996 0.4280184921875 0.45884627343749995 0.3994600421875 0.400813940625 0.4105749453125 0.39787227187499996 0.43882196562500003 0.46086989218749996 0.4280184921875
0 0.3898090640625 0.4207424875 0.3877761328125 0.414397396875 0.32929838437500003 0.4231850671875 0.31853475468750003 0.44854541406250004 0.3199766484375 0.4549947203125 0.384834465625 0.44264441718749997 0.3898090640625 0.4207424875
0 0.395478915625 0.3993273796875 0.3935851796875 0.392043625 0.34127834687499997 0.40126673124999995 0.3342879453125 0.4186487921875 0.3354693 0.423620503125 0.3910789484375 0.41411972812500003 0.395478915625 0.3993273796875
0 0.397967296875 0.3806061984375 0.396229884375 0.37420900156250003 0.349920515625 0.38115576406249996 0.34360823906250004 0.397199425 0.3448245734375 0.4006414359375 0.3951669890625 0.3923741234375 0.397967296875 0.3806061984375
0 0.4074074921875 0.3719333796875 0.405301715625 0.3893682703125 0.455487809375 0.3802144 0.4526739796875 0.364256384375 0.4074074921875 0.3719333796875
0 0.404867003125 0.3903590421875 0.4024828375 0.40967126093750006 0.45842298125000003 0.3985886765625 0.45430573281250003 0.38042283125 0.404867003125 0.3903590421875
0 0.4763410859375 0.4258999171875 0.5376005703125 0.413879390625 0.533604665625 0.39812980468750003 0.5334469000000001 0.4076035359375 0.4734215984375 0.4197111515625 0.4763410859375 0.4258999171875