0 0.4001577125 0.4197739171875 0.47686295625 0.4010462640625 0.51794396875 0.46871772187499994 0.5353071500000001 0.4669599265625 0.5384570515625 0.4575058328125 0.48662789218749997 0.3582813875 0.3687054125 0.3942090140625 0.36585165937499997 0.4040860484375 0.393646 0.4356789609375 0.4001577125 0.4197739171875
0 0.34477063281250003 0.4374411453125 0.38017966875 0.47630829218750004 0.3888260515625 0.45039941875 0.3499474921875 0.4038767734375 0.2575083125 0.429839615625 0.253575925 0.439526459375 0.27741440625 0.4641195640625 0.28299599999999997 0.45138701875000004 0.34477063281250003 0.4374411453125
0 0.5660491390625 0.5554224062500001 0.5825664374999999 0.5542569046875 0.584045415625 0.5437667359375 0.5492885578125 0.48017617812499996 0.512490046875 0.48703361875000006 0.510441371875 0.5070621171874999 0.5382730046875001 0.5027015234375 0.5660491390625 0.5554224062500001
0 0.11549616874999999 0.3080404734375 0.1375577703125 0.33009593125 0.2158878703125 0.2853334875 0.2334647171875 0.2991837125 0.2492394546875 0.2812047640625 0.223433025 0.24885020781249997 0.123933275 0.298035765625 0.11549616874999999 0.3080404734375
0 0.009873140625 0.40026230937499996 0.0799649515625 0.45488375000000003 0.1474905296875 0.429347359375 0.15298788593749998 0.41919501718749996 0.040842232812500004 0.3256469359375 0.0213480484375 0.3351848734375 0.009873140625 0.40026230937499996
0 0.253163515625 0.5154518515625 0.2574980046875 0.5076895218749999 0.180167340625 0.43955783281249994 0.1114354578125 0.4593206828125 0.1067205859375 0.46924027500000004 0.1865246234375 0.529652190625 0.253163515625 0.5154518515625
0 0.331466859375 0.582272159375 0.33298839375 0.5736431078125 0.277274671875 0.5237812468749999 0.21294067656250001 0.5354222203125001 0.2099175671875 0.544157228125 0.2688663078125 0.588287228125 0.331466859375 0.582272159375
0 0.4505914796875 0.674085040625 0.45691036875 0.640351315625 0.4479426125 0.6365457234375 0.3911364421875 0.6391338281250001 0.3912432734375 0.6469378375 0.4253608921875 0.6763092109375 0.4505914796875 0.674085040625
0 0.5438765421875 0.6475299046874999 0.529281125 0.6293859937499999 0.4625562375 0.6335616640625 0.46327620156249993 0.6399908953125 0.5232548703125001 0.638332909375 0.54201718125 0.6601773359374999 0.5438765421875 0.6475299046874999
0 0.3230168140625 0.6512194625000001 0.361427240625 0.6772698265625 0.4114446359375 0.6753382890624999 0.41319892031250005 0.6674917234375 0.37762228750000004 0.640087421875 0.3254267890625 0.6438592328125 0.3230168140625 0.6512194625000001
0 0.1407618671875 0.5579137859375 0.20508204531250002 0.59891296875 0.2567694875 0.5917150703125 0.26021553750000004 0.5826839171875 0.1986865953125 0.5384696796874999 0.144017725 0.5499612640625 0.1407618671875 0.5579137859375
0 0.0369951890625 0.49253516406250003 0.12100691718750001 0.5459038390625001 0.1750200984375 0.533925915625 0.17907927968749998 0.523519984375 0.099613946875 0.465392125 0.042492545312500005 0.4823828234375 0.0369951890625 0.49253516406250003