0 1 0.4789998875 0.9510910046875001 0.46805615781250004 0.8483816140625 0.5269719765625 0.8527266796875 0.5330712875 0.948220871875 0.4831718921875 1 0.494077546875 1 0.4789998875
0 0.758367234375 0.5828714046875 0.82107651875 0.5503238031250001 0.8601069953125 0.5564376890625 0.8529771875 0.5402911140625 0.8301971921875 0.536948084375 0.7559796000000001 0.57736313125 0.758367234375 0.5828714046875
0 0.7105794140625 0.655277140625 0.7528817625 0.6595801953125 0.777297865625 0.646772021875 0.769969503125 0.6283559515625 0.75148261875 0.6261618999999999 0.7076811609375 0.6482889609375 0.7105794140625 0.655277140625
0 0.697454546875 0.6228847125 0.7490334296875 0.6286630421875 0.76779465625 0.6209233390625 0.756906190625 0.58795410625 0.74729873125 0.582696340625 0.6951473296875 0.613939103125 0.697454546875 0.6228847125
0 0.6436908703124999 0.653125096875 0.695695328125 0.65505475 0.7397284328125 0.635575434375 0.735463784375 0.6260387890625 0.684509028125 0.618681278125 0.6412181921875 0.6422882421875 0.6436908703124999 0.653125096875
0 0.585221028125 0.5923550390625001 0.554882646875 0.5902705015625 0.5433820359375 0.6016158765624999 0.511798475 0.6000710781249999 0.5048458203124999 0.5993869578125001 0.486526084375 0.6164985296875 0.4878138984375 0.6262942640625 0.55823290625 0.633488203125 0.5886678015625 0.6071314875 0.585221028125 0.5923550390625001
0 0.45841805 0.6557183015625 0.5221158765625 0.65923536875 0.5489709703125001 0.6353571312499999 0.5478434171875 0.63067161875 0.4803147296875 0.6243800046875 0.4574745125 0.647667778125 0.45841805 0.6557183015625
0 0.4673685296875 0.5803023375 0.4016054234375 0.5750522953125 0.3844684015625 0.608844671875 0.3866612 0.6175035234374999 0.4641810765625 0.6231602281249999 0.48705099374999994 0.597477778125 0.4693476109375 0.5947208796875 0.4673685296875 0.5803023375
0 0.369998959375 0.6512543625 0.44016864843750003 0.6549228375 0.4618308421875 0.629106840625 0.459121721875 0.6200147453125 0.38357511718750004 0.6177735203125 0.368693415625 0.6418002609375 0.369998959375 0.6512543625
0 0.275085190625 0.5643534531250001 0.2710430875 0.61111344375 0.3648301640625 0.616782203125 0.3768394984375 0.58726576875 0.30174400156250003 0.5792440859375 0.3013851171875 0.5642053796875001 0.275085190625 0.5643534531250001
0 0.358601503125 0.627613084375 0.35960756250000003 0.617239121875 0.26936058125 0.6110214375 0.2671197890625 0.6482947234374999 0.3499632046875 0.6491799359375 0.358601503125 0.627613084375
0 0.8091402546875001 0.431041353125 0.7058436328125001 0.4051253828125 0.6635942359375 0.4476054734375 0.6723074203125 0.4760506828125 0.7102386734375 0.4334695671875 0.7889451203125 0.451960665625 0.794676725 0.468217625 0.8164399781249999 0.44333062500000003 0.8091402546875001 0.431041353125
0 0.6580052265624999 0.42750554531249996 0.675040428125 0.4087779359375 0.67305076875 0.39698171718749997 0.5403885296875 0.3583129296875 0.48211329843749995 0.452949140625 0.4843523921875 0.4675964078125 0.520037875 0.47596581406249994 0.517899803125 0.457000403125 0.5613373546875 0.39526389375000004 0.6544058765625 0.4192018375 0.6580052265624999 0.42750554531249996
0 0.49891780781249995 0.34949204375 0.323359321875 0.3021270875 0.303471778125 0.436019053125 0.323310209375 0.44385964843750003 0.33996006093750003 0.360526175 0.4604461125 0.3858958890625 0.46105720625 0.44760913437500005 0.50154893125 0.3631473890625 0.49891780781249995 0.34949204375
0 0.46610491249999997 0.538141740625 0.4979836125 0.49752659218749995 0.52645833125 0.5055692328125 0.5220632890625 0.4772250484375 0.47522305156250005 0.472704428125 0.43916255625 0.5366683984375 0.43947725625 0.5457382875000001 0.47150393749999997 0.550597303125 0.46610491249999997 0.538141740625