0 0.34043334999999997 0.4355262796875 0.405346153125 0.43478110000000003 0.4040154546875 0.429352115625 0.3434866859375 0.43136187656249997 0.32900364843749996 0.4117894984375 0.32791794375 0.416195496875 0.34043334999999997 0.4355262796875
0 0.420186484375 0.43369810781250007 0.4769117703125 0.4301319046875 0.477216084375 0.42617467812500004 0.42381403281249996 0.42633590625 0.40793146562500004 0.41076784999999993 0.40613659843749994 0.4179919328125 0.420186484375 0.43369810781250007
0 0.4866557328125 0.42914944374999997 0.5395650812499999 0.4285645765625 0.5392793328125001 0.42054030937500003 0.5140293453125 0.40436679687500005 0.4826917078125 0.40523989687500006 0.481253121875 0.416956246875 0.4866557328125 0.42914944374999997
0 0.5125319937499999 0.3840284203125 0.5216075515624999 0.384053325 0.5210772640625 0.38689337031250004 0.5292804062500001 0.38662958281250004 0.53019040625 0.3836545890625 0.5106707796875 0.37108983125 0.47535395312500006 0.3718374953125 0.4877844484375 0.3829870984375 0.48763704687500004 0.3871451640625 0.49385376406250003 0.388271625 0.49594683437500003 0.38453403124999996 0.5048654781249999 0.384358096875 0.5044010828125 0.386661515625 0.512089559375 0.3861529640625 0.5125319937499999 0.3840284203125
0 0.517967778125 0.406302953125 0.5586225687499999 0.403487125 0.5598903187500001 0.40055605625 0.5343767734375 0.38652905 0.49626382968750005 0.38638867656250003 0.4947105578125 0.391645128125 0.517967778125 0.406302953125
0 0.5513206015625001 0.4274659609375 0.5947934734375 0.42535929375 0.5972630859375 0.420033784375 0.56691673125 0.40396080312500005 0.5244480546875 0.4052829078125 0.5237891593749999 0.4106491765625 0.5513206015625001 0.4274659609375
0 0.6223575343750001 0.4981043515625 0.6784739625 0.4921029484375 0.6804257421875 0.48507970624999996 0.6347178234374999 0.4565893703125 0.581817984375 0.4615331421875 0.5804216249999999 0.46699043125 0.6223575343750001 0.4981043515625
0 0.6903141640625 0.4888358640625 0.7390120125 0.4841024421875 0.740960621875 0.47562623125 0.692626178125 0.45226056718749996 0.6458488640625 0.45614036875 0.6458395828125 0.4621311125 0.6903141640625 0.4888358640625
0 0.7666602984375 0.53397973125 0.8155055484375 0.525088246875 0.8191079640625001 0.5164519515625 0.7561118359375001 0.48384159687499995 0.7061462359374999 0.4915060859375 0.7059392859375 0.4991067125 0.7666602984375 0.53397973125
0 0.8732868968749999 0.59573320625 0.9234205015624999 0.5790107296875 0.9273367406249999 0.5707761140625001 0.841739346875 0.5270383453124999 0.790745778125 0.5389343515625 0.7898452890625001 0.54626825 0.8732868968749999 0.59573320625
0 0.7927358453125 0.617073215625 0.8562015640625 0.59853784375 0.8602715484375001 0.589051096875 0.7764721906250001 0.539542215625 0.7145597421875001 0.5528211359374999 0.7131916859375 0.5610054859375 0.7927358453125 0.617073215625
0 0.6937549296875 0.5495403375000001 0.7550021421875 0.5387217484375 0.7554318953125 0.5307853328125 0.695153315625 0.493787771875 0.6378318546874999 0.500730646875 0.6363539828125 0.509809375 0.6937549296875 0.5495403375000001
0 0.6036313265625 0.6032958578125001 0.59844439375 0.623358225 0.63144920625 0.6591858562499999 0.7200639203125 0.6310283328125 0.7230794421875 0.619777965625 0.6994110328125 0.6010750609375 0.6958432609375 0.6153443484375 0.6337363171875 0.6316861171875 0.6036313265625 0.6032958578125001
0 0.606513503125 0.66411331875 0.6087883890625 0.65150100625 0.5949456828125 0.6385438546875 0.59365596875 0.6416537984375 0.5158928859375 0.6642439875 0.4758455796875 0.607397121875 0.47887355468750004 0.5916089765625 0.4411122484375 0.5989562421875 0.44080182187499994 0.61035718125 0.490104246875 0.6982998609375 0.606513503125 0.66411331875
0 0.480241609375 0.5834246265624999 0.4832944890625 0.5585609234375 0.4355193203125 0.566131221875 0.4103379375 0.5301747515625 0.41104392812499996 0.5259037015625 0.3967621875 0.5268737078125 0.39629485 0.5380738078125 0.42983674687500006 0.5946666281249999 0.480241609375 0.5834246265624999
0 0.4116808609375 0.520716309375 0.41345987656250005 0.5062273890625 0.39788524999999997 0.5088543750000001 0.3802764171875 0.48072744375000004 0.380957275 0.4751823 0.3676170078125 0.47735734062499996 0.367096234375 0.4845562890625 0.38915522187499996 0.5237608234375 0.4116808609375 0.520716309375