0 0.1338826578125 0.5252678328125 0.2290673 0.49967720781249997 0.22469816874999998 0.494059753125 0.13419473906249998 0.515905409375 0.1092282765625 0.4928114296875 0.10860411406249999 0.5018617734374999 0.1338826578125 0.5252678328125
0 0.2449834203125 0.494371834375 0.3186344859375 0.4765832296875 0.3164499203125 0.468469128125 0.25372168125 0.48594565312500004 0.2237619265625 0.4743986640625 0.226258571875 0.48282484531250003 0.2449834203125 0.494371834375
0 0.31491547343750004 0.414666409375 0.3171958171875 0.426068128125 0.3238088140625 0.424699921875 0.3244929171875 0.422419578125 0.3616625203125 0.416034615625 0.3614344859375 0.409193584375 0.3356666015625 0.40303665625 0.3019175140625 0.40873751562500005 0.31491547343750004 0.414666409375
0 0.3302336984375 0.47000287656250006 0.388820278125 0.455609634375 0.388820278125 0.4493252609375 0.352330365625 0.4365537921875 0.318678559375 0.4448653828125 0.3209084984375 0.46655660781249997 0.3302336984375 0.47000287656250006
0 0.319084003125 0.44364905312499997 0.34300516718749996 0.4395946171875 0.3423970015625 0.434526575 0.3168540640625 0.4260122625 0.319084003125 0.44364905312499997
0 0.35374941875 0.438581009375 0.3644936703125 0.4355401828125 0.3995645296875 0.42682314843749997 0.4005781375 0.42297143593750003 0.37098076562500004 0.41303807187499997 0.3249629328125 0.42195782656249997 0.3243547671875 0.4272285921875 0.35374941875 0.438581009375
0 0.40098358125000005 0.4539878609375 0.4478123015625 0.43939189531249995 0.44801502343750005 0.434526575 0.4113223890625 0.424187765625 0.3644936703125 0.4355401828125 0.365507278125 0.44223 0.40098358125000005 0.4539878609375
0 0.45192705 0.48987074531249997 0.45710672968750005 0.488316840625 0.51408320625 0.506704703125 0.513824221875 0.5108484468750001 0.5617362578125 0.488316840625 0.5596643859375 0.47977036875 0.5019109578125 0.46345437812499996 0.4524450171875 0.48132427343749995 0.45192705 0.48987074531249997
0 0.568987809375 0.48313716093750003 0.610425246875 0.4650082828125 0.61068423125 0.4582746984375 0.5562975953125 0.4435126109375 0.5135652375 0.46164149062500004 0.5146011734375 0.46604421875 0.568987809375 0.48313716093750003
0 0.571318665625 0.5315671656250001 0.5767573296874999 0.529236309375 0.60602251875 0.5370058296875 0.612756103125 0.5427034765625 0.6523806515625 0.5162871109375 0.6531576046875001 0.5069636875 0.5801241203124999 0.48495004843749995 0.527550371875 0.5116253984375 0.5293632609375 0.5201718703125 0.571318665625 0.5315671656250001
0 0.6598911875 0.5103304796875 0.6964079296875 0.4867629375 0.6964079296875 0.47951138593750003 0.6280361578125 0.46164149062500004 0.5891885609374999 0.482360209375 0.5891885609374999 0.48805785625000003 0.6598911875 0.5103304796875
0 0.6580783 0.5569475953125 0.658337284375 0.5652350828125 0.732406703125 0.5908744984375 0.770995315625 0.5520269 0.7725492203125001 0.53959566875 0.6756892109375 0.5116253984375 0.6298490453125 0.542185509375 0.6295900624999999 0.5473651890625 0.6580783 0.5569475953125
0 0.7787648359375 0.5427034765625 0.8062171375 0.5152511750000001 0.8056991703125 0.506704703125 0.719457503125 0.48391411250000005 0.6860485703125 0.50929454375 0.6857895859375 0.5162871109375 0.7787648359375 0.5427034765625
0 0.1902088078125 0.576389678125 0.23966309687499998 0.6233078515625 0.2747460546875 0.608091146875 0.26798307499999996 0.5865341484375 0.24558070468749998 0.5958332453125 0.20711625625000002 0.5582141703125 0.1880953765625 0.5653998359375 0.1902088078125 0.576389678125
0 0.25023025312499997 0.6397926140625 0.3220869140625 0.7091131578125001 0.3994384953125 0.6672672203125 0.39563431875 0.6304935171875 0.42522235625000004 0.6118953234375 0.40535610312500003 0.5979466765625 0.4066241609375 0.6203490484375 0.325468403125 0.6655764750000001 0.273055309375 0.616544871875 0.24853950781249998 0.6254212828125 0.25023025312499997 0.6397926140625
0 0.4995705765625 0.7396701578125 0.4391710015625 0.7374331359374999 0.40535610312500003 0.706577040625 0.39859312343750003 0.676989003125 0.348716146875 0.7103812171875 0.3482934609375 0.7260206078125 0.3643555375 0.7407754375 0.4995705765625 0.7396701578125
0 0.564286128125 0.7091131578125001 0.5203479375 0.7395003171875 0.566399559375 0.7391238812500001 0.5849977546875 0.716721509375 0.5849977546875 0.70319555 0.5659768734374999 0.6913603359375 0.564286128125 0.7091131578125001
0 0.679679471875 0.629225459375 0.679679471875 0.6203490484375 0.653472925 0.6055550296875001 0.6492460624999999 0.6190809890625 0.5964102828125 0.6659991609375 0.56766761875 0.65078245625 0.5655541875 0.67614363125 0.6099362421875 0.70108211875 0.679679471875 0.629225459375