0 0.7453220375 0.4763472359375 0.7449782359375 0.468352246875 0.724781125 0.4853124734375 0.6616721578125 0.4667390546875 0.6599961375000001 0.47139329375 0.7260756078124999 0.49276146093750006 0.7453220375 0.4763472359375
0 0.6654288828125 0.45593388749999997 0.6659746046875 0.44429264062499996 0.6466441546875 0.45959199531249995 0.5906902390625001 0.44211801875 0.5894266125 0.44881108750000004 0.6453882421875 0.46982058125000004 0.6654288828125 0.45593388749999997
0 0.5793545 0.444481640625 0.5888919031250001 0.440571746875 0.5896896921875 0.4322751046875 0.5918695656249999 0.4217181484375 0.5626383453125 0.4115016921875 0.53111293125 0.42176912812499995 0.5305823578125 0.4278894734375 0.5793545 0.444481640625
0 0.569365853125 0.416083203125 0.591571771875 0.4223443140625 0.5959582390625 0.4010127703125 0.5704691484375 0.4106959109375 0.569365853125 0.416083203125
0 0.596875709375 0.396912571875 0.6120383281249999 0.39144157968750004 0.57397284375 0.3815300640625 0.55169504375 0.3866511875 0.55196370625 0.391572659375 0.5912150921875 0.403201084375 0.595659765625 0.40112799062500004 0.596875709375 0.396912571875
0 0.5844952859375 0.4067407140625 0.5846550890625 0.4011734953125 0.5453584171875 0.38849197812499997 0.52073908125 0.39419854062500004 0.5184489265625001 0.3986312421875 0.56037386875 0.4140797140625 0.5844952859375 0.4067407140625
0 0.5495442328125 0.415543421875 0.5508838390624999 0.40889894218749995 0.5102956765625 0.3953604953125 0.4785491875 0.4050804375 0.47656078593749995 0.409899365625 0.520247921875 0.42521503125000004 0.5495442328125 0.415543421875
0 0.4814176 0.45617272656249996 0.482033034375 0.44883971562499997 0.43168658437499996 0.42955046562500004 0.3836604671875 0.44473955 0.384448596875 0.452244896875 0.4327660984375 0.4741344734375 0.4814176 0.45617272656249996
0 0.42092603124999994 0.433643196875 0.4206598828125 0.4242073234375 0.382004959375 0.40948801250000005 0.331373540625 0.420367971875 0.33058079375 0.426824375 0.3731756515625 0.44658657343749997 0.42092603124999994 0.433643196875
0 0.4159382296875 0.478906959375 0.41651919687500005 0.4718546609375 0.36486263124999996 0.446990590625 0.3030964921875 0.467331296875 0.30265339375 0.47326074218749997 0.3537879765625 0.5000553375 0.4159382296875 0.478906959375
0 0.357086521875 0.4523046 0.3554857421875 0.4421349640625 0.3168208703125 0.42285530624999995 0.2506567703125 0.43724205156249996 0.253794009375 0.44418099843750003 0.29306472656250004 0.4678092234375 0.357086521875 0.4523046
0 0.334995115625 0.5045865515625 0.3353643046875 0.49693835937499997 0.28401296875000004 0.467267696875 0.1952443515625 0.49170149375000005 0.1977562046875 0.5014131046875 0.24855606562500002 0.535575178125 0.334995115625 0.5045865515625
0 0.2701745203125 0.475541634375 0.27148427656249996 0.46487453125 0.2283525078125 0.4402023375 0.145636278125 0.45711586249999997 0.14554780312499999 0.46479852031249996 0.1865866609375 0.49491264218750003 0.2701745203125 0.475541634375
0 0.6496107421875 0.5645108750000001 0.685418521875 0.529937275 0.68508436875 0.5221666109374999 0.67376774375 0.5146578109375 0.6719198640624999 0.5218384859375 0.6457583390625 0.5434255 0.6303559703125 0.5350929625 0.6282968375 0.554486290625 0.6496107421875 0.5645108750000001
0 0.6400034453125001 0.5771801765625 0.6422409015625 0.5668266531249999 0.6259256375 0.5580599609375 0.5853919203125 0.589154675 0.5458702921875 0.575284121875 0.541039134375 0.5962694953125001 0.592244878125 0.6225249921875 0.6400034453125001 0.5771801765625
0 0.4035046765625 0.6199694124999999 0.40293718125 0.6324603890625 0.50105729375 0.6989375359375 0.57652563125 0.6325114328125 0.576302725 0.621211678125 0.5414512046875 0.6034055890625 0.5409218890624999 0.6155856265625 0.48324957968750004 0.6603573265625 0.4214561609375 0.6154101468750001 0.42084367968749997 0.6072832390625 0.4035046765625 0.6199694124999999
0 0.308113190625 0.567991853125 0.381262190625 0.6201305484375 0.4202653109375 0.5962554671875 0.42172320937499996 0.57388970625 0.3878243546875 0.5929163546875 0.33331764375 0.5620686640625 0.334035346875 0.5457313109374999 0.3067826 0.5578443656250001 0.308113190625 0.567991853125