0 0.255419540625 0.5313017546875 0.256257734375 0.540328915625 0.275725525 0.5224965015625 0.34028160625 0.5405576890625 0.340329484375 0.5330325234375 0.27360495625 0.5141711328125 0.255419540625 0.5313017546875
0 0.3359372953125 0.552997865625 0.3348973328125 0.5602327390624999 0.35549608125 0.545755209375 0.4111587515625 0.5607998671875001 0.41200436093750004 0.5557864453125 0.3550870546875 0.5388005578125 0.3359372953125 0.552997865625
0 0.413185853125 0.563215671875 0.41027798750000005 0.5824968921875 0.44119158281250004 0.5896783953125 0.4705954015625 0.5792271453125 0.47077455625000003 0.5725274484375 0.4219428609375 0.5584874156249999 0.413185853125 0.563215671875
0 0.4066506625 0.6006976875000001 0.433007559375 0.5901833609375 0.432553125 0.58607368125 0.41023505312499997 0.5806616703125 0.409732740625 0.5840771578124999 0.4066506625 0.6006976875000001
0 0.407001559375 0.6013388734375 0.4062872265625 0.607177765625 0.3928323546875 0.6121055 0.429110265625 0.6207737984375 0.45191792656249996 0.6136118859375 0.4502164546875 0.609800096875 0.41303480312499996 0.5998317531249999 0.407001559375 0.6013388734375
0 0.41867421406250005 0.5958482234375 0.4184243859375 0.6033557234375 0.457203971875 0.6136673640625 0.48298028281249994 0.60513720625 0.482245628125 0.5995785375 0.44190344374999996 0.5885196984375 0.41867421406250005 0.5958482234375
0 0.45316212812499995 0.5854347828125 0.45251846875 0.5904658734375 0.49248201875 0.603526546875 0.525099375 0.5935599421875 0.5261292656250001 0.5887661390625001 0.48174047656249996 0.5751148109375 0.45316212812499995 0.5854347828125
0 0.5220376890625 0.543365284375 0.5213488484375 0.551238771875 0.568899765625 0.5686218625 0.618192678125 0.5526592828125 0.6191221046875001 0.5453945296875 0.56579 0.526917965625 0.5220376890625 0.543365284375
0 0.5818362546875 0.5618199046875 0.582477903125 0.571279009375 0.6219912843750001 0.5864896921875 0.671954928125 0.5729365359374999 0.6714007875 0.565835828125 0.6276408109375 0.548784403125 0.5818362546875 0.5618199046875
0 0.582316896875 0.5160224859375 0.58312259375 0.52696515625 0.63895163125 0.5471293875 0.698148334375 0.528801009375 0.6997120078125 0.5210040578124999 0.6453190796875 0.4945009296875 0.582316896875 0.5160224859375
0 0.6464715109375 0.5451427078125 0.6479259953125001 0.552028340625 0.6864479515624999 0.5718537687499999 0.7504744750000001 0.5554171578125 0.7506566328125001 0.5466178125 0.7049719718749999 0.524696515625 0.6464715109375 0.5451427078125
0 0.6654692984375 0.48921161875 0.665527728125 0.4986196984375 0.7192244109375 0.5230050140625 0.8013379359374999 0.49463404375 0.800568721875 0.4866329921875 0.749817228125 0.45545312187500003 0.6654692984375 0.48921161875
0 0.7294198140625 0.5206647249999999 0.73122790625 0.53022588125 0.7714229890625 0.5510792171875 0.854305725 0.5307093 0.8539046609375 0.521858928125 0.8146390046875001 0.49374083750000003 0.7294198140625 0.5206647249999999
0 0.31565738125 0.4721617 0.3142593953125 0.48308889375 0.3270727046875 0.48818773281250005 0.3523754296875 0.46167273125 0.3704905859375 0.46679344375 0.3726725640625 0.4519570203125 0.34565332656250003 0.4425214640625 0.31565738125 0.4721617
0 0.3574428140625 0.430060925 0.3564876 0.440979078125 0.36982825625000004 0.4456825015625 0.40419565156250004 0.412147825 0.4502324296875 0.4338568609375 0.4542143171875 0.4063080078125 0.40373713437500003 0.38146005625 0.3574428140625 0.430060925
0 0.5932028890625001 0.3764256375 0.596361246875 0.3672719109375 0.49343264062500003 0.299721946875 0.4177619390625 0.3697207515625 0.4186199359375 0.3823692140625 0.45355331718749997 0.40074931718749995 0.452544190625 0.3853372015625 0.5082798281249999 0.34109860937500003 0.5771279218750001 0.38052012031250004 0.57617270625 0.391438271875 0.5932028890625001 0.3764256375
0 0.690004440625 0.4241865390625 0.61113985 0.3779949171875 0.5728437734375 0.40254166874999997 0.5751202734375 0.42592303593749997 0.6138404000000001 0.4010204671875 0.664653959375 0.4310057875 0.6631529078125 0.44816288281250005 0.6897267499999999 0.436342721875 0.690004440625 0.4241865390625