0 1 0.5146132062500001 0.9478589140624999 0.5246480765625 0.85325013125 0.47308967968750004 0.8487992796875 0.4791122296875 0.9504648046874999 0.5398116 0.9996317203125 0.5297078328125 1 0.52298939375 1 0.5146132062500001
0 0.8536266046875 0.465875325 0.8610371234375 0.44985564062499994 0.8219058890625 0.45528741874999995 0.7597741890624999 0.421650346875 0.7572907859375 0.4271161125 0.8307917343750001 0.46882027812500005 0.8536266046875 0.465875325
0 0.77216850625 0.376375215625 0.77981715625 0.3580898484375 0.75562830625 0.3448575046875 0.7132573015625 0.34842162656250003 0.7102375296875 0.35535815937500004 0.7536461453125 0.3782462921875 0.77216850625 0.376375215625
0 0.7584020734375 0.4165429203125 0.7698642734375001 0.38376873906250003 0.7512409812499999 0.3757027859375 0.6995691078124999 0.38058006093749996 0.6971061187500001 0.389484040625 0.7487043156250001 0.42163221249999994 0.7584020734375 0.4165429203125
0 0.7376276015625 0.3780898171875 0.7420580375 0.36862905156250003 0.6983716015625 0.34838421875000003 0.6463413874999999 0.3494059765625 0.64367995625 0.3601980265625 0.6865522000000001 0.384556925 0.7376276015625 0.3780898171875
0 0.513543159375 0.400150075 0.5451488703125 0.399156721875 0.556449725 0.41070108125000004 0.586819865625 0.4091463390625 0.5905239984375 0.3944322953125 0.5605537265625 0.3675484328125 0.49001989375 0.37351229375 0.488561315625 0.3832840609375 0.5065796234375 0.40071275 0.513543159375 0.400150075
0 0.5501166640624999 0.37018326562500004 0.5513258203125 0.3655181453125 0.5248915484375 0.3411748578125 0.4611420421875 0.34357970937500004 0.4600581484375 0.351612540625 0.48248845781250005 0.37529538281249997 0.5501166640624999 0.37018326562500004
0 0.4710053875 0.4047585890625 0.4887541875 0.4023110765625 0.46633597499999996 0.376233403125 0.38872918125 0.3805363390625 0.38638559843750003 0.3891556015625 0.40293025312499997 0.4232419125 0.46877496875 0.41914039531249997 0.4710053875 0.4047585890625
0 0.46122249374999996 0.37929010937499996 0.4640898796875 0.3702466796875 0.44288153750000003 0.34405655625 0.3726585109375 0.34649984375 0.3711881703125 0.3559297203125 0.38564828125 0.3802125234375 0.46122249374999996 0.37929010937499996
0 0.3783812546875 0.41059807499999995 0.36688888125 0.38087654375 0.2730171546875 0.3849076296875 0.27624256875 0.43173104375 0.30253590468749997 0.43233809062499995 0.303157196875 0.4173079390625 0.3783812546875 0.41059807499999995
0 0.36085019375 0.3699386078125 0.3525896046875 0.3482242828125 0.26974335625 0.34766354375 0.2713333 0.384970259375 0.36167505 0.38032854843749997 0.36085019375 0.3699386078125
0 0.704156490625 0.598452634375 0.8078896765625 0.5743433859375 0.8154027671874999 0.5621833828125 0.794077165625 0.5369203515625001 0.788062709375 0.5530748046875 0.7090455375 0.5701894703125 0.6718632046875 0.5269528484375 0.6626549093749999 0.555241659375 0.704156490625 0.598452634375
0 0.48378925468749995 0.5321255687499999 0.48129487187500003 0.5467315265625 0.5379095984375 0.6423703671875 0.6712264953125 0.6060227453125 0.6734217250000001 0.594263046875 0.6567159578124999 0.5752409843749999 0.6529722375 0.5834806109375 0.559500115625 0.6057906390625 0.5171466312499999 0.5433054421875 0.51961536875 0.5243802343749999 0.48378925468749995 0.5321255687499999
0 0.319932865625 0.6947599703125 0.4962912453125 0.6504661453125 0.49916028749999997 0.6368588 0.460148790625 0.551703240625 0.4584607453125 0.613396421875 0.3375502828125 0.6366595 0.3223573359375 0.5530481390624999 0.3023850890625 0.5605413125 0.319932865625 0.6947599703125
0 0.49794075312499997 0.5024378406250001 0.466775740625 0.46127251718749995 0.472391321875 0.44891307812500003 0.4402847171875 0.45321241093750003 0.439811775 0.4622754265625 0.47475045156249995 0.5268589984375 0.5216624515625 0.5231565406249999 0.5265514984374999 0.4948933765625 0.49794075312499997 0.5024378406250001