0 0.034190371875 0.491185721875 0.1367614875 0.444003009375 0.1374452953125 0.433745896875 0.0423960609375 0.4761419578125 0.002051421875 0.465884846875 0 0.4788771875 0.034190371875 0.491185721875
0 0.1588891453125 0.4372508984375 0.23683476250000002 0.4027749515625 0.235835459375 0.3947805296875 0.161887053125 0.42475961250000005 0.13190796875 0.4142669328125 0.1359051796875 0.428257171875 0.1588891453125 0.4372508984375
0 0.2232668109375 0.3299357375 0.22431995625 0.3352014640625 0.2443297171875 0.3274783984375 0.243276571875 0.320808478125 0.203959146875 0.3148406546875 0.17903470625 0.32291476874999997 0.2232668109375 0.3299357375
0 0.246084959375 0.35661541875 0.29733803281250004 0.33906299687499997 0.299093275 0.3295846890625 0.25521221875 0.32326581718749997 0.223617859375 0.332744125 0.22712834375000002 0.35099864375 0.246084959375 0.35661541875
0 0.24678705625 0.3980391359375 0.3043590015625 0.3748699390625 0.304007953125 0.3632853390625 0.2527548796875 0.3520517890625 0.22958568281249997 0.36258324218750004 0.2397660875 0.3948797 0.24678705625 0.3980391359375
0 0.3176988421875 0.3692531625 0.36544143125 0.350296546875 0.36263304375 0.341871384375 0.3131352125 0.3330951734375 0.267498915625 0.348892353125 0.2685520609375 0.3569664671875 0.3176988421875 0.3692531625
0 0.157146153125 0.5400853875 0.25057276875 0.5779726796875 0.294918121875 0.5491266734375 0.2888905984375 0.5185585171875 0.24971169531249998 0.5504182859375 0.180395171875 0.5232944296875 0.17781194843749998 0.51339206875 0.151549165625 0.525447115625 0.157146153125 0.5400853875
0 0.2807103875 0.5956247125 0.4038440859375 0.6442754390625 0.4826324296875 0.551709896875 0.47875759375 0.5370716265625 0.4417313765625 0.525877653125 0.4417313765625 0.5443907625 0.3866225890625 0.5990690125 0.3009456453125 0.57065354375 0.299223496875 0.5646260203125 0.28027985 0.5792642921875 0.2807103875 0.5956247125
0 0.5127700484375 0.46732456562499997 0.4753132953125 0.5047813203125 0.437426003125 0.49660110937499996 0.44302298906250004 0.5185585171875 0.495548553125 0.5314746390625 0.5398939046875 0.47507423906249996 0.5394633671875 0.4647413421875 0.5097562875 0.45225575781250005 0.5127700484375 0.46732456562499997
0 0.44043976406249996 0.65589995 0.603613440625 0.7192147796875 0.6518336296875 0.5978032328125 0.64925040625 0.584887109375 0.633751059375 0.5801511984375 0.602321828125 0.6628143796875 0.48693780468750003 0.6206217140625 0.4886599546875 0.5753894546875 0.436995465625 0.642983828125 0.44043976406249996 0.65589995
0 0.64537556875 0.5508746546875 0.635473209375 0.5530273421875 0.632459446875 0.5728320625000001 0.660874915625 0.5840260359375 0.6867071609375001 0.49705747968749997 0.6651802906250001 0.49275210625000004 0.64537556875 0.5508746546875
0 0.40184701875 0.40262444531249997 0.43417171562499995 0.40636730468750004 0.444039253125 0.399902365625 0.47976655 0.403985484375 0.486912009375 0.40874912500000005 0.5110704671875 0.3917361265625 0.51073020625 0.3825491078125 0.443358734375 0.36927896875 0.40150675781249995 0.39343742656249997 0.40184701875 0.40262444531249997
0 0.5114107265625 0.41385302343749997 0.5131120265625 0.42712316250000004 0.579122459375 0.43699070156250003 0.5869484390624999 0.4261023828125 0.59307311875 0.4298452421875 0.6087250765625 0.4114712046875 0.6087250765625 0.398201065625 0.529784765625 0.383910146875 0.501202928125 0.41113094375000003 0.5114107265625 0.41385302343749997
0 0.67609655 0.445156940625 0.6737147296875 0.45978811875 0.7094420265625 0.4659127984375 0.723052425 0.41793614375 0.6305017140625 0.4012634046875 0.6087250765625 0.43188680156250003 0.67609655 0.445156940625
0 0.45220549375 0.37268156874999997 0.515493846875 0.38322962656250004 0.546457503125 0.36247376875000004 0.5447562031250001 0.35192571093749997 0.48316915 0.3434192109375 0.4518652328125 0.3648555890625 0.45220549375 0.37268156874999997
0 0.5379510046875 0.3845906671875 0.6121276765625 0.40058288593749997 0.6339043140625 0.37472312812499997 0.6305017140625 0.363834809375 0.5655120609375001 0.35532830937500004 0.5386315234375 0.3774452078125 0.5379510046875 0.3845906671875
0 0.6366263937500001 0.403645225 0.724753725 0.41963744375 0.73564204375 0.38322962656250004 0.65670173125 0.366216628125 0.6362861343749999 0.39547898593749997 0.6366263937500001 0.403645225