0 0.31362724218750004 0.5088339562499999 0.38159246874999997 0.49820252500000006 0.3793143046875 0.4925071140625 0.3162851 0.502758853125 0.301477034375 0.48339445937500003 0.2995785640625 0.493266503125 0.31362724218750004 0.5088339562499999
0 0.3945020640625 0.4951649734375 0.4525952453125 0.4860523171875 0.4499373875 0.47883813125 0.39526145156250003 0.48908986875 0.378934609375 0.47200363906250004 0.378554915625 0.4822553765625 0.3945020640625 0.4951649734375
0 0.45406506562500004 0.45995556562499995 0.476784546875 0.45541166874999994 0.4764599828125 0.4511923359375 0.45406506562500004 0.441455415625 0.45406506562500004 0.45995556562499995
0 0.457698284375 0.44211694375 0.4963083765625 0.436119259375 0.49690751562499996 0.43171849531250006 0.47581085468750006 0.42392895781249995 0.43816142812500003 0.42749916250000003 0.457698284375 0.44211694375
0 0.486187284375 0.4559865890625 0.5274213640625 0.44736491718750004 0.5270465093750001 0.44342893749999995 0.50193120625 0.43405755625 0.46332111249999997 0.4415546609375 0.463508540625 0.44567806875000004 0.486187284375 0.4559865890625
0 0.45338744843749995 0.47510420781249996 0.46182169218749997 0.483725878125 0.5118648703125 0.4737922140625 0.5109277328124999 0.4676071015625 0.48487529062499996 0.45542430625 0.45338744843749995 0.4606722796875 0.45338744843749995 0.47510420781249996
0 0.523485384375 0.473042503125 0.5664063125000001 0.4655453984375 0.5664063125000001 0.45973514218749995 0.5360430359375 0.44605292499999993 0.49574609374999995 0.455236878125 0.49612095 0.460109996875 0.523485384375 0.473042503125
0 0.602239725 0.5334100078125 0.6570467265625 0.5181150296875 0.6570467265625 0.5123794140625 0.6098872140625 0.49071152968750004 0.5582666656249999 0.502820053125 0.5579480203125 0.5111048328125001 0.602239725 0.5334100078125
0 0.665968796875 0.5152472218749999 0.7131283093749999 0.5012268265625 0.7153588265625 0.49421662812499995 0.6634196343750001 0.4776470703125 0.6219957375 0.48879965781249995 0.6216770921875 0.4945352734375 0.665968796875 0.5152472218749999
0 0.6806264828125 0.5741966125 0.73830129375 0.5538033109375 0.7392572296875 0.5445625953125 0.673297640625 0.5187523203125 0.6200838656250001 0.5337286531250001 0.6210398015624999 0.5416947859375 0.6806264828125 0.5741966125
0 0.74594878125 0.548704984375 0.7940642312499999 0.5324540718749999 0.7962947484375 0.5244879375 0.730335159375 0.500270890625 0.684450228125 0.5142912859375001 0.6838129375 0.521301484375 0.74594878125 0.548704984375
0 0.7911964218749999 0.6274103875 0.8472780046875 0.6000068875 0.8488712328125001 0.590766171875 0.7596505312499999 0.5518914374999999 0.7042062390625 0.57292203125 0.7029316578125 0.58407461875 0.7911964218749999 0.6274103875
0 0.8612984015625 0.5949085609375 0.9062273968750001 0.571010159375 0.9084579140625 0.56176944375 0.8227423125 0.5295862625 0.774945509375 0.5499795656249999 0.774945509375 0.5576270546875 0.8612984015625 0.5949085609375
0 0.3454647140625 0.5536452828125 0.3736021109375 0.5911618125 0.3978315375 0.5860814484375 0.397440740625 0.5688863734375 0.38298124375000003 0.570840359375 0.36031500781250003 0.5419213671875001 0.34663710625 0.5462201359375001 0.3454647140625 0.5536452828125
0 0.38376283906249997 0.603276525 0.4228425578125 0.6583789296875 0.47599097500000004 0.6392298671875001 0.4748185828125 0.61382805 0.42831371875 0.626333559375 0.398222334375 0.5899894203125 0.3845444328125 0.595851378125 0.38376283906249997 0.603276525
0 0.43573886406250006 0.6701028453125 0.4892780796875 0.7404463390625 0.5389093218750001 0.73888315 0.61237919375 0.7033206062499999 0.6155055703125 0.6900335015625 0.600655278125 0.6771371937499999 0.5990920890625 0.6829991515625 0.5217142453125 0.7162169125 0.47286459687500004 0.6630684953125 0.472083003125 0.645482621875 0.43769285 0.6595513203125 0.43573886406250006 0.6701028453125
0 0.5994828859375 0.6650224812500001 0.63660861875 0.6912058921875001 0.722193203125 0.6517353765625 0.722584 0.641183853125 0.6960097921874999 0.6247703703124999 0.69405580625 0.6396206640625001 0.639734996875 0.6634592921875 0.6026092640625 0.6407930546875 0.5994828859375 0.6650224812500001