0 0.62778351875 0.5000717671875 0.614551884375 0.4998178203125 0.6053928749999999 0.4667855515625 0.5886001640625 0.46591882656249994 0.5860219453125 0.47472998125 0.5952819078125 0.5134943375 0.6242525265625 0.5163301609375 0.62778351875 0.5000717671875
0 0.6504435578125001 0.564708840625 0.638239496875 0.5630386765625001 0.623262353125 0.520761890625 0.60565129375 0.5189199 0.6036447921875 0.5280822953125 0.6214993625 0.58567201875 0.6440092546875 0.5900511703125 0.6504435578125001 0.564708840625
0 0.7946365796875 0.696608771875 0.7683819953125 0.6455135171874999 0.7578822484375001 0.677729540625 0.6594726109375 0.671529603125 0.64008961875 0.6038657703125 0.642589378125 0.5959514265625 0.6274482671875 0.5934218546875 0.6237378578125 0.6048449687499999 0.6512559421875 0.7000294609375 0.7922639296875 0.70995626875 0.7946365796875 0.696608771875
0 0.47727164999999994 0.69173595625 0.6225693531250001 0.7008331734375 0.61308864375 0.637047915625 0.60347825 0.6711490921875 0.5048555921875 0.662219503125 0.5102505296875 0.58678306875 0.484332821875 0.5869253546875 0.47727164999999994 0.69173595625
0 0.51030649375 0.5792573671875 0.511617828125 0.557382746875 0.50734301875 0.5545989578125 0.5091473390625 0.50987445 0.489559590625 0.5099680875 0.4856517453125 0.5752930125 0.51030649375 0.5792573671875
0 0.502047409375 0.49117985 0.5022451203125 0.461375978125 0.49109478749999996 0.45799065937499994 0.487287625 0.5049497328125 0.5086689875 0.5050130171875 0.509599265625 0.49093688125 0.502047409375 0.49117985
0 0.42393518906249994 0.4578382109375 0.3428189734375 0.45194635781250003 0.3201563609375 0.4906288671875 0.319969628125 0.49964924687499995 0.41078255625000004 0.504883334375 0.42393518906249994 0.4578382109375
0 0.3266727828125 0.4574618984375 0.32346660781250003 0.44934957343750004 0.24294826406249997 0.44351002656249994 0.20316784999999998 0.48159859374999997 0.20537260468750002 0.490828203125 0.2962116859375 0.495763353125 0.3266727828125 0.4574618984375
0 0.2899902703125 0.511786365625 0.289736053125 0.5009200625 0.1895402546875 0.4927565140625 0.1315660875 0.5494353375000001 0.13326267812499998 0.5610302796875 0.24938053437500002 0.5696831546875 0.2899902703125 0.511786365625
0 0 0.6716128265625 0.002427396875 0.6779050703125 0.15978340468750002 0.6865511296875 0.2309514 0.590963834375 0.2279283 0.5807589578125001 0.10282740937499998 0.570115271875 0 0.6596132265625 0 0.6716128265625
0 0.2570819390625 0.57668264375 0.194433615625 0.673015315625 0.19694855 0.6855855234375 0.348770534375 0.6958559875 0.3809909609375 0.5995722359375 0.37904774375 0.58735326875 0.2570819390625 0.57668264375
0 0.408238078125 0.523637828125 0.40806232187499997 0.51187471875 0.311102509375 0.5045967296875 0.2726114765625 0.5623776578124999 0.2710982328125 0.572788103125 0.388464140625 0.580947721875 0.408238078125 0.523637828125
0 0.480833403125 0.42034358593750004 0.48627020937500004 0.39223448906249997 0.4273385296875 0.38795078906249997 0.41718623125 0.4144739546875 0.480833403125 0.42034358593750004
0 0.41407708281250005 0.3949236078125 0.41375565156249994 0.3882685609375 0.35499606875 0.38162164375 0.338035459375 0.403332025 0.33775901875000003 0.409934765625 0.403603353125 0.414791728125 0.41407708281250005 0.3949236078125
0 0.42509637656250004 0.37570566875 0.42515234218750003 0.3681799671875 0.37224070625 0.3635508 0.3609896890625 0.37853133125 0.360844015625 0.38363939375 0.4170177921875 0.388855184375 0.42509637656250004 0.37570566875
0 0.4323453671875 0.3582664375 0.43232287031250005 0.35163754375 0.3857935015625 0.34636185468749997 0.37554390625 0.3602251046875 0.37582793593749997 0.363864640625 0.42659471406250005 0.36890860625 0.4323453671875 0.3582664375
0 0.4437085859375 0.352332440625 0.4371620796875 0.368628234375 0.48800731875 0.3727753921875 0.4894196078125 0.3566328609375 0.4437085859375 0.352332440625
0 0.43648574843750004 0.369472734375 0.42918445156249996 0.38750983906249997 0.4860868671875 0.391283259375 0.4868115765625 0.372670778125 0.43648574843750004 0.369472734375
0 0.49632575624999997 0.4223014375 0.558609015625 0.42654562343749997 0.5588255609375 0.410298475 0.5562211890625 0.41940856406250004 0.49510751875 0.41556793125 0.49632575624999997 0.4223014375