0 0.6201218359375 0.36523918437499997 0.6235676812500001 0.40291447031249994 0.6738087171875 0.34565894375 0.6774778484375 0.3313608453125 0.51049218125 0.259371028125 0.43514005781250004 0.3838954859375 0.4356208796875 0.3955303765625 0.4587593859375 0.4020894640625 0.4582546953125 0.3918219796875 0.5135800046875 0.31755741249999997 0.6201218359375 0.36523918437499997
0 0.398314 0.49541418750000005 0.3978809109375 0.481044484375 0.4390667265625 0.4332056625 0.45466062812499997 0.44100088125000003 0.45493511093750005 0.42527570625 0.442711990625 0.42027496875 0.44082795781249995 0.410667321875 0.4170296171875 0.402728890625 0.3753306375 0.47996695625 0.3751396921875 0.49090620781250005 0.398314 0.49541418750000005
0 0.5238289875000001 0.5140189375 0.5221990296875 0.5290365421875001 0.549380084375 0.539085753125 0.5475676578125 0.5253758828125 0.600137746875 0.49141400781250005 0.6497974703125 0.5066429640625 0.6494717890625 0.48611993125 0.5971249875 0.46810842499999994 0.585382690625 0.47474257656249996 0.5534430421875001 0.50222544375 0.5412795921875 0.493806190625 0.5238289875000001 0.5140189375
0 0.6124067171875 0.45650184843749997 0.6458983671875 0.47001533437500004 0.64286995625 0.45028808124999997 0.7214790109375 0.3909506546875 0.8050659078125 0.4328827046875 0.8244470015625 0.4174814875 0.82414008125 0.40286086875000005 0.70652900625 0.34571966249999997 0.6254759546875001 0.41625693906250005 0.630663903125 0.441081015625 0.6124067171875 0.45650184843749997
0 0.9352557718750001 0.47787671249999997 0.9344065125000001 0.46212237656250005 0.8435142125 0.4200628109375 0.8054022546875 0.44581746093749997 0.8168109375 0.4685016203125 0.8435661 0.449294240625 0.9060439578124999 0.47680469375 0.9119704234375 0.491523403125 0.9352557718750001 0.47787671249999997
0 0.8075956312500001 0.6099963890625 0.8867792937500001 0.58214801875 0.9259101046874999 0.5946356859375 0.92769405625 0.5890455703125 0.9239369375 0.5788617296874999 0.8898244796875 0.5687101625000001 0.8038385109374999 0.59981255 0.8075956312500001 0.6099963890625
0 0.39515474375 0.5364663984375 0.3845168484375 0.5340322125 0.34142293125 0.5231617453124999 0.31647418125 0.567696303125 0.406527034375 0.5934395765625 0.4402806828125 0.5597390953125 0.39164569375 0.5442749046875 0.39515474375 0.5364663984375
0 0.311387165625 0.5692938843750001 0.2939400015625 0.602716871875 0.374498484375 0.6249216703125 0.39749652968750004 0.5955304499999999 0.311387165625 0.5692938843750001
0 0.42003355468750003 0.5925510828125 0.3942944015625 0.6179595765625 0.4670247609375 0.6377792312499999 0.497279165625 0.6113253000000001 0.42003355468750003 0.5925510828125
0 0.457750309375 0.5572334 0.42753514062500003 0.5814395140624999 0.42900520468750003 0.593831934375 0.5029575625 0.6080516640625 0.5500804046875001 0.5813300484374999 0.549113440625 0.5723191609375 0.457750309375 0.5572334
0 0.631489553125 0.5925166625 0.5651997734374999 0.5829612109375 0.5249840781249999 0.6067240265625 0.5259390046875 0.6147739062500001 0.5932474296875 0.6287288890625 0.642595365625 0.6047603328125 0.6420245875 0.5956217203125 0.631489553125 0.5925166625
0 0.4822258828125 0.62971216875 0.4827711734375 0.6403109203125 0.5402810031249999 0.650808553125 0.581867634375 0.6321817140625 0.5805158140625 0.6259506359375 0.5157690046875001 0.6116752203125 0.4822258828125 0.62971216875
0 0.7262924421875 0.6278756078125001 0.7292766109375 0.63573090625 0.7783926812499999 0.6472005937499999 0.8110184296874999 0.6377819703125 0.80308916875 0.6092398875 0.7894305109374999 0.60494380625 0.7262924421875 0.6278756078125001
0 0.6622455046875 0.6492309046875 0.6627334078125 0.6570426296874999 0.710639471875 0.6663062984375 0.7627147671875 0.65129673125 0.7619093859375 0.6437915921874999 0.712475834375 0.6326284921875 0.6622455046875 0.6492309046875
0 0.72506380625 0.6625004078125001 0.725573496875 0.6690639984375 0.7678629609375001 0.678229628125 0.8202230578125 0.664785675 0.8172497812499999 0.6563063109375 0.7768488546875 0.6462372609375 0.72506380625 0.6625004078125001