0 0.73682274375 0.5992309796875 0.7081113109375 0.583002778125 0.7084233921875 0.5945497671875 0.6475676375 0.6176437453125 0.6138629124999999 0.591741040625 0.6123025078125 0.6138987765625 0.6488159609374999 0.6432343703125001 0.7355744203125 0.6104658875 0.73682274375 0.5992309796875
0 0.6085575390625 0.63168738125 0.5345943921874999 0.6566538453125 0.4852856265625 0.5986068171875 0.4559500328125 0.6098417265625 0.456886275 0.6198283109375 0.516181625 0.6919189734375 0.6254099015625 0.6507243093749999 0.62634614375 0.6366806734375 0.6104300234375 0.625757846875 0.6085575390625 0.63168738125
0 0.44721475 0.57945679375 0.41972203906249994 0.54796514375 0.407225353125 0.5519640828125 0.40672548593749996 0.5612949421875 0.4435490546875 0.6072827484375 0.49253606562499996 0.59395295 0.49286931093749997 0.5672933515625 0.44721475 0.57945679375
0 0.40389290312500004 0.5309696500000001 0.3855644296875 0.5073092578125 0.37223463125 0.508475615625 0.37423410156250003 0.5174732296875 0.3998939640625 0.5491315015625 0.421721509375 0.5452991843749999 0.42038852968749996 0.5294700484375 0.40389290312500004 0.5309696500000001
0 0.80445335625 0.5919534796875 0.8642708296875 0.5676265968750001 0.866436921875 0.5571293796875 0.778626871875 0.523305015625 0.718976021875 0.5396340187499999 0.7179762875 0.5491315015625 0.80445335625 0.5919534796875
0 0.8805998328125 0.5647940140625 0.9296201671875 0.5432997140625 0.9316196375000001 0.533302365625 0.84181011875 0.505476409375 0.7917900484375 0.519972565625 0.79212329375 0.5288035578125 0.8805998328125 0.5647940140625
0 0.7516340296874999 0.476983965625 0.7039799984374999 0.488980784375 0.705312978125 0.49614555156250006 0.7684629000000001 0.5203058109375001 0.815450440625 0.5069760125 0.8181164000000001 0.49881151093750004 0.7516340296874999 0.476983965625
0 0.6942159203125 0.49098025468750006 0.639063878125 0.5051431656250001 0.639063878125 0.51230793125 0.7074790703125 0.5399672640625 0.75563296875 0.524971240625 0.7561328359374999 0.5159736265625 0.6942159203125 0.49098025468750006
0 0.7369712500000001 0.471985290625 0.6866512593749999 0.4559895328125 0.6409967 0.4638207890625 0.6418298109375 0.4699858203125 0.6899837093750001 0.4894806515625 0.73497178125 0.47915005781250003 0.7369712500000001 0.471985290625
0 0.6293331249999999 0.46681999375 0.5788465125 0.47648409843749995 0.6241678281249999 0.5048099203125 0.6759874203125 0.49231323437499996 0.6768205328125 0.48481522187500004 0.6293331249999999 0.46681999375
0 0.5895103515625 0.43816092656250005 0.5598515484375 0.426830596875 0.5191956625 0.4324957625 0.51836255 0.4373278140625 0.5451887703125 0.449657878125 0.5888438609375 0.443826090625 0.5895103515625 0.43816092656250005