0 0.8426157999999999 0.4787187734375 0.9264323125 0.45300275156250003 0.9525364734374999 0.47633807343749995 0.9569779593750001 0.466095971875 0.9277589531249999 0.4463422515625 0.8380118609375 0.4719913203125 0.8426157999999999 0.4787187734375
0 0.753069065625 0.5060250015625 0.8233868953125001 0.4897622734375 0.8462427171875 0.5023449531249999 0.84327775625 0.48854933593750005 0.8231905062499999 0.478511075 0.7509299859375 0.5011334656249999 0.753069065625 0.5060250015625
0 0.7575365140625 0.5518372546875 0.7525767531249999 0.5487494468749999 0.7074789625 0.5620525265625 0.70795943125 0.5654179421875 0.73596863125 0.57270291875 0.7753258984375 0.5624927890625 0.7587609828125 0.5558560046875 0.7575365140625 0.5518372546875
0 0.685824278125 0.5297165484375 0.7204221296875 0.5395966453125001 0.75285558125 0.5295073703125001 0.7508181203125 0.5117417515625 0.7387741218749999 0.5041479296875 0.6836350265625 0.521950709375 0.685824278125 0.5297165484375
0 0.7532866031250001 0.53100763125 0.7250101234375 0.537953253125 0.726559303125 0.5421434671875 0.757111078125 0.551718646875 0.7532866031250001 0.53100763125
0 0.717605303125 0.5376158296875 0.67565160625 0.5478712812500001 0.6693044203125 0.5514519531250001 0.671700471875 0.5558382468749999 0.6706538390625 0.556278240625 0.7036238265625 0.563254934375 0.7421206515625001 0.5533484046875 0.7434573640625 0.5472648875 0.717605303125 0.5376158296875
0 0.6272072125 0.54531948125 0.664740546875 0.55475894375 0.7051768968750001 0.5424824765625 0.7062647531249999 0.5364307453125 0.676368765625 0.52656369375 0.62691914375 0.54089639375 0.6272072125 0.54531948125
0 0.5346864640625 0.5106585406249999 0.5808575546875 0.5227855156250001 0.628718521875 0.5037695484375 0.629443 0.49567665781250003 0.583012309375 0.4809037765625 0.53234208125 0.4999151765625 0.5346864640625 0.5106585406249999
0 0.48305957812500006 0.5283536625 0.5280024875 0.5405552890624999 0.5692725171874999 0.5282348531250001 0.5691626671875001 0.5179047421874999 0.5227420484375 0.5037088468750001 0.4814912265625 0.521166534375 0.48305957812500006 0.5283536625
0 0.4560205671875 0.485091453125 0.5160406109375 0.5013586109375 0.5633195578125 0.482064221875 0.56315338125 0.47254397656249997 0.5024254265625 0.44878609062499997 0.45525726562499996 0.47442730937500005 0.4560205671875 0.485091453125
0 0.4141259875 0.51409965 0.47066397968749996 0.529273265625 0.5061449546875 0.5119162921875 0.5065507265625 0.5020974828125 0.45116166875 0.48661523281249996 0.41341807499999994 0.5066089203125 0.4141259875 0.51409965
0 0.36463695625 0.4623605265625 0.44090320937499994 0.4835385484375 0.4837590921875 0.458838340625 0.48531379843750005 0.4487108984375 0.4083597765625 0.4211961171875 0.3656197140625 0.45253164687499997 0.36463695625 0.4623605265625
0 0.326364928125 0.495584409375 0.389840375 0.5112420390625 0.42473040468749995 0.4929433828125 0.4305817328125 0.48406275 0.3528824921875 0.46051986874999995 0.33177049531249997 0.4876356109375 0.326364928125 0.495584409375
0 0.8307122515625001 0.369301728125 0.8002498515625 0.384931453125 0.8064710875 0.4015385046875 0.8307387203125 0.393982203125 0.8583605593750001 0.4223580796875 0.8735549734375001 0.41660983749999997 0.8731355531249999 0.4091140734375 0.8307122515625001 0.369301728125
0 0.8159064703125001 0.3537443375 0.7572198765625 0.3070037546875 0.6995258921875 0.34079545625 0.7021748921875 0.3673412109375 0.75798644375 0.3420578078125 0.79656091875 0.3696653453125 0.796388246875 0.376305703125 0.8155812671874999 0.36817902343750003 0.8159064703125001 0.3537443375
0 0.523812425 0.3311936890625 0.4572604359375 0.3832024203125 0.45749086562499997 0.397503475 0.48131461875000003 0.40558038906249994 0.481067871875 0.3914442671875 0.5295173531249999 0.356546115625 0.5662098062500001 0.37552909843750004 0.566388975 0.35272813593749996 0.523812425 0.3311936890625
0 0.6920829281249999 0.3198697734375 0.695631884375 0.3365612328125 0.7351707265625 0.30887947968749996 0.734029128125 0.2967997234375 0.67423021875 0.25689074375 0.6165286296875 0.2571538703125 0.542670796875 0.3182894203125 0.5485377859375 0.334475046875 0.559319296875 0.3389405765625 0.5615074 0.330991053125 0.6304312140625 0.28045850625 0.6920829281249999 0.3198697734375