0 0.7005236484374999 0.496235578125 0.69903135625 0.48874341875000005 0.68216956875 0.5063028375 0.620021371875 0.496128859375 0.6202609203125 0.5010022421875 0.684333546875 0.5125082640625 0.7005236484374999 0.496235578125
0 0.6218365359375 0.4851236859375 0.6229800125 0.47540524062499995 0.6016090078125 0.49093826875 0.5498282828125001 0.481919096875 0.549401809375 0.48775469375 0.6040691781249999 0.49877193281250004 0.6218365359375 0.4851236859375
0 0.5228753046875 0.4572786203125 0.5471816234375 0.461037996875 0.5467390156249999 0.442302359375 0.5229737921875001 0.4516363109375 0.5228753046875 0.4572786203125
0 0.5257565359374999 0.4244909296875 0.504587334375 0.43207436875000005 0.5045336140625001 0.4351519921875 0.5431395015625 0.4427526234375 0.560573590625 0.42869031875 0.5257565359374999 0.4244909296875
0 0.5047587640625 0.46037444218749995 0.50522188125 0.4553212078125 0.46375339687499995 0.44691166875 0.434513546875 0.45746120156250003 0.4340340734375 0.46345142812500006 0.4764330109375 0.472252121875 0.5047587640625 0.46037444218749995
0 0.54691701875 0.46148522812500004 0.51795520625 0.4561058375 0.48946168125 0.4668558515625 0.48860086718750007 0.47321433749999997 0.5386602703125 0.48346093593750006 0.54643849375 0.47816047656249994 0.54616836875 0.4721571625 0.54691701875 0.46148522812500004
0 0.5365620671875 0.445442409375 0.5366133640624999 0.4425036453125 0.499341465625 0.43437028906249997 0.47432299999999994 0.443821540625 0.47370473906250005 0.4486211015625 0.5144450593750001 0.45708224062499997 0.5365620671875 0.445442409375
0 0.4408867140625 0.5068414765625 0.44150963593750003 0.5017747546875 0.3898950140625 0.488580690625 0.34439048125 0.5080967890625 0.34373025 0.5153007953125 0.39369527656250003 0.531138484375 0.4408867140625 0.5068414765625
0 0.3807416078125 0.49242954531249994 0.3798035375 0.4849303984375 0.337520878125 0.47296819218749997 0.286687125 0.49158954374999997 0.2876251953125 0.499088690625 0.33229364375000003 0.512161509375 0.3807416078125 0.49242954531249994
0 0.37881025468749996 0.5418355828125 0.3789734703125 0.5324849656249999 0.3210309359375 0.5143700953125 0.2617892953125 0.5400602171875 0.26055743750000004 0.5493921796875 0.3149662640625 0.570919515625 0.37881025468749996 0.5418355828125
0 0.314384565625 0.5123833875 0.26869410625 0.4966203125 0.20417454531249998 0.5184769218749999 0.20432512187500002 0.5251605968749999 0.2489096328125 0.5430423046875 0.31720674843749996 0.5191136968750001 0.314384565625 0.5123833875
0 0.2961297953125 0.5783407390625 0.29732434531249996 0.5711460578125 0.2394881640625 0.5452849890625 0.1490036109375 0.5816518359375 0.1496854 0.5925678343749999 0.20939341875 0.620216040625 0.2961297953125 0.5783407390625
0 0.22585703750000002 0.551589515625 0.2225057859375 0.54368006875 0.1766137625 0.524123971875 0.0914376921875 0.5562218390625 0.0900002140625 0.563611534375 0.13578568124999998 0.589272065625 0.22585703750000002 0.551589515625
0 0.6521260625 0.5562260593749999 0.65189575 0.5485843640625 0.6399925421875 0.5429211109375001 0.6154689765625 0.572680053125 0.6020542953125 0.57026370625 0.5988346156250001 0.5880287484375 0.623520525 0.5906418343750001 0.6521260625 0.5562260593749999
0 0.6152740750000001 0.6046821453125 0.61540735 0.5970467984375001 0.5984139093749999 0.59129469375 0.5679650453125 0.6271330890625 0.523535653125 0.609627425 0.5226706953125 0.6383445328125 0.5728794171875 0.65813326875 0.6152740750000001 0.6046821453125
0 0.38292989374999997 0.6846264421875 0.3808073234375 0.7020469359375 0.455824375 0.7382714499999999 0.508193746875 0.7384581625 0.5602826046875 0.671370246875 0.5590376859374999 0.6593464546875001 0.5240171578124999 0.6445509171875 0.5204849140625 0.6593863640625 0.4711059265625 0.717079959375 0.3986212984375 0.6816270484375 0.3965540046875 0.675044384375 0.38292989374999997 0.6846264421875
0 0.35933265468750003 0.6613160734375 0.302317303125 0.635589346875 0.3022773859375 0.6170400109374999 0.2768471015625 0.6362358593749999 0.27412428437499997 0.6463719 0.356292515625 0.689631515625 0.39861285625 0.6612743140624999 0.39647391249999997 0.6379602546875 0.35933265468750003 0.6613160734375