0 0.1620498625 0.460318703125 0.16011689375 0.470851959375 0.192960321875 0.45696049843750003 0.26519064531250003 0.4847862296875 0.26809133125 0.4768323203125 0.1902288796875 0.44758875 0.1620498625 0.460318703125
0 0.2635360875 0.48874172031249996 0.258658275 0.49979133750000004 0.28247460625 0.4932098734375 0.3423650234375 0.5127186625 0.34468557187500004 0.5063555359375 0.281828228125 0.4836443359375 0.2635360875 0.48874172031249996
0 0.312624878125 0.5653566015625 0.341244059375 0.5743992109375 0.3682590359375 0.569997065625 0.3689652375 0.5661487921874999 0.33674871562500003 0.5540125109375 0.3344410140625 0.5616149578125 0.312624878125 0.5653566015625
0 0.3433554515625 0.516990584375 0.339557384375 0.53590215 0.3643282921875 0.5442385578125 0.4001546828125 0.5392538765625 0.40169255000000004 0.53036359375 0.3518675328125 0.51064370625 0.3433554515625 0.516990584375
0 0.357055646875 0.5416637875 0.33988718281249997 0.5356350812499999 0.335727046875 0.549379171875 0.3545274765625 0.5456222953125 0.357055646875 0.5416637875
0 0.338617284375 0.550588140625 0.3375499171875 0.5550019140625 0.37488731406250003 0.5700902640625001 0.4068967984375 0.5641009484375 0.40743003125 0.5590275734375 0.366181628125 0.543829890625 0.338617284375 0.550588140625
0 0.37825968125 0.540875115625 0.3765174796875 0.5488387296874999 0.41660351406249996 0.5636125125 0.45312087187500005 0.5577952609375 0.45374820624999995 0.5518265859375 0.4084785609375 0.5346976 0.37825968125 0.540875115625
0 0.2531814484375 0.40664260468749996 0.25209268281249997 0.4170015046875 0.2678416125 0.424296271875 0.30763684687500004 0.39826738125 0.3312500734375 0.41122256406249996 0.33254701249999996 0.391217853125 0.306354228125 0.3759774453125 0.2531814484375 0.40664260468749996
0 0.456748515625 0.4014522140625 0.44456381875 0.390906678125 0.4505771703125 0.360521528125 0.39047326875 0.3191589703125 0.324573815625 0.35976547812500004 0.321221365625 0.37633158125 0.3382923828125 0.3902104328125 0.3370959234375 0.382431090625 0.39108708124999997 0.355477328125 0.445151278125 0.39298252499999997 0.4439799671875 0.41179197968750003 0.456748515625 0.4014522140625
0 0.6009235656249999 0.34812613593749997 0.6041085125000001 0.33315370781250003 0.538569096875 0.26302241875 0.4992368640625 0.2578180953125 0.4136844671875 0.30911112812499997 0.41381249999999997 0.32322330312499997 0.44914979375 0.3511066328125 0.453235665625 0.33139504999999997 0.528278425 0.29577774687499997 0.5854689671875 0.34569615 0.5846733328125 0.353266115625 0.6009235656249999 0.34812613593749997
0 0.6732133671875 0.40768794374999995 0.6198383093750001 0.3521282578125 0.582558015625 0.369559428125 0.584195975 0.38463594375 0.6121678671875 0.3791166765625 0.6492472046875 0.41725361406249994 0.6482003171875 0.4272140953125 0.673634528125 0.41901118437499996 0.6732133671875 0.40768794374999995
0 0.5183923015625 0.5009827734375001 0.4661168390625 0.50394763125 0.463832815625 0.514180903125 0.5079341281249999 0.5353317796875 0.5613198953125 0.5256356703125 0.5619683640625001 0.5156333140625 0.5242417609375 0.49515244843749995 0.5183923015625 0.5009827734375001
0 0.5180405703125001 0.5311573421875 0.518272690625 0.5404466109375 0.55075643125 0.557153865625 0.6042893640625 0.5498901484375 0.6042881609374999 0.54223643125 0.5663940546874999 0.5233492421875 0.5180405703125001 0.5311573421875
0 0.605264415625 0.4831244265625 0.5815698453125 0.48627351250000006 0.5746698890624999 0.47910317031250005 0.5371993500000001 0.48684665312500003 0.5378298906250001 0.4961777984375 0.5798350171875 0.5219422 0.6456339921875001 0.509119746875 0.6482326828125 0.49972518906249996 0.6131897234375 0.47670664062499996 0.605264415625 0.4831244265625
0 0.5864191015625 0.5206201140625 0.5861475125 0.5270366953125001 0.6207705156250001 0.5463857203125 0.6817681234374999 0.5370868265625 0.683675265625 0.530439328125 0.6541264234375 0.5088038765625 0.5864191015625 0.5206201140625
0 0.6505145703124999 0.46361022343749997 0.651145275 0.46972525468750004 0.6273319203125001 0.47518124375 0.6638122296875 0.5067123546875 0.7491399546874999 0.4914856890625 0.7490226953125 0.483514490625 0.71635305 0.44601680000000005 0.6505145703124999 0.46361022343749997
0 0.6750976640624999 0.5053516625000001 0.6741539859375 0.5113012218749999 0.7004911078125 0.5363542078125 0.78161008125 0.524823796875 0.7797860625 0.51794663125 0.7573097203125 0.48947917187499995 0.6750976640624999 0.5053516625000001