0 0.5913289515625 0.575968378125 0.6545062234375 0.578003375 0.6658571296875 0.5978187046875 0.6683855640624999 0.5913369234375 0.6536470140625 0.5705283984375 0.590424765625 0.56987099375 0.5913289515625 0.575968378125
0 0.5195380328125 0.568841978125 0.5212198875 0.5768915734375 0.5736766765625 0.57838808125 0.5901682078125 0.5974223046875 0.59055614375 0.5881870609375001 0.5792663421875 0.57131053125 0.5195380328125 0.568841978125
0 0.5104685015625 0.61500149375 0.5036212515625 0.6116232875 0.46510596406250004 0.6119647984375 0.4649119953125 0.6165824203125 0.4806239828125 0.62772615 0.52032491875 0.6294544296875 0.508063071875 0.61984941875 0.5104685015625 0.61500149375
0 0.456131484375 0.5784398359375 0.481840090625 0.5944474546875 0.5111913390625 0.596831778125 0.51630223125 0.5819167671875001 0.50878150625 0.570046528125 0.456555021875 0.570761478125 0.456131484375 0.5784398359375
0 0.51020039375 0.5954165609375 0.490332125 0.593773978125 0.48973131875 0.5989401062499999 0.5095661890625001 0.6148423921874999 0.51020039375 0.5954165609375
0 0.434815334375 0.597320096875 0.46027620625 0.6129739109375001 0.4980482859375 0.6115709890625001 0.49960443750000005 0.606263190625 0.48219389531249995 0.59419971875 0.43748593125 0.5909683218749999 0.434815334375 0.597320096875
0 0.398862371875 0.5760947859375001 0.428870396875 0.5941009937499999 0.467845559375 0.59291020625 0.46957824375 0.58484244375 0.44540908906250004 0.5706568796875 0.3989321046875 0.568664165625 0.398862371875 0.5760947859375001
0 0.31879711093749996 0.5095665781250001 0.3626238703125 0.5371421984375 0.41490338906249996 0.536126475 0.4178565890625 0.5264131937500001 0.379283859375 0.4954223015625 0.3211487703125 0.4997472296875 0.31879711093749996 0.5095665781250001
0 0.2597241125 0.5121755203125 0.30627523437500004 0.5383707890625 0.350876396875 0.53693153125 0.354891009375 0.5264750390625 0.31173699374999997 0.502119259375 0.2618992375 0.5051161359375 0.2597241125 0.5121755203125
0 0.2473132546875 0.44889320625 0.2470669859375 0.45908379374999997 0.3018464421875 0.49665382812500003 0.36210435625000004 0.4908424828125 0.3640847765625 0.48312852343749996 0.310454634375 0.4407992 0.2473132546875 0.44889320625
0 0.182722525 0.46696566562499997 0.244047725 0.5025886749999999 0.293106671875 0.4969735015625 0.2936893109375 0.4883928328125 0.2396000296875 0.45218497968750004 0.18530448906250002 0.45935777499999997 0.182722525 0.46696566562499997
0 0.15063516562499998 0.381606559375 0.14697435625 0.3918153140625 0.2251979265625 0.44592404218750004 0.2879499015625 0.43652088593749994 0.292053146875 0.427320509375 0.2126257625 0.36772745156250003 0.15063516562499998 0.381606559375
0 0.0796941296875 0.4075528125 0.1578813640625 0.45483245937500005 0.21408759375000003 0.44737632656250004 0.2150770703125 0.43824715156250005 0.13442990625 0.385571809375 0.081179078125 0.399131246875 0.0796941296875 0.4075528125
0 0.6108339421875 0.48126975312500003 0.5887750375 0.48212685781250003 0.5871943546875 0.49937435937499997 0.6019835453125 0.4983307984375 0.616756534375 0.53051116875 0.6306501640625 0.530405084375 0.632211184375 0.5215520953125 0.6108339421875 0.48126975312500003
0 0.577621021875 0.410785484375 0.5239009328125 0.41518810781250004 0.51838475 0.4423304328125 0.568668 0.43878232031250003 0.5885663234375 0.47916901875000006 0.60589679375 0.4782084234375 0.6077914078125 0.4716050328125 0.577621021875 0.410785484375
0 0.522483590625 0.4087309890625 0.564497209375 0.404454978125 0.565703246875 0.38933219218750004 0.5214484515625 0.3048516671875 0.40011723593750004 0.3323850625 0.40043117031250003 0.34302917499999996 0.411786115625 0.3614621890625 0.41405537499999995 0.35273408125 0.49935195312499997 0.33491250781250004 0.5283556234375 0.3940658140625 0.522483590625 0.4087309890625
0 0.3773295671875 0.3353044453125 0.28555534374999997 0.35673051875 0.2837659515625 0.37102018281250004 0.3069317234375 0.39080550625 0.30838752343750003 0.3742662421875 0.373605371875 0.36677917031249996 0.4037919578125 0.394374784375 0.410037771875 0.3713775390625 0.3773295671875 0.3353044453125