0 0.634344540625 0.6890582968750001 0.720351409375 0.648687725 0.717543021875 0.6371031265625 0.693320678125 0.6216569953125 0.691916484375 0.631135303125 0.632940346875 0.6616765171875 0.5971334046875 0.63885836875 0.59818655 0.6592191781250001 0.634344540625 0.6890582968750001
0 0.5213069406249999 0.712929590625 0.471809109375 0.6599212750000001 0.47251120625 0.6441240953125 0.43319378124999997 0.6592191781250001 0.4356511203125 0.67010168125 0.48830838749999994 0.738205078125 0.5216579890624999 0.74066241875 0.6104732453125 0.69818555625 0.614334778125 0.6862499093750001 0.5957292109375001 0.673612165625 0.5950271140625001 0.6809841828125001 0.5213069406249999 0.712929590625
0 0.4244708484375 0.6253917 0.3941338859375 0.58790211875 0.380321934375 0.592588315625 0.381308503125 0.6017140703125 0.422990996875 0.653755528125 0.47305931875 0.63328424375 0.47207275156249995 0.626624909375 0.47231939375 0.6130595999999999 0.4244708484375 0.6253917
0 0.3787329078125 0.570125934375 0.357905096875 0.5457990515625 0.3582383421875 0.539300775 0.34440867656249996 0.54296646875 0.3454084109375 0.551464215625 0.37306774374999996 0.5876212953125 0.39539515625 0.5809563953125 0.39489528906250004 0.5724586484375 0.394395421875 0.56579375 0.3787329078125 0.570125934375
0 0.3127504046875 0.507642503125 0.37756655 0.49664541875 0.3754004578125 0.491480121875 0.31225053593749996 0.5023105828125 0.2967546453125 0.48314899687499996 0.29708789062499996 0.4901471421875 0.3127504046875 0.507642503125
0 0.39172946249999996 0.49381283593749997 0.44838110625 0.48348224218749997 0.44838110625 0.47865019062499997 0.39489528906250004 0.48498184375 0.37640019375 0.472985025 0.3767334375 0.47915005781250003 0.39172946249999996 0.49381283593749997
0 0.4578785890625 0.479483303125 0.5083652015625 0.4716520453125 0.50803195625 0.4663201265625 0.483371828125 0.452990328125 0.4513803109375 0.45732251249999994 0.4513803109375 0.46931933125 0.4578785890625 0.479483303125
0 0.49336917812500003 0.43282900625 0.49403566718749997 0.430163046875 0.47287461249999996 0.4211654328125 0.4373840234375 0.42583086249999996 0.4510470671875 0.433495496875 0.45404627187499996 0.43949390624999995 0.49336917812500003 0.43282900625
0 0.48487143125000004 0.4526570828125 0.52502745 0.444825825 0.525194071875 0.442159865625 0.5002006999999999 0.4321625171875 0.46154428281250004 0.43849417187500006 0.46087779375000004 0.44265973281250004 0.48487143125000004 0.4526570828125
0 0.5213617546875 0.4698191984375 0.5643503562500001 0.46248780937499995 0.5646836015625001 0.45532304218749997 0.53285870625 0.44449258125 0.49286931093749997 0.45215721562500005 0.49353579999999997 0.4564894 0.5213617546875 0.4698191984375
0 0.604672996875 0.5288035578125 0.6543264984375 0.5136409125 0.6549929875 0.5079757468749999 0.6056727328125 0.48681469218749995 0.55601923125 0.49997786875 0.554852875 0.5064761453125 0.604672996875 0.5288035578125
0 0.6669898062499999 0.5116414421875 0.7108115203125001 0.498478265625 0.7099784078125 0.4921466109375 0.6634907343750001 0.4738181375 0.6176695515625 0.486314825 0.6185026640625 0.49098025468750006 0.6669898062499999 0.5116414421875
0 0.6798197375 0.5704591796875 0.733472178125 0.5491315015625 0.7354716484375 0.5414668671875 0.6713219921875 0.5149738921875 0.6166698171875 0.5316361406250001 0.6171696843750001 0.5381344171875 0.6798197375 0.5704591796875
0 0.785625015625 0.6232785062499999 0.8429431515625 0.5961190421875 0.8422766609375 0.584622090625 0.7697958796875 0.5532970640625 0.75563296875 0.549464746875 0.6986480796875 0.5716255359375 0.69848145625 0.5791235484375 0.785625015625 0.6232785062499999
0 0.769495959375 0.55296381875 0.857306009375 0.5902872546875 0.901627590625 0.5669601078125 0.9034604375 0.5579624921875 0.8159503078125001 0.5271373328125 0.7691293906250001 0.54629891875 0.769495959375 0.55296381875
0 0.7468019765625 0.5447993171875 0.7916234249999999 0.5278038234375 0.7919566703124999 0.519639321875 0.7268072796875 0.4981450203125 0.6814859625 0.5109749515625001 0.6808194734375 0.51813971875 0.7468019765625 0.5447993171875