0 0.386853503125 0.40009267968750006 0.36874089374999997 0.469866296875 0.38410344687500003 0.4737849984375 0.39880188125 0.430965121875 0.41568115156249996 0.4314049296875 0.41733357499999996 0.40836204218749994 0.386853503125 0.40009267968750006
0 0.4865257109375 0.488493478125 0.48697117656250005 0.4969679828125 0.5005594125 0.5007936984375 0.52532069375 0.46116997812499994 0.5526598953125 0.46571635 0.553822246875 0.443537375 0.5226768046875 0.43523314218750003 0.4865257109375 0.488493478125
0 0.45765975000000003 0.5470283874999999 0.47386296874999995 0.5518807421874999 0.49416709531249997 0.520919390625 0.49862613749999996 0.5207082828125 0.499790375 0.5069805640625 0.4822564171875 0.5020584671874999 0.45765975000000003 0.5470283874999999
0 0.7094068109375 0.368958815625 0.5887921281249999 0.327943434375 0.5324317828125 0.4188420609375 0.53243366875 0.42729331875 0.55405283125 0.43065032031249995 0.5528364421874999 0.4199114234375 0.595265503125 0.35719455 0.677052525 0.38372071874999997 0.6787860078125 0.410054640625 0.7102493625 0.378343725 0.7094068109375 0.368958815625
0 0.4221878171875 0.40061007968749995 0.4227457453125 0.389964171875 0.44717213750000007 0.314294275 0.540236509375 0.346304240625 0.5394926046874999 0.3604987859375 0.555537175 0.3344293765625 0.5561764671875 0.322230940625 0.4139426234375 0.27785855625 0.38884772343749996 0.391746034375 0.4221878171875 0.40061007968749995
0 0.595310771875 0.56002474375 0.5957794859375001 0.56805566875 0.6619444624999999 0.5786399953125 0.707790225 0.55257560625 0.7083714 0.54148611875 0.6365793703125 0.5279381046875 0.595310771875 0.56002474375
0 0.6749477515625 0.57665268125 0.6767704484375 0.5843097671875 0.7353713265625 0.5949424734375001 0.789668346875 0.5688761999999999 0.7865614046875 0.5602622125 0.723313621875 0.54493799375 0.6749477515625 0.57665268125
0 0.6501405874999999 0.5153048828125 0.648391403125 0.5232195734375 0.7235925859375001 0.539615040625 0.7906798984375001 0.49865115156249995 0.7893240265625 0.49057373125000003 0.7045965640625 0.4692310359375 0.6501405874999999 0.5153048828125
0 0.7388835140625 0.536413221875 0.7383720796875 0.546171971875 0.8074561359375 0.5604676625 0.882785484375 0.5234941046875 0.8850712375 0.51382834375 0.8068579859374999 0.495495828125 0.7388835140625 0.536413221875
0 1 0.44325569062500003 0.931742575 0.42108754375 0.8310418640625 0.48386411249999994 0.8314640828125001 0.4927821984375 0.91275914375 0.511721021875 1 0.4690210203125 1 0.44325569062500003
0 0.809891415625 0.4885380375 0.9112933078125 0.42935659687500005 0.9075549234375 0.41581674062499996 0.8121564187500001 0.38590843750000003 0.723106896875 0.455522790625 0.7251174578125 0.46808249999999996 0.809891415625 0.4885380375
0 0.5515277234375 0.6231154562500001 0.5508284265625 0.6279715828125 0.6032656843749999 0.637391671875 0.62943310625 0.6218607296875 0.6306689703125 0.6152535296874999 0.575523740625 0.6065811203125 0.5515277234375 0.6231154562500001
0 0.525522371875 0.6417731171875001 0.525106603125 0.6462629828125 0.57003431875 0.6533096656249999 0.5939863843750001 0.6404885765625 0.593180078125 0.6352128 0.5443401406249999 0.6270587546875 0.525522371875 0.6417731171875001
0 0.5053402859375 0.6549722484375 0.5032293140624999 0.6608170015625 0.54696325 0.666537859375 0.5655735140625 0.6557828765625 0.56558218125 0.6521740078125 0.5215826203125 0.64463456875 0.5053402859375 0.6549722484375
0 0.539234903125 0.6280544640625 0.5619169671875001 0.611918425 0.5630895890625001 0.6033175015625 0.5033523015625 0.596487246875 0.49414301875 0.6069228140625 0.49305681718749994 0.6207617859375001 0.539234903125 0.6280544640625