0 0.19047151874999999 0.44753739687499994 0.18845845156250002 0.457960321875 0.218448678125 0.504532084375 0.21903541875000002 0.5031201015625 0.32237271875 0.50069239375 0.3257023703125 0.4894919265625 0.31625745156249996 0.45245113281249993 0.19047151874999999 0.44753739687499994
0 0.441916525 0.5049266328125 0.4540433515625 0.458957075 0.342684325 0.45380920781249995 0.34695247500000004 0.50194123125 0.441916525 0.5049266328125
0 0.342747121875 0.45470724687499997 0.461102078125 0.45665861874999997 0.4811626890625 0.3950937546875 0.47919080625 0.38410165625000003 0.3354248984375 0.3758053109375 0.342747121875 0.45470724687499997
0 0.3096787515625 0.45070259375 0.3076231375 0.438513109375 0.2890869046875 0.3670131625 0.12018509531249999 0.357165575 0.11682524218749998 0.3736442828125 0.1722166921875 0.4473800296875 0.3096787515625 0.45070259375
0 0.46944807656250004 0.49427793593749997 0.4702853703125 0.506251803125 0.553602121875 0.5061411265625 0.5880564125000001 0.46974026875 0.58349506875 0.46043329375 0.48688776093749997 0.45545712812500005 0.46944807656250004 0.49427793593749997
0 0.49049250781250003 0.44678236718750003 0.49287469375 0.45503848125 0.5940140671874999 0.46029935625 0.6448948031249999 0.40500203125 0.6465841703125 0.39044499843749997 0.5197491375000001 0.38337121406249997 0.49049250781250003 0.44678236718750003
0 0.7200368421875 0.481568028125 0.720838565625 0.4887314171875 0.7999372375 0.49282623281250004 0.8681758390625 0.45346132499999997 0.8654315078125 0.444328103125 0.78152235625 0.44026885781249997 0.7200368421875 0.481568028125
0 0.8150636875 0.48545146875 0.8163594421875 0.4910762609375 0.8872710921875001 0.494239515625 0.9681387593749999 0.45910527500000003 0.9638558296875 0.44947802187499997 0.8884749125000001 0.4469280984375 0.8150636875 0.48545146875
0 0.9922728359375 0.4471901015625 0.9049660671875 0.48488028125 0.9056421968749999 0.490247590625 0.96767810625 0.49553555156250007 0.9989965046875 0.4831179984375 0.9978787453125 0.4585297046875 0.9977328046875 0.45011721875 0.9922728359375 0.4471901015625
0 0.8261728953125 0.5195686484375 0.8280254796875001 0.5245528828125 0.879312134375 0.5266819671875 0.9484717593750001 0.5004883140625 0.9443981546875 0.49385452812499997 0.8833167874999999 0.49361359687500006 0.8261728953125 0.5195686484375
0 0.74832181875 0.5247117171875 0.8091038390625 0.5249735796875 0.8669301546874999 0.50017405 0.8631140328125 0.4929206375 0.79532144375 0.49134413906249996 0.747903171875 0.51872478125 0.74832181875 0.5247117171875
0 0.8152645265625 0.5227379203125 0.7976595734374999 0.52908275625 0.7993384046875 0.5358840015624999 0.81523100625 0.5308621453125 0.8676522515625 0.5320094625 0.871696578125 0.5296209828125 0.8708048328125001 0.52547199375 0.8152645265625 0.5227379203125
0 0.7398019296875 0.5319253140625 0.7951119796875 0.5313665734375 0.7979379890625 0.528762478125 0.7964475484375 0.524655353125 0.7382131203125 0.5221096703125 0.718102440625 0.5313370171875 0.720137121875 0.5432271562500001 0.7398019296875 0.5319253140625
0 0.713507578125 0.5301542703125001 0.7146358734375 0.5333842875 0.7214915703125 0.5238805765625 0.656671515625 0.52179540625 0.62690635625 0.5392181218750001 0.6274505984375 0.5470011359375 0.6533870484375 0.53074858125 0.713507578125 0.5301542703125001
0 0.6654635265625 0.518473315625 0.66891750625 0.52484961875 0.7332916859374999 0.5248602953125 0.782206690625 0.4973749890625 0.7796507515625 0.49093588749999995 0.70991555625 0.48738955468749995 0.6654635265625 0.518473315625
0 0.38136678125 0.5339143546875 0.43711980468749995 0.532871271875 0.43930961562500004 0.54785255 0.44610679218750005 0.5286734046875 0.44536559843749995 0.522157475 0.366135171875 0.52027338125 0.36588568125 0.5514163 0.3799916046875 0.5510010265624999 0.38136678125 0.5339143546875
0 0.467774915625 0.520019353125 0.4579612109375 0.5409799843750001 0.45816089218749995 0.5499609984375 0.468073884375 0.5508383640625001 0.47631175625 0.53184403125 0.52914065625 0.5318620890625 0.5294068984375 0.543836771875 0.5443663578125 0.529084075 0.5432714515625 0.5215934359375 0.467774915625 0.520019353125
0 0.2493034953125 0.5278719374999999 0.2649921328125 0.5480487140625 0.2654591609375 0.534309425 0.327072346875 0.53335628125 0.331220503125 0.551841440625 0.3428414734375 0.5506004921875001 0.3447501734375 0.543185375 0.3394663625 0.520710471875 0.249771496875 0.520272009375 0.2493034953125 0.5278719374999999
0 0.598197525 0.5615068953125 0.5980774640625001 0.5644447671874999 0.6194066984375 0.5544903515625 0.6247675046875 0.5535729921875 0.6253564609375 0.54647936875 0.6205226796875001 0.5456238890625 0.598197525 0.5615068953125