0 0.287216815625 0.4949080296875 0.36930235 0.4642084421875 0.3670056109375 0.45651382187499995 0.2890384578125 0.48628454843749996 0.254663140625 0.46360948124999996 0.25608184375 0.4723883890625 0.287216815625 0.4949080296875
0 0.380562103125 0.4611055640625 0.4469225 0.4365227671875 0.4461748484375 0.42940933125 0.3887870875 0.45205706562500003 0.3589028671875 0.4390779875 0.3605919 0.45278849374999997 0.380562103125 0.4611055640625
0 0.43959531093750004 0.37331707812500003 0.4400097484375 0.37726017500000003 0.469999025 0.36776576875 0.46918845 0.3635018859375 0.4404844859375 0.3576394265625 0.41247644687499996 0.3652946921875 0.43959531093750004 0.37331707812500003
0 0.46793407187499997 0.39371484687499997 0.5122247437499999 0.3789118625 0.5113673453125 0.3724783625 0.4758999453125 0.36605828749999997 0.43790175937500003 0.376938096875 0.44047558125 0.38590936875000004 0.46793407187499997 0.39371484687499997
0 0.44277293437500004 0.4015437859375 0.44756157500000004 0.42296708125000004 0.4477870890625 0.4285609375 0.4557669296875 0.43207129999999994 0.5089352234375 0.41035525625 0.5082382171875001 0.40372368593749997 0.4692529296875 0.39314306875 0.44277293437500004 0.4015437859375
0 0.517931428125 0.408294125 0.5656845546875 0.3902278359375 0.5636102109375 0.38428466562499997 0.5205967859375 0.375033478125 0.4792583203125 0.39206313593750003 0.479502671875 0.397836225 0.517931428125 0.408294125
0 0.3424676828125 0.5410404109375 0.3508462765625 0.54833079375 0.409737028125 0.5978879125 0.44441288749999996 0.5781387062500001 0.44302262031249995 0.5514994265625 0.40864283749999997 0.5704574734375 0.3680247703125 0.527117121875 0.3424676828125 0.5410404109375
0 0.5881666234375 0.59779695 0.5171282390624999 0.64106741875 0.450333590625 0.60034910625 0.44989134062499997 0.5907341828125 0.4241508140625 0.6053742984375 0.42823072812499996 0.6225633421875 0.5280361328125001 0.696184434375 0.6127474515625 0.6207877109375 0.6134598046875 0.6059365718749999 0.6253839390625 0.5950218890625 0.58376261875 0.5721172 0.5881666234375 0.59779695
0 0.58672621875 0.540356040625 0.584000053125 0.5684901546875001 0.6386680296875 0.59116021875 0.7199048359375 0.5388019671875 0.7148203125 0.5228060984375 0.6812819921875 0.5099583796875 0.6800075296875 0.5248685984375 0.6331111171875 0.559918465625 0.58672621875 0.540356040625
0 0.8048180078125 0.648705434375 0.8027434203125001 0.6722245203125 0.844297565625 0.6954061625 0.9048745546875001 0.610277371875 0.907206734375 0.586209209375 0.8783053015625001 0.57952318125 0.8665672578124999 0.6035697015625 0.8226265406250001 0.6559267703125 0.8048180078125 0.648705434375
0 0.589108659375 0.4471976015625 0.60905510625 0.454330359375 0.617607821875 0.44789390312500005 0.6678780015625 0.46254539687499996 0.706565871875 0.44075904843749997 0.7060099531249999 0.43195743125 0.63815628125 0.415093184375 0.588956253125 0.43872274375 0.589108659375 0.4471976015625
0 0.72104545 0.43236170312500005 0.75900305 0.41065210781249994 0.7574668578125 0.40306103125000003 0.6904388484374999 0.390540025 0.6493682828125 0.4107309625 0.6525952765625 0.42035934218750004 0.72104545 0.43236170312500005
0 0.6814613640625 0.465681846875 0.6885908140625 0.46677835468750006 0.6883583453125001 0.47861618124999994 0.7669269890625 0.4996436796875 0.7700498703124999 0.48664264218750003 0.79209861875 0.49947566875 0.8328812734375 0.46710937656249996 0.8288632421875001 0.4563823328125 0.7310276296875 0.4349995953125 0.6814613640625 0.465681846875
0 0.8923204234375 0.525958396875 0.8903774125 0.539083515625 0.9596923390625 0.5578416625 0.994479834375 0.51165261875 0.9980722921874999 0.49475747031250006 0.85745191875 0.4612233859375 0.8119177656250001 0.49945728906250003 0.8923204234375 0.525958396875
0 0.8353838734375 0.45757167968749995 0.8695563546875 0.431460725 0.8684817921875 0.42123694843750004 0.7863494796875 0.4055042796875 0.7457011015624999 0.423416171875 0.7381114609375 0.43371147499999996 0.8353838734375 0.45757167968749995
0 1 0.47379610625 0.9969637734375001 0.44490834218749997 0.9029639906250001 0.42670825468749995 0.8694471734375 0.45748499843749996 0.8716597875 0.46675004375 1 0.49661494375000004 1 0.47379610625
0 0.6616656937500001 0.7248114203125 0.6087249984375 0.6929395046875 0.608377015625 0.6526227625 0.551577725 0.6950564499999999 0.5519286140624999 0.716897871875 0.5751397 0.7342041953125 0.8179802484375 0.7086806250000001 0.831237471875 0.700668309375 0.7984905125 0.6851489578125001 0.7832253203125 0.7110626203125 0.6616656937500001 0.7248114203125