0 0.75945271875 0.5387163203124999 0.852151140625 0.5264913046874999 0.8819446671875 0.5530109578125 0.8796295671875001 0.5435324140625 0.8571500890625 0.5181593062500001 0.7572965875000001 0.53199073125 0.75945271875 0.5387163203124999
0 0.6623822296874999 0.5521439734375 0.73211219375 0.5428141515625 0.7587359765625 0.5607443015625 0.75775645 0.546459859375 0.7387603109375 0.53319368125 0.662489446875 0.5451992999999999 0.6623822296874999 0.5521439734375
0 0.6176101546874999 0.6010668875 0.6162144640625 0.606362390625 0.643435071875 0.6174079828125 0.670840053125 0.6148090296875 0.6586513140625 0.60883954375 0.6576761265625 0.596543590625 0.6176101546874999 0.6010668875
0 0.5903829093749999 0.5656680484375001 0.6266054703124999 0.5803038828125 0.6586420109375 0.5765341546875 0.6593888109375 0.5542613703125 0.6509322421875 0.5482531484375001 0.5914650015625 0.5568551203125 0.5903829093749999 0.5656680484375001
0 0.659960540625 0.5779385203125 0.636652765625 0.57954958125 0.6374001921875 0.5856052140625 0.6581313359375 0.5948600234375 0.659960540625 0.5779385203125
0 0.5776494125 0.5904449578125 0.6098906625 0.6031009828125 0.6547581921875001 0.597924771875 0.6559691937500001 0.592109603125 0.624921903125 0.579848671875 0.5780658875 0.585029221875 0.5776494125 0.5904449578125
0 0.5288473578125 0.5730220859374999 0.56678354375 0.5878683265625 0.6131155546875 0.5808839765625 0.6142964984375 0.5753136109375 0.5796629921875 0.5598789109375 0.5295644125 0.5651583140625001 0.5288473578125 0.5730220859374999
0 0.803675421875 0.45486037343749997 0.7546217140625 0.39854715625 0.7180463875 0.4090622125 0.7176473578125 0.43213047656250003 0.75238630625 0.4266623 0.77992743125 0.46330033437499996 0.78199544375 0.472882271875 0.8052528593750001 0.46843773437499997 0.803675421875 0.45486037343749997
0 0.7186138359375 0.3945315109375 0.71533354375 0.401428928125 0.7396353296875 0.39508479687500003 0.742642009375 0.37720350156250004 0.668353396875 0.28859107968750003 0.5814296671875 0.3359141203125 0.58004948125 0.36697323437499996 0.553063175 0.378665671875 0.57498238125 0.401635309375 0.578823040625 0.37696179375 0.6664199281250001 0.3406716875 0.7186138359375 0.3945315109375
0 0.58348618125 0.2864866453125 0.5749859125000001 0.3221152140625 0.6441502625 0.28522559531249997 0.6385962125 0.2744587703125 0.39677104218750003 0.24659998593750002 0.38464943125 0.251987690625 0.3890865 0.2681182078125 0.40474999375 0.2824183328125 0.412054396875 0.2677294859375 0.4345386828125 0.252612478125 0.5627916890625 0.2683599671875 0.58348618125 0.2864866453125
0 0.36774262812499997 0.2627470890625 0.2920507375 0.3341322859375 0.289087934375 0.34706219531250004 0.3172851921875 0.3638180828125 0.31967749843750004 0.3480677015625 0.3717286796875 0.3049512203125 0.399815040625 0.322610296875 0.40640603437499995 0.2913313328125 0.36774262812499997 0.2627470890625
0 0.513287284375 0.5153951578125 0.4643916953125 0.493932265625 0.4594207671875 0.4872026171875 0.41404945781249997 0.49998960468750003 0.414506109375 0.50938565 0.4704265421875 0.5339655624999999 0.52654095 0.5202431843750001 0.5286615343750001 0.5108415171875 0.513287284375 0.5153951578125
0 0.4469795875 0.4731143765625 0.3965754921875 0.4508221265625 0.38619988125 0.456633659375 0.36476348125 0.44498369374999996 0.356864696875 0.44111523124999996 0.3199488265625 0.45848316406249995 0.320093815625 0.47041748749999995 0.3948621671875 0.50149851875 0.446245015625 0.481720021875 0.4469795875 0.4731143765625
0 0.36188745624999996 0.5261137953125 0.41875411875 0.548233346875 0.46123653124999997 0.5379902609375 0.462722546875 0.5285106765625 0.40454778593749996 0.50655258125 0.36183162812499997 0.518699375 0.36188745624999996 0.5261137953125
0 0.27537957031250004 0.49359133125000004 0.3452994875 0.5195680968749999 0.386501515625 0.504014709375 0.38648464531250004 0.49628300156250005 0.3119556625 0.46587549843750004 0.2744887609375 0.4851081828125 0.27537957031250004 0.49359133125000004
0 0.30166759062500004 0.40277520312500004 0.236100496875 0.37282394218750003 0.19755965 0.40867230625 0.1958009328125 0.42037288281249996 0.29659787656250003 0.4598029140625 0.34273146875 0.4329385265625 0.2999924109375 0.41641844531250005 0.30166759062500004 0.40277520312500004
0 0.1582898546875 0.45570354843749994 0.24816537656249998 0.4870291671875 0.2858214421875 0.463632825 0.28584353125 0.4555838328125 0.1906352140625 0.415229659375 0.1608000171875 0.4431290328125 0.1582898546875 0.45570354843749994