0 0.41973907187500004 0.5806625359375001 0.420279728125 0.586429540625 0.455310175 0.586258115625 0.48569918124999995 0.5875108531250001 0.48623983906249996 0.58174385 0.46165797187499996 0.581353 0.41973907187500004 0.5806625359375001
0 0.5634454203125 0.588627653125 0.5625443265625 0.5834013046875001 0.49946771874999996 0.581058459375 0.4996479375 0.588627653125 0.5634454203125 0.588627653125
0 0.5586868984375 0.64766754375 0.5904054203125 0.6489290765625 0.5994163640625 0.6357730984375001 0.5997768031249999 0.6314478453125 0.566616528125 0.6318082828125 0.5669769671875 0.6373950671874999 0.5586868984375 0.64766754375
0 0.5653914125 0.6324217703125 0.6026967203125 0.6326019890625 0.6162131359374999 0.6172833843750001 0.6154922609375 0.612417475 0.5653914125 0.61223725625 0.5653914125 0.6324217703125
0 0.5651142515625 0.6018941828125 0.5645735953125001 0.6107249078125 0.6215227609375 0.612346878125 0.6379226796874999 0.5923425828125 0.637201803125 0.5849536078125 0.5743054140625 0.5842327328125 0.5651142515625 0.6018941828125
0 0.5999215359375001 0.6423692953125 0.6004621921875 0.6477758609375 0.6456971312500001 0.64975826875 0.659934421875 0.6387649171875001 0.6601146421874999 0.6346198828125 0.6127170765625001 0.63209681875 0.5999215359375001 0.6423692953125
0 0.6150608515625 0.6236984328124999 0.616682821875 0.6316280640625 0.6655221375 0.634151128125 0.68282315 0.6200940546875 0.68300336875 0.6139666140625 0.6276761734375 0.6125248625 0.6150608515625 0.6236984328124999
0 0.633593609375 0.60427344375 0.6361166734375 0.6125635125 0.6918043078125 0.6136448265625 0.7143316671875 0.5950822812500001 0.7136107921875 0.58661199375 0.651435278125 0.58517024375 0.633593609375 0.60427344375
0 0.650718253125 0.5355439015625 0.6516030890625 0.5448346875000001 0.7294687234375 0.549258871875 0.768401540625 0.512095728125 0.768401540625 0.50103526875 0.6777057734375 0.49749592187499997 0.650718253125 0.5355439015625
0 0.74318369375 0.534739015625 0.746280621875 0.5440298015625 0.819722071875 0.5480115671875 0.8714850234375 0.512175678125 0.8683880937499999 0.50111521875 0.7852134390625001 0.5002303828125 0.74318369375 0.534739015625
0 0.6883238140625 0.4826143671875 0.6892086515625 0.490577896875 0.7816740921875 0.49588691718750005 0.843612665625 0.4419118765625 0.8334370421875 0.42863932499999996 0.7294687234375 0.425099978125 0.6883238140625 0.4826143671875
0 0.805324065625 0.4832174546875 0.8031119734375001 0.49427791406250005 0.8986743421875 0.499144515625 0.9681340281249999 0.44516947343749996 0.9668067718750001 0.43366659687500003 0.8650505453124999 0.43012724843749994 0.805324065625 0.4832174546875
0 0.751791440625 0.40080655624999995 0.7562156250000001 0.41142459843749996 0.8694747296875001 0.41629120000000003 0.9632674250000001 0.327807525 0.9601704968749999 0.316747065625 0.8216935453125 0.309668371875 0.751791440625 0.40080655624999995
0 1 0.4118274265625 0.9989806953125001 0.3242285875 0.9908369796875001 0.31392915781249997 0.88758205625 0.411713621875 0.8944201312500001 0.42060311875 0.9812839609375 0.4295241609375 1 0.42470596250000003 1 0.4118274265625
0 0.502445696875 0.41527168281250004 0.515447178125 0.3112598390625 0.36593015156250003 0.303258928125 0.361929696875 0.31326006562500003 0.38043180312499997 0.4137715109375 0.39693368281249997 0.4067707140625 0.3924331703125 0.389268721875 0.4034344234375 0.3302620015625 0.49994541249999996 0.33776285625 0.502445696875 0.41527168281250004
0 0.667199375 0.384798375 0.69370239375 0.318790859375 0.547185709375 0.305289321875 0.529183659375 0.4078009953125 0.551186165625 0.4103012796875 0.5476857671875 0.404800653125 0.5616873609375 0.3382930796875 0.6566981796875 0.3427935921875 0.667199375 0.384798375