0 0.4629624921875 0.40775254843750003 0.4603997890625 0.37846071875 0.39563463906249996 0.34431460625 0.35507698125 0.382870334375 0.356839284375 0.41085935156250003 0.398614525 0.3783748734375 0.453127628125 0.40518089062499996 0.45239516249999995 0.4203462015625 0.472056553125 0.4097026 0.4629624921875 0.40775254843750003
0 0.5980974515625 0.3204236296875 0.5138586593750001 0.2598380421875 0.4186424578125 0.3326918109375 0.418591196875 0.34779752343750003 0.46048501562500005 0.37158906875 0.46272471875 0.350114115625 0.5285722015625 0.3024816203125 0.5808968625 0.3356568765625 0.5825912296875 0.34717777031249997 0.5978078015625 0.332804521875 0.5980974515625 0.3204236296875
0 0.6718736468750001 0.37827096718750003 0.61291690625 0.33126046875 0.5830093765625 0.351266553125 0.5874839015625 0.371831678125 0.6085635359375 0.3579485546875 0.6495993078125 0.38869153437500004 0.6497595781250001 0.4007164078125 0.6743625484375 0.391429765625 0.6718736468750001 0.37827096718750003
0 0.541212803125 0.48784688281250005 0.5363725953125 0.49300481874999996 0.49597908906250004 0.508792725 0.48971562031250004 0.5040492375000001 0.48355225625 0.50681645 0.482691909375 0.51608216875 0.5296975578125 0.52812261875 0.5787660546875 0.509626259375 0.5777642609375 0.50135895 0.541212803125 0.48784688281250005
0 0.5379027234375 0.52322728125 0.5382066703125 0.529884653125 0.5738564359375 0.5426401140625 0.62350188125 0.524371778125 0.6218160203124999 0.517835309375 0.585661846875 0.5056809734375001 0.5379027234375 0.52322728125
0 0.61694198125 0.4589415609375 0.5949556312500001 0.4686630734375 0.587790471875 0.463162978125 0.55021955625 0.476197453125 0.5520021390625 0.483839453125 0.5964511796874999 0.501673546875 0.6564644937499999 0.47776366562500006 0.6564611109375 0.47135849687500003 0.62429381875 0.45384238281249994 0.61694198125 0.4589415609375
0 0.6025661859375 0.49835356875 0.603422896875 0.504962578125 0.6386725765625 0.5197025328125 0.6957078203125 0.49995217812500004 0.695583534375 0.49216509375 0.661473965625 0.474540409375 0.6025661859375 0.49835356875
0 0.6598816937499999 0.4404244046875 0.63593648125 0.45003879687500004 0.6749441890625001 0.47252642187499994 0.7533888359375001 0.44282653125 0.753841496875 0.4352674703125 0.7167409078125 0.4059290328125 0.6576776468750001 0.43114828593750004 0.6598816937499999 0.4404244046875
0 0.6837504812499999 0.46813549062500004 0.6846313734375 0.475020884375 0.7155618328125 0.4943161984375 0.7910767703125 0.46932859843749997 0.787767190625 0.46014920156250005 0.7602604484375 0.43860486249999997 0.6837504812499999 0.46813549062500004
0 0.36811834375 0.5854463703125 0.3529967609375 0.5910966390625 0.3517900578125 0.5966583765625 0.370382109375 0.5984183671875 0.3965992328125 0.588410778125 0.3975468546875 0.5841887140625001 0.36886291718750003 0.5810539265625 0.36811834375 0.5854463703125
0 0.3692971171875 0.5731139078124999 0.36872520937500003 0.5816304046874999 0.40420551875 0.587180884375 0.43370885000000003 0.57387549375 0.4335851921875 0.570311584375 0.39053829375000004 0.5642942343749999 0.3692971171875 0.5731139078124999
0 0.367834125 0.5391879171875 0.36921789375 0.5614559375 0.390213871875 0.5648870484375 0.42591144999999997 0.5514160171875 0.424949946875 0.54472696875 0.37567384531250003 0.5341747265625 0.367834125 0.5391879171875
0 0.3822972140625 0.56256936875 0.36962399375 0.561796696875 0.36912673749999997 0.5733169593749999 0.382413846875 0.568203471875 0.3822972140625 0.56256936875
0 0.4023480234375 0.5594981453125001 0.403195178125 0.5648801921875 0.44128246562499995 0.5722721703125 0.4769566828125 0.5606846203125 0.47689608124999994 0.553540465625 0.436250825 0.54486713125 0.4023480234375 0.5594981453125001