0 0.315849440625 0.5046985359375 0.38251135468749997 0.4954889765625 0.3803118515625 0.48964344375 0.31853518593749997 0.49661996718749996 0.3028642875 0.47732437968749997 0.30120589375 0.48351591562499996 0.315849440625 0.5046985359375
0 0.397993246875 0.4926645265625 0.4511776703125 0.48394577656250004 0.4518590140625 0.4782008484375 0.3940240796875 0.48243065625000003 0.3786488875 0.468433390625 0.3793409 0.476149184375 0.397993246875 0.4926645265625
0 0.441914965625 0.4268548671875 0.45556995 0.4327216546875 0.45562040625 0.43862668749999995 0.46091426562500004 0.44137819375 0.499078071875 0.43629430312500006 0.49922130468750003 0.4321926796875 0.4787791125 0.42223891875 0.441914965625 0.4268548671875
0 0.5125678484375 0.476291634375 0.5102997484375 0.46774251875 0.48690666875 0.4540924140625 0.45570910781249996 0.45813625 0.4538633765625 0.47424162968749994 0.4623018140625 0.482492890625 0.5125678484375 0.476291634375
0 0.45469265625000005 0.457844090625 0.477862753125 0.45582990468749995 0.47774068124999997 0.45197568125 0.45635365156249996 0.43967894999999996 0.45469265625000005 0.457844090625
0 0.5047625640625 0.43520948906249995 0.4653259515625 0.43999226875 0.46514691093750005 0.445119296875 0.48606599843750004 0.45611636874999995 0.529914296875 0.4499476640625 0.5300485765625 0.44610239218750003 0.5047625640625 0.43520948906249995
0 0.5675051765625 0.4612702625 0.53948881875 0.4477153734375 0.49742602812500003 0.45420309375 0.4969279734375 0.46111562812500007 0.524184228125 0.47438731250000005 0.5688373890625 0.4672200578125 0.5675051765625 0.4612702625
0 0.6030606984375 0.538227771875 0.6558935031249999 0.52467289375 0.6569132140625 0.5175219109375 0.6066602046875 0.49395059531249996 0.5580006375 0.5055978953125 0.5577678859375 0.5122630328125 0.6030606984375 0.538227771875
0 0.6691017046875001 0.521284175 0.7123599890625 0.5099615875 0.7146704078125 0.5025990109375 0.6643010234375 0.482360265625 0.6211322578125 0.49111934062499996 0.620243571875 0.50186819375 0.6691017046875001 0.521284175
0 0.6800987671875001 0.5812142515625001 0.7350124953125 0.5595187921875 0.736243796875 0.5536585171875 0.6733433046874999 0.5247689265625 0.618671278125 0.5395428984375 0.618501190625 0.544413575 0.6800987671875001 0.5812142515625001
0 0.7463814765625 0.557349165625 0.7941409671875 0.5420771390625 0.794975940625 0.5328663921875 0.7299172140625 0.506981403125 0.6853145078125 0.5200536890625 0.684232134375 0.528999134375 0.7463814765625 0.557349165625
0 0.7838356265625 0.638736265625 0.8425083624999999 0.61229545625 0.8451377984375 0.603147375 0.7575535140625 0.5608192703125 0.70070535 0.5791105453125 0.6987464984375 0.5911053500000001 0.7838356265625 0.638736265625
0 0.8566198984375 0.6050883218750001 0.9045584265625 0.5846892687499999 0.9053754984375001 0.5759912234375 0.8185480609375 0.54138946875 0.773599484375 0.5570163203125 0.7717212015625 0.5667039609375 0.8566198984375 0.6050883218750001
0 0.690489665625 0.632329815625 0.6914858140625 0.6461742734375 0.6319889 0.6692499203125 0.5959210703125 0.642837078125 0.59266676875 0.66541075 0.63348859375 0.6969216296875 0.7180972546875 0.6609132328125 0.7180691078125 0.647595784375 0.690489665625 0.632329815625
0 0.5899050671875 0.6880016234374999 0.5130466765625 0.7139234125 0.47009493593749996 0.658664434375 0.4705421890625 0.6458567875 0.429684390625 0.65774646875 0.4292027328125 0.6715393187500001 0.4884442296875 0.7405186640625 0.53484625625 0.7393447937500001 0.6094308609375 0.707918375 0.605547909375 0.6920003 0.5927465203125 0.67725039375 0.5899050671875 0.6880016234374999
0 0.37822706093749997 0.5918332171875 0.3793952296875 0.60075165625 0.417014359375 0.6533584015625 0.47030761875 0.6384505593750001 0.471694725 0.61285246875 0.4249773109375 0.6230579203125 0.39521635 0.5855216624999999 0.37822706093749997 0.5918332171875
0 0.34648474687499997 0.5404180984375 0.3447145078125 0.5487407234375 0.3730664703125 0.58425496875 0.3948097578125 0.58304145 0.39597323906250004 0.5638471843749999 0.377626559375 0.566658921875 0.3564743984375 0.536821325 0.34648474687499997 0.5404180984375