0 0.6775705750000001 0.5925158546875 0.6772938484375 0.5828752328125 0.6644293828125 0.5765941796875 0.661732978125 0.5841812046875 0.6082987984375 0.6119052828125 0.5618627671875001 0.571047903125 0.5610793375 0.5548182109375001 0.5303387546875 0.570383596875 0.530061646875 0.577975903125 0.5939756578125001 0.642990071875 0.6775705750000001 0.5925158546875
0 0.6697807250000001 0.546308659375 0.665715003125 0.5673663890625 0.696005421875 0.587531359375 0.7622418640624999 0.5434211328125 0.76289523125 0.5339686421875001 0.743159690625 0.52097296875 0.74112155 0.5339211328125 0.6924109765625001 0.5631815421875 0.6697807250000001 0.546308659375
0 0.5580964109375001 0.5231373593749999 0.5160744421875 0.5403902578124999 0.48056427187499995 0.5072612875 0.46942388749999997 0.512559459375 0.47097039687500003 0.520230184375 0.5166851984374999 0.567525075 0.5603219187499999 0.54372495625 0.5580964109375001 0.5231373593749999
0 0.4786418828125 0.4842178234375 0.4631435953125 0.4909580734375 0.43506889062500004 0.46175344375 0.42501015937500003 0.4660118125 0.4264835265625 0.47308685468749995 0.46109489843749996 0.5087448328125 0.480731665625 0.4987754609375 0.4786418828125 0.4842178234375
0 0.8211103203125001 0.515634471875 0.8753335906249999 0.4844878640625 0.8773664531250001 0.4739589984375 0.7947035359375 0.43845671406250003 0.7447284578125 0.46726772343749995 0.7438922390625 0.47523101093750003 0.8211103203125001 0.515634471875
0 0.889494234375 0.47670253125000006 0.9354876671874999 0.44747341250000006 0.9365485859374999 0.43887787500000003 0.855991290625 0.4106753328125 0.8081847984375001 0.4349874359375 0.8085399437499999 0.4428044421875 0.889494234375 0.47670253125000006
0 0.779713140625 0.4350246609375 0.71620545625 0.408509409375 0.6665484421875 0.42992483281249994 0.66672825625 0.43970647500000004 0.7256292328125 0.46862555468749995 0.7778350015625 0.44301654375000005 0.779713140625 0.4350246609375
0 0.786173021875 0.43606968437500004 0.8325154093749999 0.412610315625 0.8331862828125001 0.40476666406249995 0.7717047140625 0.383108740625 0.7256200796875001 0.40367704375 0.7242714578125 0.4109911796875 0.786173021875 0.43606968437500004
0 0.7549301109375001 0.38455567031250004 0.7533876687500001 0.3769837828125 0.7027572109375 0.360529321875 0.6610816390625 0.3770841109375 0.6621228375 0.38390056562499997 0.7106846453125 0.40346844375 0.7549301109375001 0.38455567031250004
0 0.6049329046875 0.4005220828125 0.60446680625 0.40670663593749995 0.6508787140625001 0.43205307812499993 0.700285109375 0.41025993749999995 0.69969930625 0.40216209999999997 0.6538309203125 0.3812422921875 0.6049329046875 0.4005220828125
0 0.5650552515625 0.365182346875 0.60725320625 0.3512185921875 0.605608375 0.34447625312499996 0.5720171484375001 0.33205696093750003 0.5338681125 0.345727815625 0.5345598671875 0.3513617140625 0.5650552515625 0.365182346875
0 0.5094431640625 0.384673790625 0.5551923609375 0.3680273125 0.5544970390625 0.36402780468749996 0.52206723125 0.3494234671875 0.4997751265625 0.3558369875 0.50218200625 0.382093196875 0.5094431640625 0.384673790625
0 0.45376765937499997 0.3986584265625 0.43491065781250005 0.3864724421875 0.4346175 0.3940654703125 0.4510970328125 0.4068497390625 0.498923665625 0.3888248390625 0.497780078125 0.38283793125 0.45376765937499997 0.3986584265625
0 0.525438403125 0.3486010515625 0.5642651875 0.3354597125 0.564074675 0.33058124375000003 0.5382247109375 0.3196623765625 0.5004569562500001 0.3314482171875 0.50049566875 0.33675381249999997 0.525438403125 0.3486010515625