0 0.1490656609375 0.5687825281250001 0.24260696249999997 0.5312052078125 0.23888781093749997 0.5252010140625 0.1519004265625 0.559488671875 0.1165762109375 0.540964471875 0.12111560937500002 0.5496013890625 0.1490656609375 0.5687825281250001
0 0.2603016125 0.525553659375 0.3314024828125 0.49545306718750004 0.32982644687499996 0.48868874218749997 0.26442485 0.5146106328125 0.2342542109375 0.5036539624999999 0.23866036093749998 0.5172771265625 0.2603016125 0.525553659375
0 0.3197306390625 0.4327746828125 0.3236515203125 0.444469475 0.3614330765625 0.4303877015625 0.3615062109375 0.42491185 0.3324220015625 0.42077962031249994 0.3064598078125 0.4299312390625 0.3197306390625 0.4327746828125
0 0.34187759687499997 0.489693990625 0.3974974015625 0.46696110625 0.39641531093750004 0.45814817812499997 0.3577279859375 0.4527101203125 0.32755504687500003 0.4641182125 0.3322187046875 0.48591006718749996 0.34187759687499997 0.489693990625
0 0.3459714046875 0.45017774218750006 0.3236171234375 0.4462131578125 0.3259359359375 0.46307454375 0.34816162031250003 0.45587267656249997 0.3459714046875 0.45017774218750006
0 0.35947166875000003 0.45274451875 0.403682571875 0.43638235625000005 0.402776490625 0.43102673593749996 0.368431175 0.42654651406250005 0.3261486421875 0.4424234078125 0.326380428125 0.448358809375 0.35947166875000003 0.45274451875
0 0.40821731874999995 0.4611719703125 0.455550553125 0.4439294453125 0.45434389062499997 0.43612579062499995 0.413942940625 0.4308981390625 0.37067685625 0.44888375312499995 0.370878584375 0.45457435156250003 0.40821731874999995 0.4611719703125
0 0.2329413984375 0.5945330890625 0.21145005781249998 0.60447208125 0.21626530000000002 0.6172645203125 0.277485303125 0.660037828125 0.3104303640625 0.6409867421875 0.30523682343749997 0.6185071703125 0.2728526421875 0.6322170296875 0.23726606249999999 0.603330103125 0.2329413984375 0.5945330890625
0 0.45328397656249997 0.638452465625 0.3770684625 0.6948562046875 0.313395065625 0.655223096875 0.3149092828125 0.6477369890625 0.29286414843749997 0.65977180625 0.29427265625 0.6778493328125 0.387791865625 0.7458575453125 0.46068510937499996 0.6789114484375001 0.45451041718749996 0.648441025 0.47786645781250003 0.630567325 0.45104148750000006 0.61358271875 0.45328397656249997 0.638452465625
0 0.6233652937499999 0.7242025296875 0.4951122875 0.73995001875 0.4706472703125 0.7273682296875 0.47027571406249996 0.69074158125 0.41209024687499995 0.743267790625 0.42008405 0.75237115 0.661465628125 0.7208996062499999 0.671923771875 0.71273945625 0.663716178125 0.6981615078125001 0.64505844375 0.6880755 0.6415245656249999 0.70409511875 0.6233652937499999 0.7242025296875
0 0.640123490625 0.6478835359375 0.64129534375 0.6798278859375 0.6857254359375 0.6982095328125 0.7418993125 0.6106332546875 0.7416460796875 0.5973706515625 0.710232784375 0.5879340203125001 0.7117219015625 0.6037952984375 0.671647684375 0.65822335625 0.640123490625 0.6478835359375
0 0.46935015937499996 0.48677896093750006 0.4695670359375 0.49641437499999996 0.48338297968750005 0.4882766296875 0.536018503125 0.49727306718750003 0.5424698234374999 0.502600240625 0.583399959375 0.47921676875 0.5806837625 0.4702103 0.5204779859374999 0.45988889374999997 0.46935015937499996 0.48677896093750006
0 0.6016522656250001 0.47311085 0.5565805593750001 0.5047324765625001 0.5579497 0.5132602078125 0.6122495625 0.522696428125 0.6209110359375 0.5145474343750001 0.644529065625 0.5206654125 0.6531290875 0.522508075 0.684746715625 0.4967252875 0.681718859375 0.48518054062499993 0.6016522656250001 0.47311085
0 0.5910316625 0.47055007812499994 0.6295403921875 0.448430121875 0.6276925125 0.441249446875 0.567163828125 0.4335442328125 0.5284213515625 0.45376048124999996 0.5292727968750001 0.46331798125 0.5910316625 0.47055007812499994
0 0.69071408125 0.487618815625 0.7224152484374999 0.4598933609375 0.7194986390625 0.451877703125 0.6453712953124999 0.44358771875 0.6091558484374999 0.46864677656250003 0.6110426875 0.4761447375 0.69071408125 0.487618815625
0 0.668820621875 0.5270227609375 0.7142867171875 0.532712609375 0.715961896875 0.546355853125 0.7868272328125 0.5595553171875001 0.8155507484375001 0.5154479281250001 0.8144265984375 0.5036694374999999 0.7070847671875 0.4897956328125 0.668820621875 0.5270227609375
0 0.82068313125 0.5074101843750001 0.8428826265625 0.47312175312500004 0.842276175 0.46031349062500004 0.7474919875 0.45166123437500005 0.7166145546875 0.48347243281249996 0.7185403499999999 0.49128767812499996 0.82068313125 0.5074101843750001