0 0.6865687734375 0.636855478125 0.6862990953125 0.648984734375 0.6271947234375 0.6752220390625 0.5918958 0.646432784375 0.5889470875 0.6679196515625 0.626045496875 0.7040657578125 0.7111172265625 0.6663391921875 0.710074553125 0.6564320921875 0.6865687734375 0.636855478125
0 0.5180654031249999 0.7426266421875 0.599289096875 0.7102935109375 0.5998808109375 0.6935589203125 0.58605270625 0.6844932234375001 0.5062163078124999 0.7176687859374999 0.4618455015625 0.657296396875 0.46332689531250004 0.6443841515625001 0.4263614859375 0.6559720765625 0.425188053125 0.6686166171875 0.4727572578125 0.7370221640625 0.5180654031249999 0.7426266421875
0 0.465844909375 0.6373292078125 0.46545841406250005 0.6263110296875001 0.46568783593749996 0.614757440625 0.42082411249999996 0.6234791359375 0.39188567500000004 0.5864574250000001 0.3924754171875 0.5821600515625 0.375686496875 0.5864816328125 0.37481497343750003 0.594808671875 0.41305471875000005 0.651859928125 0.465844909375 0.6373292078125
0 0.3929182171875 0.57582771875 0.3917145265625 0.5682232859374999 0.3921573265625 0.561890953125 0.37530197187500003 0.5630262375 0.357172415625 0.5368837859375 0.357454196875 0.5328541203125 0.343765009375 0.5342108046875 0.3434087703125 0.5434416 0.3685047375 0.581640821875 0.3929182171875 0.57582771875
0 0.7821757593750001 0.6470118609375 0.8401751031250001 0.6241681734375 0.8398691140625001 0.6119986625 0.755211765625 0.5693452609375 0.6960550375000001 0.5880586437499999 0.69528415 0.59494651875 0.7821757593750001 0.6470118609375
0 0.8527069046875001 0.618681184375 0.9009058390625 0.5994908 0.9022463406250001 0.5885933859375 0.8156265171875001 0.553323015625 0.7694162375 0.56889233125 0.769528978125 0.5755527546875 0.8527069046875001 0.618681184375
0 0.7459547921875 0.5652270609375 0.7928272984375 0.5525964625 0.7935981859375 0.5457085890625 0.7302989156249999 0.516118321875 0.6831587046875 0.5284409609375 0.68337208125 0.5336622156249999 0.7459547921875 0.5652270609375
0 0.6780423 0.5850636265625 0.733155284375 0.5704060906249999 0.7355062296875 0.56160401875 0.673418675 0.5312307609375 0.6167799625 0.5428892000000001 0.6156809859375 0.5503326125 0.6780423 0.5850636265625
0 0.6023017328125 0.538984375 0.6549912890625 0.5258928203125001 0.655560903125 0.5218832812499999 0.609865775 0.49699490625 0.557665325 0.5072282546875 0.5578384484375001 0.513025175 0.6023017328125 0.538984375
0 0.6683523859375 0.525091675 0.7138722875 0.5152589015625 0.7150376953124999 0.5110017828125 0.6654729328125 0.4897475671875 0.6211717859375 0.4966285359375 0.6221882796875 0.5027736734375 0.6683523859375 0.525091675
0 0.49093532812499996 0.45574928750000004 0.53059075 0.45117297343749996 0.5303809265625 0.4458133609375 0.50774986875 0.4350442296875 0.4680927 0.43845121562499995 0.46774400937499994 0.4434377140625 0.49093532812499996 0.45574928750000004
0 0.5245704124999999 0.47396907187500004 0.569863828125 0.4687848265625 0.5697487375 0.46326480937500003 0.5402528109375 0.45034534531250003 0.498794 0.4556307015625 0.4978850515625 0.45907475781249996 0.5245704124999999 0.47396907187500004
0 0.5148868531249999 0.476298459375 0.5127039296875 0.46929761093750005 0.48848857187499994 0.4549100765625 0.4575908953125 0.45725929374999996 0.4571434484375 0.475601234375 0.464332621875 0.48027968281250005 0.5148868531249999 0.476298459375
0 0.500807134375 0.43639606875 0.5005409453125 0.4330368671875 0.4800474546875 0.422751265625 0.4463589671875 0.42440424375 0.45925997343749997 0.4381676296875 0.46662349062499997 0.44035283124999997 0.500807134375 0.43639606875
0 0.394898296875 0.48912077031249995 0.45194310312499997 0.48308797031250006 0.4523266625 0.47760282187499997 0.3988653875 0.482549971875 0.383548996875 0.46511006874999994 0.3805222296875 0.4653995046875 0.380950003125 0.47361385624999996 0.394898296875 0.48912077031249995
0 0.31648827343749997 0.4973342140625 0.38144986875 0.4903517453125 0.379769090625 0.485724421875 0.31634993749999996 0.49214663124999997 0.3010765453125 0.47170320625000006 0.301655415625 0.4777567421875 0.31648827343749997 0.4973342140625