0 0.0382985546875 0.4956576078125 0.1483257578125 0.44762213281249996 0.1415099125 0.43853433906249994 0.0382985546875 0.48202591874999995 0.0007593875 0.47057025937499997 0 0.48575801875 0.0382985546875 0.4956576078125
0 0.1648671890625 0.43928239375 0.24115106718749998 0.403481425 0.2385545546875 0.39666558125 0.1742908796875 0.424253521875 0.1367698328125 0.4172601421875 0.1424652421875 0.433966678125 0.1648671890625 0.43928239375
0 0.24927084375000003 0.3524000296875 0.2948341234375 0.33417471718749997 0.292555959375 0.32696053125 0.25078961875 0.3189869578125 0.22535012187499998 0.3296183890625 0.23104553125 0.3486030890625 0.24927084375000003 0.3524000296875
0 0.25085045625 0.3964648125 0.3055263921875 0.3698862328125 0.304007615625 0.36077357656250003 0.2531286203125 0.3505218390625 0.2337642265625 0.35659694218750004 0.24173779999999997 0.3903897078125 0.25085045625 0.3964648125
0 0.316937490625 0.3688891015625 0.3621210765625 0.3491450140625 0.3606023 0.3381338875 0.30896391562500003 0.331679090625 0.26340063593749996 0.34724654374999997 0.26681788281249996 0.3571185875 0.316937490625 0.3688891015625
0 0.44599427968749994 0.406889559375 0.4584399421875 0.3965897 0.4897686796875 0.4008813078125 0.496635253125 0.40216879062500005 0.5163766484375001 0.3867190015625 0.5159474890625 0.376848303125 0.446423440625 0.36354431875 0.41380722031249995 0.3871481625 0.41595302500000003 0.40216879062500005 0.44599427968749994 0.406889559375
0 0.521651390625 0.3770090359375 0.5464343578124999 0.3558005375 0.5461960593749999 0.3476984125 0.48304715624999994 0.3386430984375 0.454213128125 0.36008989687500004 0.4549280203125 0.3648558515625 0.521651390625 0.3770090359375
0 0.5299918124999999 0.406711203125 0.5307067062499999 0.42124736562500004 0.5957619921874999 0.4322090625 0.615779003125 0.400038865625 0.6143492171875 0.39122184843749996 0.537617340625 0.378830365625 0.5125960765625 0.40242184375 0.5299918124999999 0.406711203125
0 0.6198469249999999 0.3908218765625 0.6367660640625 0.368183590625 0.63628946875 0.3586516796875 0.5667065250000001 0.348881471875 0.54287675 0.372711246875 0.5447831328125 0.382004859375 0.6198469249999999 0.3908218765625
0 0.6976086140625 0.436336746875 0.6966554234375 0.45134950468749996 0.722868175 0.45349418437500005 0.7309702984374999 0.407264421875 0.6380341765625 0.3934431515625 0.6234980125 0.421800584375 0.6976086140625 0.436336746875
0 0.733438328125 0.407102746875 0.7389191765625001 0.3701665953125 0.6564681546875 0.362064471875 0.6459830546875 0.38279637499999997 0.644076671875 0.393043178125 0.733438328125 0.407102746875
0 0.1812263 0.5465525640625 0.2818711234375 0.5813728109375 0.3276621328125 0.542736646875 0.321461265625 0.5136402765625 0.2799631640625 0.5527534296875001 0.20316782656250001 0.5274729765624999 0.19887491875000002 0.5107783375 0.175025434375 0.5336738421875 0.1812263 0.5465525640625
0 0.3146293765625 0.5883438453125 0.44341659062499994 0.6384277609375 0.50971815625 0.549230690625 0.5087641765625001 0.5344440109375 0.4739439296875 0.5229962593749999 0.4744209203125 0.5420758453125 0.42576797187500004 0.599791596875 0.3351399328125 0.5678332890625 0.3322779953125 0.559247475 0.3136753984375 0.576419103125 0.3146293765625 0.5883438453125
0 0.48636055 0.6496295734374999 0.6571228546875 0.712115221875 0.6886041734374999 0.5804660703125 0.6695245875 0.5709262765625 0.645675103125 0.6524915124999999 0.5278586515625 0.6167172859375001 0.5326285484375 0.5551856171875 0.48492958125 0.6357968734375 0.48636055 0.6496295734374999
0 0.5318907312500001 0.4629576875 0.4965934953125 0.500639871875 0.46892809375000005 0.4901460984375 0.47083605312500004 0.5187654796875 0.5171040515625001 0.52735129375 0.5586021531250001 0.46677360468750007 0.55907914375 0.4577108015625 0.527597825 0.45007896562500005 0.5318907312500001 0.4629576875