0 0.5990657875000001 0.44635789062500003 0.57728151875 0.4558280328125 0.5813737359375 0.47105525937500003 0.5964405265625 0.4660531671875 0.6221268765625 0.4920143140625 0.6325915546875 0.48219471093750005 0.6313080703125 0.474915709375 0.5990657875000001 0.44635789062500003
0 0.5433854734375 0.3886279921875 0.49309945624999996 0.412036325 0.5012838921875 0.4424907765625 0.541615128125 0.41849233124999996 0.573134340625 0.4509303046875 0.5882011328125001 0.4459282125 0.590049475 0.432467996875 0.5433854734375 0.3886279921875
0 0.4908808390625 0.39413332031250004 0.49398296249999996 0.40906604375000005 0.5275692421875 0.39470039687499997 0.5254044734375001 0.3744424875 0.44930692499999997 0.3099928890625 0.34934804218750004 0.3735883953125 0.35183479218749997 0.3876914625 0.3700839265625 0.39807703125 0.3682652875 0.39042330937499997 0.43503786875 0.351442734375 0.4908808390625 0.39413332031250004
0 0.3682894359375 0.409182340625 0.32986483125 0.38546729062499996 0.2500847515625 0.43846849531250004 0.24890563281250003 0.4504034609375 0.2826490140625 0.46087146875 0.2785029484375 0.44799914999999996 0.3316537703125 0.41423495 0.3737717234375 0.43495334999999996 0.3682894359375 0.409182340625
0 0.33285538125 0.5681097562499999 0.38530565625 0.5813158703125 0.43213315 0.5626336109375 0.4312426828125 0.5507614203125 0.38469421875 0.5369156312500001 0.3319414234375 0.5606524171875 0.33285538125 0.5681097562499999
0 0.27616773125 0.5945452312499999 0.330265596875 0.603451096875 0.3711912828125 0.5854085109375 0.372084596875 0.5768305515625001 0.323499659375 0.5673535828125 0.276992475 0.5855783890625 0.27616773125 0.5945452312499999
0 0.24705610937500003 0.536324590625 0.24767229531249998 0.54664125 0.31702674375 0.5624803296875001 0.36630213437500003 0.541762546875 0.36822495625 0.5322011109375 0.300564128125 0.5100487984375001 0.24705610937500003 0.536324590625
0 0.129757346875 0.5100936328125 0.13160875 0.5205934640625001 0.22415711562500001 0.5451739812499999 0.2813717390625 0.5126309874999999 0.2792000234375 0.5025886093749999 0.1846621625 0.47354721250000004 0.129757346875 0.5100936328125
0 0.06872057031249999 0.5573446484375 0.16518125156250002 0.5768246109375 0.21146113125000002 0.5482145734375 0.210204321875 0.5388128203125 0.1160083640625 0.5185325515625 0.0704602203125 0.54901843125 0.06872057031249999 0.5573446484375
0 0.18526600625 0.5724811796875 0.19000021875 0.5788639328125 0.2590578453125 0.590745615625 0.304170128125 0.56915800625 0.30700785625 0.5602371953125 0.23849974375 0.5446498578125001 0.18526600625 0.5724811796875
0 0.609813896875 0.5402240093749999 0.6710301656250001 0.518972390625 0.6883287515625 0.5362034718750001 0.69057145 0.5291532250000001 0.6728749546875 0.5132598875000001 0.608024803125 0.535469153125 0.609813896875 0.5402240093749999
0 0.5436980078125 0.564240934375 0.5988031140625 0.547869621875 0.6165359875 0.56217206875 0.614639259375 0.5514151843749999 0.5945738671874999 0.5400591828125 0.541800528125 0.5588714 0.5436980078125 0.564240934375
0 0.5143886125 0.5957112687499999 0.5438939625 0.5851214625 0.54127491875 0.5684709328124999 0.53189290625 0.5637873328125 0.4841817640625 0.5807562625 0.4850666546875 0.587571925 0.5143886125 0.5957112687499999
0 0.4322391234375 0.606076803125 0.464417709375 0.6124448671875 0.50296285625 0.5974090421875 0.501933203125 0.591569590625 0.4765160875 0.5840092984374999 0.4295643875 0.599893634375 0.4322391234375 0.606076803125
0 0.5233007093750001 0.59952704375 0.5437825765625 0.6060561812499999 0.5481217093749999 0.6037066 0.5444722625 0.5866039671875 0.5222710562499999 0.5936875921875 0.5233007093750001 0.59952704375
0 0.47287845468749995 0.61190369375 0.47587909375 0.6145435515625 0.49979588750000004 0.620783915625 0.5377805484375 0.606163815625 0.5367508953125 0.6003243640625 0.5105921515625 0.5957468984375 0.47287845468749995 0.61190369375
0 0.5279070515625001 0.6256509078125 0.5625466046875001 0.615423384375 0.5433490375 0.6035974656249999 0.5039546296874999 0.615614084375 0.5051832359375 0.620784665625 0.5279070515625001 0.6256509078125