0 0.31453940625 0.5103746375 0.380185465625 0.49879003906249997 0.3805365140625 0.49317326406250006 0.3187519875 0.502651571875 0.302603759375 0.48474810156250003 0.3001464203125 0.49176907031250006 0.31453940625 0.5103746375
0 0.395631596875 0.49738584531249996 0.45250144531250003 0.48509915000000003 0.450746203125 0.479482375 0.3952805484375 0.48860963437500005 0.37948336875 0.4742166484375 0.3777281265625 0.4812376171875 0.395631596875 0.49738584531249996
0 0.45776717187499993 0.4436754328125 0.49638250156249997 0.43560131875 0.49568040468749996 0.432090834375 0.47531959375 0.4233146234375 0.4391616046875 0.429282446875 0.45776717187499993 0.4436754328125
0 0.454137159375 0.45954771406250006 0.47737818593750003 0.4559865890625 0.47700333125 0.45130089843750004 0.45394973125 0.44267922656250003 0.454137159375 0.45954771406250006
0 0.5274213640625 0.44492835781249995 0.501743778125 0.43480726562500005 0.4650079625 0.4415546609375 0.4631336859375 0.44624035156249997 0.48487529062499996 0.45579916093749995 0.5272339359375 0.45017633281249997 0.5274213640625 0.44492835781249995
0 0.45432458750000004 0.47810305 0.4631336859375 0.48353845156249997 0.51261458125 0.4737922140625 0.51167744375 0.46741967500000003 0.48431300781250003 0.455236878125 0.45301259375 0.4608597078125 0.45432458750000004 0.47810305
0 0.5231105281249999 0.47285507656250003 0.566593740625 0.46517054375000005 0.5664063125000001 0.4593602859375 0.5366053187500001 0.447177490625 0.496870659375 0.45504945 0.4955586671875 0.45954771406250006 0.5231105281249999 0.47285507656250003
0 0.5580603765625 0.5102585937499999 0.60379859375 0.5329923812499999 0.6563028203125 0.518919084375 0.6568441 0.5102585937499999 0.6081288390624999 0.48941928749999997 0.5594135796875 0.501598103125 0.5580603765625 0.5102585937499999
0 0.618413171875 0.5416528734375 0.6820136515625 0.5746709937500001 0.7383068421875 0.5524784859375 0.7385774828125 0.5454418375000001 0.6736238015625 0.5167539609375 0.618413171875 0.5338043031249999 0.618413171875 0.5416528734375
0 0.7875633843750001 0.6277165 0.8452097765625 0.5998405453125 0.8481868203125 0.589285571875 0.7588755078125 0.55193720625 0.7031235984374999 0.5735884328124999 0.7033942390625 0.58306084375 0.7875633843750001 0.6277165
0 0.621931496875 0.49456145312500005 0.6673990734374999 0.5145888390625 0.713137290625 0.5029513046874999 0.713137290625 0.49510273437499996 0.6655045921875 0.4766991921875 0.6211195765624999 0.4910431296875 0.621931496875 0.49456145312500005
0 0.683908134375 0.5159420406249999 0.683366853125 0.5216254874999999 0.7480498953125 0.5492308015625 0.795411953125 0.5313685390625 0.79676515625 0.5232493296875 0.7288344312499999 0.50186874375 0.683908134375 0.5159420406249999
0 0.772407525 0.5568087312500001 0.8630720390625 0.59496901875 0.907998334375 0.5708820296875 0.9098928171875 0.5608683359375 0.8208521453125 0.5292034171875 0.7737607265625 0.548689521875 0.772407525 0.5568087312500001
0 0.599415703125 0.6627296890625 0.6377088703125 0.6938747984375 0.7239961390625 0.652518178125 0.7219538359375 0.6372009109375 0.6954039078124999 0.6249470984375 0.6938721812499999 0.6397537890625 0.6361771421875 0.6622191140625 0.60247915625 0.6397537890625 0.599415703125 0.6627296890625
0 0.5989051265625001 0.6836632875 0.5258928234375 0.7173612734375 0.4753458421875 0.663240265625 0.47483526718749997 0.646901846875 0.43603152500000003 0.6627296890625 0.43705267656249996 0.6744729265625 0.4921948359375 0.738805446875 0.53304088125 0.7403371734374999 0.6137118187499999 0.7040863093749999 0.6147329703125 0.6882584671875 0.5953310984375 0.6744729265625 0.5989051265625001 0.6836632875
0 0.3829316671875 0.6050346515625 0.42275656093749997 0.6571133578125 0.47585641875 0.640774940625 0.47687756875 0.6121827093750001 0.4293940421875 0.6223942203124999 0.39722778281250004 0.589717384375 0.38395281875 0.5938019890625 0.3829316671875 0.6050346515625
0 0.375783609375 0.5902279609375001 0.399270084375 0.5825693265624999 0.40029123593750005 0.577974146875 0.39824893437500003 0.566230909375 0.3798682140625 0.5738895421875 0.3599557671875 0.543765584375 0.347191378125 0.5478501890625 0.347191378125 0.5565299734375 0.375783609375 0.5902279609375001