0 0.4403581703125 0.4884005125 0.4460486296875 0.4830708125 0.4025154125 0.4519442359375 0.3489394828125 0.457997596875 0.3478697734375 0.46475148437499997 0.39001865156250004 0.4915048140625 0.4403581703125 0.4884005125
0 0.33738446875 0.46101377968749996 0.29177266875 0.46486688125000003 0.28903126874999996 0.4734329921875 0.33317275 0.49634793125 0.3787845484375 0.49249483281249995 0.378644015625 0.4890109171875 0.37356181875 0.48612898437499996 0.33738446875 0.46101377968749996
0 0.2613666046875 0.41435175468749996 0.2135770796875 0.4235417328125 0.21219027812500002 0.4302228921875 0.27307035625 0.46286803125000003 0.31991410625 0.4554999125 0.3206757015625 0.450691390625 0.313220003125 0.44589581875000006 0.2613666046875 0.41435175468749996
0 0.10662379375 0.3747268515625 0.188471221875 0.4202225765625 0.237323996875 0.4105437796875 0.23928523125 0.4023105546875 0.158840534375 0.35210785312500004 0.107994665625 0.3660715140625 0.10662379375 0.3747268515625
0 0.1698224828125 0.35746193125 0.250165634375 0.4083057671875 0.3109839578125 0.393621321875 0.313281690625 0.387413053125 0.231119659375 0.329380328125 0.17230737812500002 0.3479972078125 0.1698224828125 0.35746193125
0 0.3296675390625 0.4540872171875 0.38730905937500004 0.4490865171875 0.387667453125 0.44059942812499997 0.3322748578125 0.4002795671875 0.272859265625 0.4102570375 0.2721136015625 0.41703974062500004 0.3296675390625 0.4540872171875
0 0.30501457187500003 0.3151239625 0.30185369687499997 0.326781890625 0.32516358749999996 0.3455898625 0.3291179171875 0.33307177656250003 0.3889586046875 0.31626082968749997 0.420733690625 0.34593924062500003 0.4257731640625 0.32242029375 0.3932235375 0.2893331109375 0.30501457187500003 0.3151239625
0 0.41765341562499997 0.294845471875 0.42961001562499995 0.3085691625 0.5115758703125 0.282775328125 0.552007309375 0.3470143546875 0.548272003125 0.36022435 0.5872030968749999 0.350945771875 0.5894530390625 0.33881495625 0.5455331765625 0.26547956250000004 0.5009075078125 0.2567685046875 0.41941454062499994 0.28165140625 0.41765341562499997 0.294845471875
0 0.6322151218750001 0.42563801874999996 0.6300118140625 0.4220567734375 0.6324802125 0.4166758078125 0.600737175 0.35762302031250004 0.546638665625 0.3668321765625 0.5457090874999999 0.377074403125 0.5438184484375 0.3890114296875 0.5914770109374999 0.385477715625 0.6152853375 0.427574140625 0.6322151218750001 0.42563801874999996
0 0.6585946734375 0.4704504546875 0.6368714468750001 0.431223921875 0.613789190625 0.4326473421875 0.613073646875 0.44153820781249997 0.6130827421875 0.4473115703125 0.6285541484375 0.44583709374999997 0.646216290625 0.4742618328125 0.64554970625 0.47992817812500005 0.6584254078125 0.4773499515625 0.6585946734375 0.4704504546875
0 0.5345807625 0.5683249 0.5348906234374999 0.564910825 0.5324732796875 0.562680940625 0.526296328125 0.5637804984375 0.493647525 0.5643813578125 0.49243675781249996 0.56765274375 0.5116481984375 0.579007103125 0.54816153125 0.57878745 0.5345807625 0.5683249
0 0.46440789374999997 0.5507460578125001 0.48772028125 0.563904328125 0.52726858125 0.563472734375 0.5277568031250001 0.558932525 0.5061993640625 0.5448978265625 0.46504999687500004 0.5466919734375 0.46440789374999997 0.5507460578125001
0 0.42807011250000004 0.53090723125 0.45466507968750003 0.546663303125 0.49780581718750005 0.545415434375 0.4981758296875 0.5401638703125 0.47216281406249994 0.5221912015625 0.429068940625 0.5246008765625 0.42807011250000004 0.53090723125
0 0.5382053499999999 0.525032375 0.5346506796875 0.5212370953125001 0.483910284375 0.5238209406250001 0.4844411796875 0.52921519375 0.5103359859375 0.5464765109374999 0.5386341328124999 0.5456483296875 0.5411892609375 0.5324312859375 0.5382053499999999 0.525032375