0 0.998981159375 0.49232372968749993 0.9982995656250001 0.48080345312499995 0.9686178078125 0.4870876375 0.8673755296874999 0.44032359843749996 0.8632199765624999 0.45000627812499994 0.9726954671874999 0.5004706640625 0.998981159375 0.49232372968749993
0 0.867249759375 0.43311818593750007 0.87416170625 0.41617978281249995 0.8349649640625 0.42791563125 0.7724114828124999 0.3953720015625 0.7672784375 0.40411072968750006 0.8433742562500001 0.44170355624999996 0.867249759375 0.43311818593750007
0 0.76469216875 0.3935847125 0.7731985546875 0.35787869843750003 0.765900909375 0.3527205015625 0.70318325625 0.365827921875 0.7004268609375 0.37308364374999997 0.7551687984375001 0.3985560171875 0.76469216875 0.3935847125
0 0.7782381640625 0.3441031140625 0.7851663078125 0.3276528546875 0.764546678125 0.3211772390625 0.7172180609375001 0.329218646875 0.7150794015625 0.337230765625 0.76211260625 0.3557771421875 0.7745875875 0.35252137499999997 0.7782381640625 0.3441031140625
0 0.7446427156250001 0.35570232812499997 0.7464017390625 0.3476968359375 0.700880453125 0.3287443171875 0.6475041640625 0.3384102953125 0.6446128609375 0.3468153046875 0.69359063125 0.3679860015625 0.7446427156250001 0.35570232812499997
0 0.6556159625 0.4936995984375 0.669532153125 0.5052126015625 0.663249303125 0.5381408546875 0.7149709750000001 0.5827922046875 0.822609128125 0.547604959375 0.82829725 0.536729421875 0.8024235921875 0.513669225 0.7968038484375 0.5284622078125001 0.716932175 0.554837684375 0.6645156828125 0.49844255000000004 0.663820865625 0.4866987671875 0.6556159625 0.4936995984375
0 0.48339127812499993 0.5329531843749999 0.482642696875 0.5461916515625 0.5445743234375 0.6425867265625 0.677564740625 0.60058916875 0.6797396250000001 0.584876659375 0.6587713203125001 0.56222066875 0.656975 0.5715587890625 0.5648527671875 0.5976582687499999 0.5211223125 0.5337640765625 0.5233912187499999 0.5234380484375001 0.48339127812499993 0.5329531843749999
0 0.3272281796875 0.7066295609375 0.5010782375 0.6482442500000001 0.503295859375 0.634980140625 0.45460270156249993 0.5393336468750001 0.4593980484375 0.6176226828125 0.3414509640625 0.6515203828125 0.32388973593750003 0.5714948578125 0.308331078125 0.5781342203125 0.3272281796875 0.7066295609375
0 0.49702788125 0.5003864015625 0.468329734375 0.455823003125 0.4409845578125 0.46070878125 0.4412067890625 0.47344047343750006 0.47986094531249995 0.5271368515625 0.5188729796875 0.51714913125 0.522886921875 0.4945469046875 0.49702788125 0.5003864015625
0 0.5507805 0.4088296640625 0.5849897515625 0.404313903125 0.586116896875 0.38470104374999997 0.558876765625 0.36754265468749997 0.48951309218750005 0.3785499953125 0.48914307656249995 0.38541406875 0.5075689578125 0.40272630937500004 0.5432472515625 0.39818490624999997 0.5507805 0.4088296640625
0 0.5520041453125 0.366682959375 0.551935765625 0.3627655140625 0.52412048125 0.34071886875 0.459619421875 0.34968201250000003 0.459764728125 0.35800658125 0.4861280671875 0.381058228125 0.5520041453125 0.366682959375
0 0.46652982343750005 0.4088307765625 0.4899832 0.40548241875 0.4650461671875 0.3799567265625 0.388852609375 0.39255277187500004 0.388550971875 0.4033342875 0.40821263593749996 0.43531984843749993 0.4682552875 0.4234955484375 0.46652982343750005 0.4088307765625
0 0.461515834375 0.3741403921875 0.4419823796875 0.3495000390625 0.3741219375 0.3624404578125 0.3713035171875 0.36934726875 0.3879245328125 0.39550794843750003 0.46361131406249995 0.381941090625 0.461515834375 0.3741403921875
0 0.38254411718750003 0.42401198281249997 0.36578634375 0.390016415625 0.2765081734375 0.410678128125 0.2826895671875 0.45612438749999995 0.3022511421875 0.45431345 0.301462303125 0.4371831828125 0.38254411718750003 0.42401198281249997
0 0.27191548593750003 0.372061753125 0.27751317656249996 0.41213007343749997 0.362942284375 0.3954541859375 0.3506172765625 0.362850734375 0.27191548593750003 0.372061753125