0 0.6085755749999999 0.54914775 0.667363790625 0.53459726875 0.6855996656250001 0.5507307499999999 0.6857455859375 0.5461953015625001 0.6694845765624999 0.5298890421875 0.6061452046875 0.54411406875 0.6085755749999999 0.54914775
0 0.5376351796875001 0.56747501875 0.589836746875 0.5562144046874999 0.6086090234375 0.5681400890625 0.6088626968749999 0.5607006953125 0.5918543374999999 0.5482588734375 0.5371100906249999 0.5635409984375 0.5376351796875001 0.56747501875
0 0.47809961406249996 0.5858899375 0.506160490625 0.596460253125 0.536631796875 0.5890907703125 0.53560298125 0.5773313531250001 0.527783321875 0.566527871875 0.47615177031249994 0.57810043125 0.47809961406249996 0.5858899375
0 0.502899515625 0.6150171875 0.494930475 0.6169807406250001 0.49465889687500003 0.6200799234375001 0.5163643328124999 0.6283117515625001 0.5507539546875 0.6202376453125 0.5362769625 0.6119161328125 0.5355566328125 0.607818284375 0.5292415609375001 0.60800896875 0.5279713187499999 0.6121000609375 0.519284146875 0.6141264390625001 0.5192594875000001 0.6117768015625 0.51184475625 0.613872765625 0.5118537078125 0.6160428703124999 0.5029712953125001 0.6179054234375 0.502899515625 0.6150171875
0 0.46209398593750006 0.6097227515625 0.489966378125 0.6181386703125 0.5272756484375 0.61035185 0.5277021000000001 0.6048873218749999 0.501905571875 0.5953852515625 0.46272463124999996 0.6065921546874999 0.46209398593750006 0.6097227515625
0 0.42148825624999997 0.5984408953125 0.45451323125 0.6078532796875 0.49577898437499995 0.5977303328125 0.495307771875 0.5923443390625 0.46488155000000003 0.5816191484375001 0.42279666718750003 0.5927182984375 0.42148825624999997 0.5984408953125
0 0.326619096875 0.5521068703124999 0.3772516609375 0.5704714140625 0.42796764375 0.5546371796875 0.42819885468749996 0.5490088265625 0.3807103984375 0.5272937859375 0.32706801093750004 0.5448313046875 0.326619096875 0.5521068703124999
0 0.2693725359375 0.5739396734375 0.32150875156250003 0.5867454453125001 0.3664572140625 0.573224878125 0.3652207453125 0.567363115625 0.31616581093749996 0.5504887125 0.26951626093750003 0.56524355 0.2693725359375 0.5739396734375
0 0.1844447578125 0.5502538390625 0.25284434375 0.5690539484375 0.3001245375 0.5511685140625 0.29874670625 0.5436909515624999 0.23210208593749998 0.5222046015624999 0.1861728640625 0.5410572828125 0.1844447578125 0.5502538390625
0 0.0672864109375 0.5196188187499999 0.160106890625 0.5446041125 0.2075128078125 0.5223659031250001 0.20686881562499998 0.5150050453125 0.11496626562500001 0.483969503125 0.0694049984375 0.5107499171875001 0.0672864109375 0.5196188187499999
0 0.1290864859375 0.48779954999999997 0.2213481015625 0.5188036781250001 0.279146771875 0.4929426109375 0.27878331093750003 0.48465267343749996 0.1893202453125 0.44634832031249994 0.131095125 0.4776739140625 0.1290864859375 0.48779954999999997
0 0.24374927343750002 0.5229946765625 0.310402846875 0.54665113125 0.3650281921875 0.5279421734375 0.36458619531249997 0.5187545703125 0.30017906562499996 0.4918261515625 0.2425195625 0.5151423421875 0.24374927343750002 0.5229946765625
0 0.3383266734375 0.3716225625 0.25750268125 0.4175888125 0.25689213906249997 0.42922029375 0.2839318890625 0.44259355625 0.2844549453125 0.4278943046875 0.341807059375 0.39899688437499997 0.37715685 0.42050756875 0.378059234375 0.3998051890625 0.3383266734375 0.3716225625
0 0.378324221875 0.384223978125 0.3789391578125 0.3809138484375 0.4503061671875 0.342649453125 0.501297471875 0.3899277765625 0.5016182046875 0.4060004640625 0.5370267546874999 0.3909627375 0.5349600078125001 0.37974639374999997 0.46845064687500004 0.3039760234375 0.3616929953125 0.361618353125 0.3620900671875 0.37442803125 0.378324221875 0.384223978125
0 0.5493221671875 0.4219076171875 0.5814290468750001 0.4518428484375 0.5816264859375 0.45616734843750006 0.5953944609375 0.4522491984375 0.593522953125 0.4411966828125 0.5489477203125 0.3928143046875 0.5019816671874999 0.41429040156249997 0.5041649546875 0.4392455015625 0.5493221671875 0.4219076171875
0 0.59804236875 0.47010826406249995 0.621114325 0.49395947187499994 0.6216012453124999 0.4995249984375 0.6341977796875 0.49462389062499995 0.6332104281250001 0.4874739828125 0.6034824015625 0.4537124828125 0.5820819921875 0.46137380937500005 0.5833542671874999 0.475915990625 0.59804236875 0.47010826406249995