0 0.2979137515625 0.6989438203125 0.4479659 0.6901816515625 0.45125171249999996 0.598178875 0.44942626093750004 0.5854007125 0.44066409218749997 0.583575259375 0.4366480984375 0.6671809578125 0.3362482421875 0.6693715 0.32456535 0.6102268578125 0.3267558921875 0.588321434375 0.2946279390625 0.6883562000000001 0.2979137515625 0.6989438203125
0 0.6243045546875 0.68434020625 0.625764915625 0.6704667703125 0.5998434984375 0.598178875 0.5932718718750001 0.658783878125 0.4939672875 0.6631649640624999 0.49031638437499997 0.58467053125 0.4742524078125 0.5872261640625001 0.47863349218750006 0.6912769234375 0.6243045546875 0.68434020625
0 0.752451278125 0.6912769234375 0.89045544375 0.683975115625 0.89520161875 0.6722922234375 0.8108657406249999 0.5780989046875 0.69586226875 0.583575259375 0.6940368171875 0.5945279718750001 0.752451278125 0.6912769234375
0 0.923313578125 0.6858005671875 0.9996174671875 0.682514753125 0.9999825578125 0.6149730328125 0.9514255374999999 0.5762734515625 0.8389777 0.5813847171875001 0.8356918859375 0.5901468875 0.923313578125 0.6858005671875
0 0.6818261578125 0.5770967125 0.7897714234375 0.5728801 0.7929338828125 0.5633927234375 0.7400154031249999 0.5064684625 0.64788243125 0.50857676875 0.6470391078125 0.5191182984375 0.6818261578125 0.5770967125
0 0.8144386046875001 0.5714042859374999 0.9178299296875 0.5667660140625 0.9217302953125 0.5549595 0.8516291218750001 0.50246268125 0.760044309375 0.5056251390625001 0.7575143421874999 0.5161666703125001 0.8144386046875001 0.5714042859374999
0 0.78753661875 0.451441675 0.711848434375 0.45354998125 0.7114267734374999 0.46261569687500004 0.7479004671875 0.5007760359375 0.8328651984375 0.4978244078125 0.8349735046875001 0.4877045390625 0.78753661875 0.451441675
0 0.6396600375 0.5037276640624999 0.7279980578125 0.5007760359375 0.729684703125 0.49213198125 0.6948976546875001 0.45354998125 0.6179444859375 0.4575557625 0.6171011625 0.4645131734375 0.6396600375 0.5037276640624999
0 0.5329797546874999 0.41728711875 0.5319256015625 0.41159469218750006 0.47268220312500003 0.4113838625 0.47162804999999997 0.38903581875 0.46720060781250006 0.39093329374999997 0.468465590625 0.41707628750000003 0.5329797546874999 0.41728711875
0 0.5460512515625 0.41517881250000005 0.6099329234375 0.4145463203125 0.608246278125 0.40801057187499995 0.5955964421875 0.3884033265625 0.5388830109375 0.38903581875 0.5380396890625 0.3947282453125 0.5460512515625 0.41517881250000005
0 0.62342608125 0.41433549062499997 0.6854102765625 0.4139138296875 0.684988615625 0.4075889109375 0.6647488781249999 0.3869275125 0.608035446875 0.3886141578125 0.608457109375 0.39514990625 0.62342608125 0.41433549062499997
0 0.602343021875 0.3892466484375 0.656948146875 0.38713834375 0.6573698078125 0.3827109 0.6413466828125001 0.36647694375 0.592012321875 0.36858525000000003 0.5909581687500001 0.3723802015625 0.602343021875 0.3892466484375
0 0.5888498625 0.3683744203125 0.6371300703125 0.36647694375 0.638395053125 0.363525315625 0.6257452171875 0.3508754796875 0.579994978125 0.351297140625 0.57872999375 0.3578328890625 0.5888498625 0.3683744203125