0 0.282945046875 0.533557878125 0.2424200140625 0.5047157375 0.22891167031249998 0.508366640625 0.22708621875 0.518589171875 0.2833101375 0.56093965625 0.376408184375 0.5142080875 0.37348746093749996 0.5058110078125 0.3457405921875 0.48938194062499996 0.34866131562499997 0.50069974375 0.282945046875 0.533557878125
0 0.34220397187499996 0.47000644999999996 0.3987570734375 0.50001421875 0.46396626249999995 0.466544015625 0.46252358125 0.4567337828125 0.44809676875 0.44750062343749997 0.4472311609375 0.4532713484375 0.397891465625 0.47693131875 0.36240150781249997 0.45990768125 0.36105032812500004 0.4508410828125 0.34278104374999996 0.4596191453125 0.34220397187499996 0.47000644999999996
0 0.534369103125 0.43018845 0.5320608124999999 0.4221094359375 0.518788146875 0.4148960296875 0.5179225375 0.422397971875 0.48098989999999997 0.4411528265625 0.44607701562499996 0.42586040625 0.44578847968749996 0.4420184359375 0.485895015625 0.459330609375 0.534369103125 0.43018845
0 0.5346576390625 0.4867415515625 0.6160248562499999 0.5207888265625 0.6607479734374999 0.48270204375 0.6604594359375 0.4737574203125 0.5845744078124999 0.4431725796875 0.532926421875 0.474911565625 0.5346576390625 0.4867415515625
0 0.6393962921874999 0.5300219859374999 0.7452890890625 0.574456565625 0.781933190625 0.5219429718749999 0.7799134375000001 0.5138639578124999 0.6849850156249999 0.47808546406249997 0.6379536109374999 0.5193461453125 0.6393962921874999 0.5300219859374999
0 0.5568749296875 0.6012904359375 0.6748862484375 0.6688079140625 0.729131059375 0.5911916671874999 0.7308622765624999 0.5799387546875 0.619775828125 0.5323302765625 0.5560093203124999 0.5897489859375 0.5568749296875 0.6012904359375
0 0.44578847968749996 0.5406978265625 0.532926421875 0.588883378125 0.596981465625 0.534638565625 0.5972700015625 0.5256939421875 0.515037175 0.486453015625 0.444634334375 0.5300219859374999 0.44578847968749996 0.5406978265625
0 0.330662521875 0.6053299421875 0.3303739859375 0.6160057828125 0.4215514359375 0.686985696875 0.5156142484374999 0.6053299421875 0.5156142484374999 0.595231175 0.4293419140625 0.5412749 0.330662521875 0.6053299421875
0 0.690755740625 0.4189355359375 0.769237596875 0.440864290625 0.7914548859375 0.4148960296875 0.7934746390625 0.4082596953125 0.722206190625 0.3892163046875 0.6919098859374999 0.4111450578125 0.690755740625 0.4189355359375
0 0.726245696875 0.390947521875 0.7963600015625001 0.40854823281249997 0.8156919296874999 0.3892163046875 0.8171346109375 0.3820028984375 0.7499056687500001 0.3678646234375 0.7265342343750001 0.38546533437499997 0.726245696875 0.390947521875
0 0.7565420015625001 0.37046144999999997 0.8220397265624999 0.384599725 0.8367550749999999 0.368153159375 0.8376206828124999 0.362382434375 0.7778936828125 0.34910976875 0.7574076109375001 0.3644021890625 0.7565420015625001 0.37046144999999997
0 0.6849850156249999 0.35488049374999997 0.7406725093750001 0.3687302328125 0.7600044375 0.35516902968749997 0.762024190625 0.34910976875 0.706336696875 0.3387224640625 0.6858506249999999 0.349686840625 0.6849850156249999 0.35488049374999997
0 0.6497835953125 0.3742124203125 0.71008766875 0.389504840625 0.7343247125000001 0.3721926671875 0.7343247125000001 0.3675760875 0.6774830749999999 0.3537263484375 0.65180335 0.3684416953125 0.6497835953125 0.3742124203125
0 0.6128509578125 0.3964297109375 0.6771945374999999 0.4148960296875 0.705759625 0.39469849375 0.7046054796875 0.3871965515625 0.6454555531249999 0.37046144999999997 0.6154477843749999 0.3886392328125 0.6128509578125 0.3964297109375
0 0.5994690874999999 0.3946147515625 0.633686375 0.3763951578125 0.63220510625 0.3698775796875 0.5987284546875 0.386912159375 0.5464397 0.3735807484375 0.5462915734375 0.37876518593749997 0.5994690874999999 0.3946147515625