0 0.392854328125 0.5220255859375 0.44153220312499997 0.504760296875 0.441053925 0.496487109375 0.39360778750000003 0.4800047421875 0.3415481078125 0.5003729765625 0.3421286109375 0.5072897546874999 0.392854328125 0.5220255859375
0 0.2884058484375 0.531624990625 0.33973553125 0.5425238640625001 0.3820261859375 0.5257740562500001 0.38207277500000003 0.5195865953125 0.3305852296875 0.5052130765625 0.2874305234375 0.5236816046875 0.2884058484375 0.531624990625
0 0.25879345468750004 0.4852694640625 0.32337585468749996 0.5034105624999999 0.3778557515625 0.4808637625 0.376745690625 0.47401200625 0.3084426390625 0.44745829062500003 0.2579203546875 0.4759696703125 0.25879345468750004 0.4852694640625
0 0.1437129140625 0.45424599062500004 0.23444781718750002 0.4818082203125 0.29063269687500004 0.45125770468750004 0.28899776875 0.4423202234375 0.1958614171875 0.40833357187499997 0.14241247968749998 0.443654809375 0.1437129140625 0.45424599062500004
0 0.203245053125 0.5122478 0.27124176875 0.5275507328125 0.315622840625 0.5081253109375 0.3136906234375 0.49895556093750004 0.24966560000000002 0.48316496718749996 0.2020049484375 0.5043369249999999 0.203245053125 0.5122478
0 0.08785314375 0.48744430000000005 0.177608028125 0.509213890625 0.221636175 0.48472514687499996 0.2215202109375 0.477213790625 0.1308828390625 0.4504458984375 0.0872448234375 0.47811199687499994 0.08785314375 0.48744430000000005
0 0.5209756796875 0.5423246546875 0.55067715625 0.534692259375 0.54857235625 0.5155213296875 0.5411589484375 0.51194788125 0.49123165 0.527294678125 0.493547678125 0.53398495 0.5209756796875 0.5423246546875
0 0.4385273484375 0.55045528125 0.471293775 0.5576413203125 0.5092871171875 0.5445071125000001 0.5091451609375001 0.539293559375 0.482423215625 0.5306180671875 0.4378688234375 0.5430633046875 0.4385273484375 0.55045528125
0 0.4803389046875 0.5582743796875 0.504916909375 0.5657185484375 0.54115800625 0.55454315 0.5431944734374999 0.5488130250000001 0.5194731796875 0.5422600453124999 0.4795210265625 0.5536420078125001 0.4803389046875 0.5582743796875
0 0.5534793125 0.557513984375 0.5539486703125001 0.553221746875 0.5480334109375 0.5517062 0.511452178125 0.564168834375 0.5113229578125 0.567173834375 0.5353843875 0.572439578125 0.5688916625 0.5633435140625 0.5534793125 0.557513984375
0 0.338549934375 0.324169034375 0.2606531671875 0.37765483125 0.2649983171875 0.3878200859375 0.2905496046875 0.4010124890625 0.2898200328125 0.38589855 0.3416100703125 0.3513848671875 0.382494028125 0.37480116093750004 0.3825431875 0.3522713921875 0.338549934375 0.324169034375
0 0.45186621406249994 0.2885764515625 0.5062820718750001 0.337359715625 0.506768334375 0.352785075 0.5446265640625 0.33321469531250003 0.5424662796875 0.32249962656250003 0.482046 0.26150246718750003 0.431633665625 0.2682554171875 0.36255921875 0.3133377578125 0.3634639875 0.3275855453125 0.3826067390625 0.339030896875 0.3809671265625 0.32797035 0.45186621406249994 0.2885764515625
0 0.5564783421875 0.334024659375 0.5084941515625 0.357358859375 0.511569540625 0.3824058828125 0.5553535421875 0.3657957421875 0.58953051875 0.3985537484375 0.6051913609375 0.3936744859375 0.6032551421875 0.380313 0.5564783421875 0.334024659375
0 0.6130187625 0.3945440671875 0.592000665625 0.40394711718750004 0.5937886812500001 0.418509340625 0.608321484375 0.4141665546875 0.632129365625 0.4413753734375 0.6462839328125 0.4339521171875 0.645773121875 0.42747674843750005 0.6130187625 0.3945440671875
0 0.6069124078125 0.49087890468750006 0.5492683390625 0.5083769890625 0.5511206468750001 0.5133596953125 0.602191134375 0.49890166406249997 0.6179922328125 0.508374221875 0.6197418265625 0.50443786875 0.618382684375 0.49740979531249996 0.6069124078125 0.49087890468750006
0 0.6993234125 0.48374999374999994 0.6816443265625 0.4670649671875 0.6197207921875 0.48608090937500004 0.6200422453125001 0.4927401921875 0.6816913515625 0.4735098421875 0.6988215828125 0.48976605781250004 0.6993234125 0.48374999374999994