0 0.18871683125 0.5007170125 0.19143136875 0.5097982796875 0.20826304375000002 0.4908820359375 0.27936651874999996 0.5060724890625 0.28140380625 0.49727342500000005 0.2077004875 0.47957232968749997 0.18871683125 0.5007170125
0 0.279160778125 0.51520473125 0.278596371875 0.5247083781249999 0.29585680000000003 0.5094361109375 0.357405653125 0.5211418812499999 0.3587319875 0.513450665625 0.2975417984375 0.5013734875 0.279160778125 0.51520473125
0 0.35760446562500003 0.5652512578125 0.3421680984375 0.572269121875 0.381836878125 0.5788874921875 0.40380931562500005 0.570443346875 0.403559765625 0.5668860359375001 0.3627502375 0.5593502953125 0.35830499531250004 0.5624271859375 0.35760446562500003 0.5652512578125
0 0.382753821875 0.5455042859375 0.35810968125 0.540498221875 0.35790730000000004 0.5611219359375 0.383194040625 0.5492457265625 0.382753821875 0.5455042859375
0 0.3598897578125 0.52434591875 0.35919249999999997 0.5273573890625001 0.359013965625 0.5386078750000001 0.39159101875 0.5470371375 0.4194817203125 0.5339907390625 0.42032712656250004 0.5287272109375001 0.368204959375 0.517452353125 0.3598897578125 0.52434591875
0 0.3694442671875 0.5562341515625 0.3702952671875 0.562030440625 0.40790265468750003 0.5686847921875 0.435480709375 0.55920551875 0.43502740468749995 0.55471448125 0.39268270312500003 0.5451435203125 0.3694442671875 0.5562341515625
0 0.4029471296875 0.5425274234375 0.40324901406249997 0.5490831203125001 0.44275983593749996 0.5573913546875 0.4753518703125 0.545200175 0.47412934375000004 0.539597828125 0.43105466875 0.531164346875 0.4029471296875 0.5425274234375
0 0.278983959375 0.4011745078125 0.24733678124999997 0.43902786406249994 0.24747515937500003 0.4469555734375 0.261923984375 0.45022786718749996 0.2630215828125 0.44580308437499994 0.287270428125 0.42158944531250003 0.3029142296875 0.426015715625 0.305244165625 0.40805884062500003 0.278983959375 0.4011745078125
0 0.3345248640625 0.3355892125 0.28814913125 0.3877976546875 0.2889311234375 0.3989449203125 0.3060583953125 0.4042264203125 0.3050955359375 0.39954389375 0.338895425 0.3672334203125 0.3864909421875 0.384906259375 0.3904339609375 0.35840368749999996 0.3345248640625 0.3355892125
0 0.52991613125 0.3230736875 0.52998936875 0.3104429515625 0.451880965625 0.2609948046875 0.406947034375 0.2611917125 0.3506753875 0.31856593125 0.35063802499999996 0.33325199843750003 0.3900070890625 0.35077472187500003 0.3882878640625 0.3364130265625 0.44114883593750004 0.28555992343750003 0.515286440625 0.3262661328125 0.5145747125 0.33597092968750003 0.52991613125 0.3230736875
0 0.6270431296875 0.36837165625 0.5501655796875 0.32213281562499996 0.51363086875 0.349204278125 0.5140357546875001 0.372400165625 0.5512345796875 0.34972273593750003 0.602867521875 0.379954559375 0.602809659375 0.39346614999999996 0.6278456234375 0.3806933984375 0.6270431296875 0.36837165625
0 0.46920417187499996 0.49624647812499995 0.46726159375 0.50274196875 0.5162842015625 0.5180402328125 0.5632339515625 0.4987171 0.5631058234374999 0.491376628125 0.5117291390625 0.47582574843750003 0.46920417187499996 0.49624647812499995
0 0.527627709375 0.5116743578125 0.5280545828125 0.5193033218750001 0.5699739625 0.5314947812499999 0.61612485625 0.516884925 0.613931146875 0.5089930921875 0.573129865625 0.49355132343749997 0.527627709375 0.5116743578125
0 0.5280334156250001 0.46761103281249994 0.5290782765625 0.4769914578125 0.578688121875 0.492279471875 0.6382327296875 0.4709742453125 0.6383828453125 0.4627477921875 0.5871511515625001 0.4386768390625 0.5280334156250001 0.46761103281249994
0 0.5888674046875 0.486521334375 0.588763415625 0.49739035625000005 0.6283697203124999 0.51167815 0.6867808546874999 0.49274237187500003 0.6872143375 0.48392355781249996 0.64670155 0.468183046875 0.5888674046875 0.486521334375
0 0.668017846875 0.461055678125 0.6702371828125 0.4704156046875 0.707854784375 0.4885563171875 0.7816842125 0.4611275828125 0.7798199953125 0.45528595625 0.7418575265625 0.4342141796875 0.668017846875 0.461055678125
0 0.6062978765625 0.44186713125 0.6569372078125 0.46565471562500005 0.7325027234375 0.436727134375 0.7332195765625 0.4273159578125 0.6856972984375 0.3970123828125 0.607622465625 0.433620178125 0.6062978765625 0.44186713125