0 0.7054449968750001 0.41948549531249996 0.7033446546875 0.40976645468750006 0.6830073921875 0.4337290734375 0.605072596875 0.43180967499999995 0.6041998093750001 0.43947512031249997 0.6850658843749999 0.44556957031250005 0.7054449968750001 0.41948549531249996
0 0.6025228546875 0.423355140625 0.6028836609375 0.41151992187499997 0.578209609375 0.427247425 0.5167657765625 0.42421018750000006 0.51913266875 0.4311755171875 0.5873431421875 0.4376145546875 0.6025228546875 0.423355140625
0 0.52853975625 0.35699030625 0.4995531671875 0.354805740625 0.4723451625 0.367106590625 0.4734885796875 0.37454784375 0.5098648531250001 0.3732978546875 0.508288534375 0.369815453125 0.52853975625 0.35699030625
0 0.509169803125 0.38073509687499996 0.5092692203125 0.3740602296875 0.46696068906250005 0.3719031640625 0.4342610609375 0.3862567828125 0.43586115937500003 0.3918039875 0.47935293437500004 0.3961132375 0.509169803125 0.38073509687499996
0 0.44835253125 0.422434803125 0.5077948812499999 0.42754253125 0.51383056875 0.4224362515625 0.5120482609375 0.39669369374999996 0.481477328125 0.3947036609375 0.4489324078125 0.41593069062500004 0.44835253125 0.422434803125
0 0.49380654843749994 0.3959467859375 0.511706753125 0.3976546140625 0.5097932265625 0.38019905625 0.49291324531249997 0.3905425453125 0.49380654843749994 0.3959467859375
0 0.46918363125000007 0.40310554375 0.47180453125 0.39451285 0.4245484390625 0.39135504062500004 0.384852203125 0.41047343124999996 0.3851736546875 0.41870485 0.43862415312499997 0.42179132187499996 0.46918363125000007 0.40310554375
0 0.6063907515625 0.5716406187499999 0.645756153125 0.5147126546874999 0.6404611203125 0.500352521875 0.6245446296875 0.496567596875 0.6248496234375 0.5062426828125 0.5928019250000001 0.5472618671875 0.5659132921875 0.5404093624999999 0.5647147734375 0.5666037734375 0.6063907515625 0.5716406187499999
0 0.391950559375 0.63373035 0.42850657031250006 0.6438106375 0.42966599062500005 0.6604444734375 0.5280183421875 0.695606559375 0.591122234375 0.5947063421875 0.5873989749999999 0.5823606140625001 0.5673545812499999 0.5773166171875 0.5656451703125 0.5885634765625001 0.5142164671875 0.64432375625 0.433611678125 0.6206683890625 0.4283854625 0.5996776234375 0.391950559375 0.63373035
0 0.3135149015625 0.5126833046875 0.3612957578125 0.48474261093750004 0.370749528125 0.48623070625000003 0.38419412343750003 0.477074778125 0.382424159375 0.46625513124999995 0.32282499531250003 0.45547235625000004 0.2591045234375 0.49022645625 0.26098129062500003 0.5019159453125 0.3135149015625 0.5126833046875
0 0.313027690625 0.461973059375 0.313310115625 0.457082115625 0.26164635 0.44620795468749996 0.1974986625 0.477482678125 0.20024527343749998 0.48906536406249995 0.2519701515625 0.49684167187500006 0.313027690625 0.461973059375
0 0.21925794999999998 0.5684044859374999 0.22523234374999998 0.57031979375 0.29896372968749996 0.5308046796875 0.29860533437500003 0.5206946718750001 0.2342908484375 0.5038686828125 0.144894565625 0.5488390359374999 0.1493197546875 0.563305971875 0.19879349375 0.5815126953124999 0.21925794999999998 0.5684044859374999
0 0.0113026859375 0.6226343046875 0.0166962578125 0.66656141875 0.0388242328125 0.68812578125 0.113272965625 0.6436663203124999 0.10922158906249999 0.6322438390625 0.1756661046875 0.5945063953124999 0.11551035624999999 0.5648083703125 0.0113026859375 0.6226343046875
0 0.22634003281249998 0.511025625 0.22679808124999998 0.5003738906249999 0.1756837484375 0.48678339375 0.0870582140625 0.5272443234375 0.089209696875 0.5375756468749999 0.13901155625 0.554859125 0.22634003281249998 0.511025625
0 0.10208888593750001 0.56336596875 0.053767415625 0.5401614968749999 0.0042002609375 0.5647896890624999 0.012295665625 0.6158901984375 0.10260748593749999 0.5747807421875 0.10208888593750001 0.56336596875