0 0.2878882859375 0.44405192812500005 0.362213446875 0.42879741875 0.3592923703125 0.4229552671875 0.28951110625 0.43658695468750003 0.27230921406249997 0.41289378125000004 0.27068639375000003 0.4236043953125 0.2878882859375 0.44405192812500005
0 0.37973990468749996 0.426850034375 0.44465270781250005 0.413542909375 0.44367901718749997 0.40218316875 0.3865557484375 0.41613942187499997 0.35831867968750003 0.3989375296875 0.3599414984375 0.408025321875 0.37973990468749996 0.426850034375
0 0.5111883328125 0.397314709375 0.5098900765625001 0.3904988640625 0.4790564953125 0.373296971875 0.444977271875 0.38076194375 0.44367901718749997 0.39991122031250004 0.45179311718750004 0.40737619374999995 0.5111883328125 0.397314709375
0 0.443615703125 0.38084945625 0.4696088109375 0.3777302828125 0.4689156625 0.37114536249999996 0.443615703125 0.3590152453125 0.443615703125 0.38084945625
0 0.44552186562499996 0.3590152453125 0.490749871875 0.3510440265625 0.490403296875 0.3470584171875 0.46700949999999997 0.3363145984375 0.42507395312499996 0.3423796578125 0.426806828125 0.3463652671875 0.44552186562499996 0.3590152453125
0 0.5271402234375 0.365946740625 0.5262737859375 0.3604015453125 0.4975080796875 0.34913786562500004 0.453839659375 0.358322096875 0.454532809375 0.3636940046875 0.47983276718749995 0.3742645359375 0.5271402234375 0.365946740625
0 0.56976891875 0.38500835312500004 0.5706353562500001 0.37859672031249997 0.5368443171874999 0.3635207171875 0.4898834359375 0.3725316625 0.4895368609375 0.3784234328125 0.519515578125 0.39488573437499996 0.56976891875 0.38500835312500004
0 0.6140050921875 0.4680971359375 0.67452885625 0.45112785781250003 0.6799024609375001 0.443208859375 0.619944340625 0.41662365625 0.5647941828125 0.43217882812499997 0.5642285390625 0.4398150046875 0.6140050921875 0.4680971359375
0 0.73703236875 0.42793650781250003 0.7367495468749999 0.421148796875 0.6827306734375 0.400502840625 0.6315400140625 0.4157751921875 0.632954121875 0.42199726093749995 0.6861245296875 0.44434014531250005 0.73703236875 0.42793650781250003
0 0.7087502359375 0.5209847234375 0.7726678546875 0.49072284218749995 0.7695568203125001 0.482238203125 0.6954576328125001 0.45141067812499996 0.6335197640625 0.472056634375 0.6369136203125 0.4813897390625 0.7087502359375 0.5209847234375
0 0.8368682953125001 0.59253851875 0.8990889859375001 0.5549232828124999 0.9010687359375 0.5402165734375 0.7978389531250001 0.4927025921875 0.7333556906250001 0.5238129375 0.7339213328125 0.5354086109375 0.8368682953125001 0.59253851875
0 0.9163459968750001 0.544467240625 0.9614574703125 0.514392925 0.9648331593749999 0.503958978125 0.859266171875 0.46744016562499996 0.8104721296875 0.492297509375 0.8135409375 0.502424575 0.9163459968750001 0.544467240625
0 0.7799839890625 0.487840459375 0.8335836343749999 0.46698267812500005 0.8350388296875 0.45631125624999996 0.7574284812500001 0.4293901671875 0.7060116265625 0.44515476875 0.7101346765625001 0.4567963203125 0.7799839890625 0.487840459375
0 0.32526367343749996 0.49918425624999996 0.3579242625 0.543029978125 0.38566339374999997 0.538555925 0.38611079843749996 0.513053821875 0.3664249640625 0.5224493328125 0.3404754546875 0.48799912343749996 0.32526367343749996 0.48978874375 0.32526367343749996 0.49918425624999996
0 0.3641879375 0.56584765 0.41429733437499994 0.63251104375 0.4769340796875 0.610140778125 0.4755918640625 0.5846386734375 0.5176479656249999 0.5689794874999999 0.4952776984375 0.5448196000000001 0.4952776984375 0.5680846765625 0.4183239828125 0.5962712125 0.3847685828125 0.5470566265625 0.3646353421875 0.55376770625 0.3641879375 0.56584765
0 0.4312987375 0.6562235265624999 0.489908834375 0.7389935125 0.5619410921875 0.740335728125 0.6442636734375 0.6942529796875 0.6469481046875 0.6732249296874999 0.6290518921875 0.6620397953125 0.6223408125 0.6776989828125 0.538676015625 0.7215447046875 0.47603927031250004 0.645933203125 0.47917110625000003 0.6217733156249999 0.43308835781250005 0.6428013671875 0.4312987375 0.6562235265624999
0 0.7641683015625 0.6244577484375 0.7646157062500001 0.6119303984375 0.7377713875 0.5900075375 0.7368765765624999 0.610140778125 0.6643969125 0.6396695296875 0.6371051875 0.6181940734375 0.6272622703125 0.6396695296875 0.6697657765625 0.6821730359375 0.7641683015625 0.6244577484375