0 0.0847468859375 0.5576190750000001 0.18218765312500002 0.508926228125 0.17618224062500001 0.502199971875 0.081850571875 0.5496031578125 0.0415851734375 0.531493903125 0.0420280765625 0.5403131484375 0.0847468859375 0.5576190750000001
0 0.19853735781249998 0.49862888437499997 0.2706823859375 0.45995719375000005 0.269181690625 0.453548803125 0.2009499640625 0.48708180156249997 0.16882552343749999 0.4794001984375 0.1743437203125 0.4917732 0.19853735781249998 0.49862888437499997
0 0.28247220156249997 0.4537534515625 0.33835705 0.42558773437499997 0.33708861875 0.416796396875 0.2935833609375 0.4129170828125 0.262691903125 0.42625220312499995 0.2729582140625 0.45092352656249995 0.28247220156249997 0.4537534515625
0 0.2797941453125 0.41140443437499996 0.2564262609375 0.40989044999999996 0.261647184375 0.4267181328125 0.2823488453125 0.416306625 0.2797941453125 0.41140443437499996
0 0.24946964062500002 0.392805378125 0.2553505375 0.40219200781250003 0.29197969218750003 0.38784517812499997 0.289698215625 0.3828948109375 0.2579409125 0.3817332328125 0.23399290625 0.391308565625 0.24946964062500002 0.392805378125
0 0.2914446296875 0.41332185624999995 0.3373726265625 0.3923783875 0.3360284203125 0.3857529421875 0.2997300796875 0.38546681562499996 0.253943065625 0.40321813593750006 0.25635118125 0.410887709375 0.2914446296875 0.41332185624999995
0 0.3512920765625 0.41842963437499997 0.3950720515625 0.396281271875 0.392744315625 0.3880696421875 0.3497908578125 0.3859656625 0.30625202812499996 0.406487859375 0.30623099374999996 0.41335403125000003 0.3512920765625 0.41842963437499997
0 0.41886237031249995 0.43786915156250006 0.421330815625 0.44405062500000003 0.4313654515625 0.4431083390625 0.44140074062499995 0.437479090625 0.48742041875000003 0.4420466375 0.5013237140625 0.44428195937500004 0.5304556453125 0.41874364062499997 0.5289469437500001 0.410187365625 0.4635975 0.40544411562500005 0.41886237031249995 0.43786915156250006
0 0.5383835125 0.412107503125 0.5712743125 0.3875605765625 0.5688220187499999 0.3783435890625 0.50885124375 0.37596029999999997 0.47462352656249995 0.40074296093750006 0.47556646562499993 0.4060906328125 0.5383835125 0.412107503125
0 0.5109320703125 0.45499410781250005 0.573623175 0.4618602765625 0.5807495453125 0.4506786140625 0.6069363390625 0.45378069062500004 0.631256015625 0.42440405468750003 0.6297473140625 0.415847778125 0.5494876843750001 0.41097662812499997 0.5095021625 0.44532115 0.5109320703125 0.45499410781250005
0 0.633663121875 0.4192927703125 0.6617261703125 0.38925607812499996 0.6608936765625 0.38140765625 0.5858557765625 0.37644286718750003 0.5593815328125 0.40454522812500004 0.558861609375 0.41097793437499996 0.633663121875 0.4192927703125
0 0.6743932015625 0.459530828125 0.6763262265625001 0.4704935578125 0.7343775156250001 0.47762645625 0.7555854953125001 0.4306025 0.7547375015625 0.42110263124999997 0.6550066671875 0.41525362968749996 0.6251177734375 0.45526165937499996 0.6743932015625 0.459530828125
0 0.7613271484374999 0.42407615156249995 0.7756761390625 0.3881867109375 0.77361651875 0.3827602421875 0.6866406484375001 0.38045183125 0.6636423921875 0.407941284375 0.66329490625 0.41847903750000004 0.7613271484374999 0.42407615156249995
0 0.1693253796875 0.5868333546875 0.17448086406250002 0.59960895 0.245968140625 0.63344866875 0.286946034375 0.6071475953125 0.2755470390625 0.5801295109375 0.2478178359375 0.601606365625 0.18927031249999998 0.5729493703124999 0.1693253796875 0.5868333546875
0 0.43388425625 0.5820677953125 0.36576583125 0.6496468625 0.295294684375 0.623921696875 0.29316721874999996 0.6118562390625 0.2665027296875 0.632315984375 0.27236737031249997 0.649113396875 0.3794331421875 0.6965846046874999 0.4514325375 0.6204421796874999 0.4429187484375 0.6003797078125 0.46262860625 0.57575533125 0.4282323625 0.5664769265625 0.43388425625 0.5820677953125
0 0.6253138734375 0.62611289375 0.5741908437500001 0.71275765625 0.45985893125 0.6679813421875 0.455211859375 0.63608856875 0.41100064999999997 0.69270834375 0.411973978125 0.703766271875 0.4905986734375 0.742632696875 0.60569128125 0.7252682125 0.6486260984375 0.6337201140625 0.6467617796875 0.6203780828125 0.6206370421875 0.6078961281249999 0.6253138734375 0.62611289375
0 0.6220896703125 0.5773690203124999 0.6227827578125 0.6006823984375 0.662276971875 0.6142246453125 0.69894394375 0.5286641515625 0.6986397249999999 0.513094065625 0.6712602640625 0.510109940625 0.6742946562500001 0.5217809328125 0.6488560718749999 0.5824142109375 0.6220896703125 0.5773690203124999