0 0.5834357296875 0.66719648125 0.46560383125 0.6443966015625 0.462496240625 0.6075448546875 0.41769436875 0.6621782781250001 0.417946934375 0.6787154453124999 0.5925827984375001 0.7273679015625001 0.6314037375 0.58104434375 0.6059793984375 0.5770216968749999 0.611649184375 0.5927975234375 0.5834357296875 0.66719648125
0 0.4516434859375 0.574543728125 0.45902993593749997 0.5583140234374999 0.45450216093750007 0.5506640296875001 0.41022369375 0.5451479921875 0.4175223078125 0.567600178125 0.36466781406250004 0.6337232390625 0.2751701828125 0.611084403125 0.272102859375 0.599085990625 0.2530035 0.620414475 0.2607999109375 0.636581953125 0.3852752296875 0.6722587125 0.4516434859375 0.574543728125
0 0.403719359375 0.5136073203125 0.4103408203125 0.5361546734375 0.46930435312499996 0.5478931890625 0.5158741375 0.48127233125 0.5127116484375 0.4685967640625 0.48331955937500004 0.465822278125 0.48570972812499996 0.4779158578125 0.449637634375 0.520964478125 0.403719359375 0.5136073203125
0 0.6207522984375 0.5445622859375 0.607018909375 0.5451113328125 0.6116089125 0.5679441890625 0.6421539921874999 0.574009271875 0.659862425 0.4838235078125 0.644002409375 0.4839809046875 0.6207522984375 0.5445622859375
0 0.265258125 0.5896900406250001 0.256912665625 0.5597891765624999 0.22133836875 0.5965530875 0.1537841453125 0.5777355828124999 0.146071921875 0.5670804953124999 0.13017896874999998 0.5817436015624999 0.1326533265625 0.599349571875 0.2284356671875 0.6224862046874999 0.265258125 0.5896900406250001
0 0.602757703125 0.3931911703125 0.5825024937500001 0.4276904265625 0.643852496875 0.4370774671875 0.6693725703125 0.4400396625 0.669054365625 0.4455417234375 0.6857109718750001 0.4475666625 0.6970448578124999 0.403952271875 0.6956823578125 0.398140684375 0.602757703125 0.3931911703125
0 0.6267590578125 0.358165428125 0.60926355625 0.389002428125 0.70057404375 0.3979989359375 0.7082196390625 0.363088909375 0.6267590578125 0.358165428125
0 0.5098417265624999 0.3844203 0.5108194875 0.39137742656249996 0.58570768125 0.396133128125 0.6057951109374999 0.3682062609375 0.6040565499999999 0.3597188546875 0.52961963125 0.358174134375 0.5098417265624999 0.3844203
0 0.5792857171875 0.3970356765625 0.498970675 0.392496934375 0.47207654374999997 0.4224718890625 0.47908285 0.43349336562499996 0.519353190625 0.43656548125 0.5649925203125 0.43124276093749997 0.5838591984375 0.402395990625 0.5792857171875 0.3970356765625
0 0.482311690625 0.38936529375 0.41238416093749997 0.38658100625 0.372236640625 0.4186403203125 0.375105871875 0.4269291046875 0.385655890625 0.42680985 0.40008153750000003 0.42273727499999997 0.45082606406250003 0.422422875 0.458226796875 0.421723634375 0.48511045781249995 0.39715268593749997 0.482311690625 0.38936529375
0 0.49014064062499996 0.38928759999999996 0.5173585625 0.36466967499999997 0.5157035140625 0.3577441359375 0.4541271046875 0.356172221875 0.42538422656249997 0.3796410078125 0.4258955578125 0.38570469531249996 0.49014064062499996 0.38928759999999996
0 0.21370991562500002 0.44756664375 0.2102426265625 0.43987320781249994 0.14332526875 0.47791039062499996 0.10853676406249999 0.4729145453125 0.1075538578125 0.4853237828125 0.1402428375 0.4899329703125 0.21370991562500002 0.44756664375
0 0.2813951703125 0.40771721875000005 0.27768757499999996 0.4007392828125 0.2288131046875 0.3973822265625 0.20219684999999998 0.4093036296875 0.21226445468750002 0.4324309171875 0.22485076249999997 0.43952448750000006 0.2813951703125 0.40771721875000005
0 0.2417969109375 0.3976026546875 0.293105165625 0.40129939375 0.3374119875 0.377006690625 0.334707178125 0.3698878234375 0.28630790156249997 0.367486575 0.24105069218750003 0.38986766093749997 0.2417969109375 0.3976026546875
0 0.19483405625 0.3932952109375 0.2265202515625 0.3980453296875 0.2722110984375 0.37389897968749997 0.2715534140625 0.36921931875 0.22759349375000001 0.3668758859375 0.1908445953125 0.38431170468750003 0.19483405625 0.3932952109375