0 0.37269648125 0.48893442656249997 0.374797025 0.5054386984375 0.403904559375 0.505138621875 0.41650782187499996 0.46732883437500006 0.41470735625 0.458326503125 0.39790300625 0.4577263484375 0.3858998984375 0.48983465937500004 0.37269648125 0.48893442656249997
0 0.344489178125 0.551350584375 0.34869026718749996 0.577157265625 0.37149617031250004 0.57475664375 0.3943020734375 0.5189421953125 0.39310176406249997 0.5096397875 0.3753971796875 0.5099398640625 0.35679236406250003 0.5507504296875 0.344489178125 0.551350584375
0 0.32618444062499996 0.656977928125 0.227608921875 0.6545773078125 0.219956940625 0.6215687625 0.1893490171875 0.670181346875 0.190549328125 0.6836848421874999 0.33188591562499997 0.6860854640625 0.3675951609375 0.5936615375 0.3648944609375 0.5819585078125 0.3495905 0.5831588187500001 0.351390965625 0.591260915625 0.32618444062499996 0.656977928125
0 0.505930971875 0.69298725 0.508031515625 0.5879600625 0.482224834375 0.585559440625 0.4810245234375 0.6611790156249999 0.3819988890625 0.6614790937499999 0.3753971796875 0.6266700828125 0.36039329531250003 0.68938631875 0.505930971875 0.69298725
0 0.5077314375 0.5762570328125001 0.5095319046875 0.510840096875 0.4900268546875 0.5090396312500001 0.48792631093749994 0.5537512062500001 0.48342514531249997 0.556151828125 0.482824990625 0.5780574984375 0.5077314375 0.5762570328125001
0 0.49122716562499996 0.49013473750000003 0.49092708749999997 0.5042383890625 0.512232603125 0.5060388546875 0.51253268125 0.45892665781249997 0.501129728125 0.4613272796875 0.49872910781249996 0.4910349703125 0.49122716562499996 0.49013473750000003
0 0.679375871875 0.5153412625 0.679976028125 0.5063389328125 0.66077105625 0.4658284453125 0.5794500031250001 0.464628134375 0.588452334375 0.5126405640625 0.679375871875 0.5153412625
0 0.7033820859375 0.513540796875 0.7943056234375 0.5165415734375001 0.7973064015625 0.5075392437499999 0.7609970015624999 0.4661285234375 0.6802761046875 0.4649282125 0.6763750953125001 0.47273023125 0.7033820859375 0.513540796875
0 0.7435924953125 0.591260915625 0.8600226359375001 0.5927613046875 0.8627233359375 0.581358353125 0.8099096640625 0.519842428125 0.709383640625 0.5192422718749999 0.7081833296875 0.53004506875 0.7435924953125 0.591260915625
0 0.822662965625 0.7154930765625 0.980173740625 0.7205943968749999 0.9873756046875 0.7058905906249999 0.8895502796875 0.604464334375 0.763997778125 0.60416425625 0.76009676875 0.6140668203125 0.822662965625 0.7154930765625
0 0.6128786578125001 0.597562546875 0.60987788125 0.6095656546875 0.6335840171875 0.7082912125 0.785723403125 0.7112919890625 0.789324334375 0.6989888046875 0.7353103515625 0.597562546875 0.6128786578125001 0.597562546875
0 0.6040563734375 0.5903606828125 0.721686825 0.5924612265625 0.7210866703125001 0.5819585078125 0.687778046875 0.5210427390625 0.590552878125 0.519842428125 0.5893525671875001 0.5315454578125001 0.6040563734375 0.5903606828125
0 0.523069928125 0.3938412 0.5260361765625 0.42231718125000006 0.5899527234375 0.42201710312499996 0.5821507031250001 0.39471003437499996 0.523069928125 0.3938412
0 0.60345621875 0.4235174921875 0.6694733078125 0.42441772499999997 0.6697733859375 0.417816015625 0.6547695015625 0.39471003437499996 0.5956541984375 0.3962104234375 0.594753965625 0.40281213125 0.60345621875 0.4235174921875
0 0.5923533437499999 0.3965105 0.6487679484375 0.3962104234375 0.6490680265625 0.39110910312499997 0.6391654625000001 0.3752049859375 0.5860517125 0.3752049859375 0.5854515578124999 0.3827069265625 0.5923533437499999 0.3965105
0 0.584551325 0.375805140625 0.6355645296875 0.3752049859375 0.6361646859375 0.371604053125 0.6271623546875 0.356900246875 0.5803502375 0.3581005578125 0.57975008125 0.36470226562499997 0.584551325 0.375805140625
0 0.57404860625 0.37460482968750003 0.568947284375 0.3578004796875 0.5230354 0.3581005578125 0.5230354 0.3743047515625 0.57404860625 0.37460482968750003
0 0.5803502375 0.3941098796875 0.5746487609375001 0.3755050625 0.5242357109375 0.3743047515625 0.523335478125 0.39290956875 0.5803502375 0.3941098796875
0 0.45101675625000004 0.41481523906250006 0.449216290625 0.40551283125 0.4480159796875 0.4217170265625 0.5104321374999999 0.4229173359375 0.512232603125 0.416315628125 0.45101675625000004 0.41481523906250006