0 0.8053362109375 0.7074098281250001 0.7770848781249999 0.6586156562500001 0.7642141078125 0.6905820421875 0.667102709375 0.6796522390625 0.651175896875 0.6009119578125001 0.6364112046875 0.5977075140625 0.6323356921875 0.6086378390625 0.6560150375 0.7072155703125 0.8004404546874999 0.7209728765625 0.8053362109375 0.7074098281250001
0 0.6272202250000001 0.5916091203125 0.653689065625 0.594610590625 0.660860875 0.572629709375 0.6458333453125 0.5695420906249999 0.6323037546875 0.5238973890625 0.6142871453125001 0.524915653125 0.612466303125 0.53164991875 0.6272202250000001 0.5916091203125
0 0.6371384046874999 0.5047605671875 0.622634878125 0.503476746875 0.6146759671875001 0.47317719843750006 0.5966807375000001 0.46997368437500003 0.5943702875 0.47664783593750004 0.6051382453125 0.5184745328125 0.634145296875 0.5210421734375 0.6371384046874999 0.5047605671875
0 0.6190304125 0.6461668453125 0.6142939375 0.6766470578125 0.5157970749999999 0.6672865984375 0.518410875 0.5893318546875 0.49241026093749996 0.590612275 0.4831486546875 0.6923517015625 0.630056503125 0.7081532687500001 0.6320189578125001 0.6962180109375 0.6190304125 0.6461668453125
0 0.38883729218749996 0.5962836874999999 0.38875114375 0.584842375 0.27014599375000004 0.5712734703125 0.2039610546875 0.6630416578125 0.20494058124999998 0.6773260984375 0.35686039531249997 0.690761128125 0.38883729218749996 0.5962836874999999
0 0.2397906671875 0.5817104765625001 0.23781054531249998 0.571527578125 0.11498361718750001 0.55793729375 0.0066366906249999994 0.6470135828125 0.013311154687499998 0.6634882390625 0.1695472578125 0.678198725 0.2397906671875 0.5817104765625001
0 0.3010798484375 0.503505334375 0.29897949375 0.49430165156249994 0.2021318015625 0.48365272187499997 0.13984139843750001 0.5376309874999999 0.1420706625 0.5498324296875 0.2565442109375 0.56264554375 0.3010798484375 0.503505334375
0 0.3361198984375 0.4528904890625 0.33641180312499996 0.44646548125 0.2530884203125 0.4369801390625 0.21428149218749998 0.471725828125 0.2150075375 0.48200323906250003 0.30775368593749997 0.491651575 0.3361198984375 0.4528904890625
0 0.4330019890625 0.465283103125 0.43353435625000003 0.4568996671875 0.354097775 0.4481400578125 0.32881949375 0.48603782031250004 0.3275827734375 0.49408627968749996 0.4201185140625 0.505448240625 0.4330019890625 0.465283103125
0 0.4175505609375 0.5202910828125 0.4174988078125 0.510593453125 0.320556603125 0.4986904484375 0.283201765625 0.55399095625 0.28111907812500003 0.566905428125 0.398676221875 0.5768667359374999 0.4175505609375 0.5202910828125
0 0.5668267796875 0.4297794296875 0.5686175625 0.423289965625 0.5062871703125 0.416879228125 0.505990928125 0.4213157484375 0.5668267796875 0.4297794296875
0 0.436685178125 0.3867141796875 0.42682920781250006 0.41234139531249997 0.4911480859375 0.41874779531249995 0.49424407031250006 0.39353302968750004 0.436685178125 0.3867141796875
0 0.44640387343750004 0.36827644375 0.439837565625 0.3873497390625 0.4959276359375 0.39398823906249997 0.4981776546875 0.3736394875 0.44640387343750004 0.36827644375
0 0.4534040109375 0.35174135624999997 0.4476880078125 0.3679371265625 0.4968634640625 0.37422360781249997 0.5001614890625 0.357482453125 0.4534040109375 0.35174135624999997
0 0.3967298203125 0.3437886625 0.3854778484375 0.3605471734375 0.43691665156250004 0.3666145703125 0.44018462031250005 0.35011821875 0.3967298203125 0.3437886625
0 0.435276159375 0.371880015625 0.43486804843750004 0.367108515625 0.384129259375 0.3593876109375 0.3708544046875 0.374406775 0.372241728125 0.3792985078125 0.42793670625 0.3871309671875 0.435276159375 0.371880015625
0 0.4239383515625 0.39136142343749997 0.42221605 0.38717404218749996 0.364897621875 0.378396765625 0.3495828421875 0.39788685 0.34730245000000004 0.404316196875 0.41351964218750004 0.41145266718749995 0.4239383515625 0.39136142343749997
0 0.5859642171874999 0.4236804078125 0.581690375 0.399797190625 0.5746598671875 0.402412871875 0.5817554578124999 0.42962448750000004 0.644240478125 0.43679969375 0.6445968375 0.431873565625 0.5859642171874999 0.4236804078125