0 0.2564035 0.4852942390625 0.32381257343750003 0.46858759531249994 0.3224652984375 0.4638277796875 0.25821444531250004 0.4779536953125 0.2392496203125 0.45962590312499996 0.23834895312499998 0.46757743593749995 0.2564035 0.4852942390625
0 0.340202896875 0.46575463125 0.39749375468750003 0.448700003125 0.3967000921875 0.4419350890625 0.3396635546875 0.45546335468750004 0.3214474203125 0.43885284375 0.3211797625 0.4505038015625 0.340202896875 0.46575463125
0 0.398601909375 0.44051803125 0.40784333906250003 0.445083696875 0.45765408750000003 0.43193411875 0.45755174062500004 0.425791671875 0.4268193390625 0.4133501453125 0.3969466609375 0.42150264843749996 0.39838480781249996 0.43218595000000004 0.398601909375 0.44051803125
0 0.41868012187500003 0.4116545953125 0.393928584375 0.4002170140625 0.396816353125 0.42180257968749996 0.419404934375 0.41710572656249995 0.41868012187500003 0.4116545953125
0 0.377768815625 0.388491890625 0.3925128625 0.395007246875 0.3934317890625 0.39929721875 0.3977210265625 0.40167530625000003 0.4376879546875 0.3928132453125 0.4382992671875 0.387922503125 0.41643296718749995 0.381259834375 0.377768815625 0.388491890625
0 0.4457666953125 0.41007754218750003 0.48866714062499994 0.3975912390625 0.486691775 0.3930095828125 0.46253048124999996 0.3855995640625 0.42244491562500003 0.3955089921875 0.422215978125 0.401073796875 0.4457666953125 0.41007754218750003
0 0.4850181375 0.4239847796875 0.52966721875 0.41175388437500005 0.5280198140625 0.40680799062500006 0.49702868593750005 0.39489720156249997 0.455595 0.40557138281249994 0.456467846875 0.412293121875 0.4850181375 0.4239847796875
0 0.554040865625 0.48185842343749996 0.6037676046875 0.4633926265625 0.6050773625 0.4559605390625 0.5582277718750001 0.437458321875 0.5066584109375001 0.4531885921875 0.506760821875 0.460546671875 0.554040865625 0.48185842343749996
0 0.612491075 0.45868730625 0.656360715625 0.4419445140625 0.6560202765625001 0.43544853906250003 0.6062711390625 0.4210632140625 0.566683609375 0.4330502375 0.5657598984375001 0.44244456093749995 0.612491075 0.45868730625
0 0.6280826234375 0.5130136484375 0.680961740625 0.48985129218749995 0.6809333390625001 0.48390538125000004 0.62073655625 0.45930563593749996 0.567471390625 0.480505759375 0.5675590015624999 0.487581403125 0.6280826234375 0.5130136484375
0 0.690869115625 0.48435274375 0.7316923921875 0.4635214625 0.7353060265625 0.4568182625 0.670306665625 0.4378511890625 0.6303910984375001 0.45438675625 0.628084821875 0.464419953125 0.690869115625 0.48435274375
0 0.731386065625 0.55720771875 0.7844452046875 0.5266724796875 0.7876283875000001 0.51715974375 0.700780421875 0.48659328124999995 0.6474844531249999 0.5126095796875 0.6473192328125 0.5202648937500001 0.731386065625 0.55720771875
0 0.7925495 0.517128475 0.83558904375 0.48995043593750004 0.836036696875 0.482280321875 0.7547017890625 0.45963800624999995 0.70995404375 0.4812413796875 0.710516509375 0.491973859375 0.7925495 0.517128475
0 0.30831595625 0.5096524359375 0.2965031109375 0.5163535390625 0.2956277171875 0.5240819640625001 0.3289365390625 0.56106916875 0.3508978046875 0.5525557859375 0.350196496875 0.5330660640625 0.3342504 0.5403038875 0.3096584375 0.5169445234375 0.30831595625 0.5096524359375
0 0.33765043281249996 0.5623220375 0.33916021406249997 0.5728064171875 0.38363934843749997 0.6213722453125 0.43655184843750006 0.5987526359374999 0.43319632500000005 0.577481378125 0.3928034078125 0.588561253125 0.35453748749999997 0.5547147953125 0.33765043281249996 0.5623220375
0 0.4914766109375 0.6651616515625001 0.437067903125 0.616475996875 0.4373895140625 0.6042887046875001 0.4013808 0.6196203015624999 0.40037020625 0.6308769796875 0.47102105468750005 0.702405678125 0.5735393640625001 0.642934978125 0.573844578125 0.6304348421875 0.557432753125 0.6165700671875001 0.556254859375 0.6246344500000001 0.4914766109375 0.6651616515625001
0 0.55748374375 0.5843667234375001 0.5573779328125 0.6067797015624999 0.5946206046875 0.6333173453125001 0.6712284265624999 0.586408271875 0.6732636296875001 0.5763783203124999 0.6469222328125 0.5623937171875 0.6464985515625 0.5787413375 0.589972790625 0.605711690625 0.55748374375 0.5843667234375001