0 0.35599461250000003 0.561107490625 0.35497819062499997 0.5553430781250001 0.40407761718749996 0.545259053125 0.42147052656249995 0.556932428125 0.43342652812500004 0.5552997515625 0.43296650000000003 0.5472975250000001 0.41025085 0.5303813140625 0.337483078125 0.547135034375 0.3403778046875 0.5541135953125 0.35599461250000003 0.561107490625
0 0.428366928125 0.5596392046875 0.445861478125 0.5718890203125 0.456501971875 0.5695373234375001 0.4558653890625 0.5632304453125 0.43852010156250004 0.5504788203125 0.428062284375 0.5558889953125 0.428366928125 0.5596392046875
0 0.5058714796875 0.5094791453124999 0.431747540625 0.5252832671875 0.4335230796875 0.5340045171875001 0.454239678125 0.5499656140625 0.45093254531250004 0.5339065749999999 0.5014221125 0.5242906656249999 0.512608278125 0.5382471843750001 0.5191187234375 0.5367426 0.520441478125 0.5341319078125 0.5058714796875 0.5094791453124999
0 0.5289849359375001 0.503977146875 0.5300617812499999 0.5141291953125 0.53947194375 0.532440540625 0.5442394187499999 0.5318376515625001 0.54052571875 0.5134728468749999 0.5944062640625 0.5021891625 0.5980862734375 0.5190145640625 0.6084485671875 0.5177817734375 0.6076324078125 0.4861866765625 0.5289849359375001 0.503977146875
0 0.5082385046875 0.49283565312500005 0.5081673546875 0.49243214375 0.5963904343750001 0.473666471875 0.595195840625 0.43250941562499995 0.5927558671875001 0.42271659687499996 0.4891445859375 0.44859391249999997 0.48997720781250004 0.45938338593749994 0.5082385046875 0.49283565312500005
0 0.455997796875 0.39082271562500004 0.48621504218749995 0.44815948906249997 0.5976501578125 0.42129137187500004 0.59477903125 0.3570136015625 0.592317321875 0.3413975703125 0.45541673437499997 0.379252375 0.455997796875 0.39082271562500004
0 0.3614408015625 0.49008070937500003 0.3993272125 0.5195859859375 0.48143734531250004 0.4986877140625 0.481554940625 0.4910796609375 0.45816957656249996 0.456099259375 0.360260196875 0.48007518281249995 0.3614408015625 0.49008070937500003
0 0.3515699671875 0.48044022656249996 0.4537246515625 0.455715740625 0.4534765125 0.44437851562499997 0.41634281093750003 0.38935218125 0.289548246875 0.4216313609375 0.2915943171875 0.4332352015625 0.3515699671875 0.48044022656249996
0 0.3205375203125 0.486495721875 0.32143786875 0.476706909375 0.2509241515625 0.42931729062499996 0.1385800375 0.4607993875 0.13921100625 0.47265275000000007 0.2238600328125 0.5108380703125001 0.3205375203125 0.486495721875
0 0.24218867500000002 0.5154853765625 0.296856696875 0.5408643203125 0.3766855734375 0.5235783171875 0.377386303125 0.5126574203125001 0.33535439375 0.4844667484375 0.241107878125 0.506045890625 0.24218867500000002 0.5154853765625
0 0.8971172671875 0.3819109578125 0.9684959359375 0.31504646406250003 0.96070674375 0.30066163125 0.8186625734374999 0.3341706296875 0.7799474734375 0.3976102140625 0.783725165625 0.4074496234375 0.8971172671875 0.3819109578125
0 0.8867275296875 0.392497546875 0.88111840625 0.38385652812500004 0.77458510625 0.4102285421875 0.749058521875 0.44916432031250003 0.751354803125 0.457222203125 0.8432701546875 0.43897230781249996 0.8867275296875 0.392497546875
0 0.8600032453124999 0.4246408328125 0.864463884375 0.4317334421875 0.9611406796875 0.41235215468749997 0.988296315625 0.390930146875 0.983784778125 0.36429457656249997 0.9107022499999999 0.37951555937500003 0.8600032453124999 0.4246408328125
0 0.7417478187500001 0.46562803124999996 0.832814109375 0.4475278484375 0.8306340421874999 0.441784034375 0.7433803250000001 0.45833649843749996 0.740566525 0.4605835671875 0.7417478187500001 0.46562803124999996
0 0.8633653015625 0.4304680515625 0.8530432546875 0.43316356562499997 0.8255540046875 0.45931351875 0.8298478328125001 0.46877009843749995 0.8354084343749999 0.467205975 0.8616822000000001 0.442437625 0.9469882734375 0.4247694828125 0.9486535875 0.420974003125 0.9446256828124999 0.414680553125 0.8655624656249999 0.43299883125000005 0.8633653015625 0.4304680515625