0 0.3660446703125 0.43043296875000003 0.365349846875 0.50251585 0.3812040875 0.5026016109375 0.38510685 0.45749779375 0.40159113125 0.453841071875 0.3976198921875 0.43108289843750003 0.3660446703125 0.43043296875000003
0 0.48414227500000007 0.49209499687499997 0.4866246765625 0.5002100046875 0.5007348078125 0.5006347875 0.515174728125 0.456197765625 0.54280170625 0.4539951390625 0.53856395 0.432193775 0.5063346859375 0.4316709796875 0.48414227500000007 0.49209499687499997
0 0.4702946328125 0.555874478125 0.48719043749999996 0.5566627828125 0.499401215625 0.521709103125 0.503676734375 0.520425525 0.501485353125 0.5068239250000001 0.483281465625 0.5062898828125 0.4702946328125 0.555874478125
0 0.6714848015625 0.32219120625 0.544530371875 0.31157348906250004 0.5118345375 0.4134068390625 0.5138809109375 0.421606603125 0.535670025 0.41963373906249996 0.5318917937500001 0.40950810468750004 0.5578879453125001 0.3383896703125 0.6436628046874999 0.344341828125 0.651715546875 0.3694741515625 0.6745727406250001 0.33109351249999996 0.6714848015625 0.32219120625
0 0.4004545734375 0.42238685625 0.39842045000000004 0.4119222015625 0.40381507031249997 0.3325907453125 0.5018589437500001 0.34113556875 0.50457110625 0.3550884421875 0.5138323234375 0.3259118734375 0.5115015578125 0.3139211234375 0.362758015625 0.3052762703125 0.3659604171875 0.421851809375 0.4004545734375 0.42238685625
0 0.607000934375 0.5351839890625001 0.60939858125 0.5428629703125 0.67615875625 0.5371261390625001 0.7143371578125 0.5007448812499999 0.7122182796875001 0.4898442 0.63928121875 0.4940666828125 0.607000934375 0.5351839890625001
0 0.6882950171875 0.5320520765625 0.691915990625 0.539040765625 0.75134845625 0.5351807984375 0.7977266203125 0.4967531671875 0.7926280546875 0.4891466890625 0.7275517375 0.48957868906249996 0.6882950171875 0.5320520765625
0 0.64938335625 0.478527965625 0.6496008671875 0.4866307234375 0.7265346765625 0.4843463609375 0.7817191484375 0.4283693859375 0.7784494468750001 0.4208599140625 0.6910754859375 0.4206486171875 0.64938335625 0.478527965625
0 0.7405968078125 0.477540440625 0.7424614203125001 0.48713304218750003 0.8129518265625 0.48429114375 0.8770988578125 0.4301920390625 0.8769783546875001 0.42026041875000003 0.796653334375 0.42139395625000003 0.7405968078125 0.477540440625
0 0.8173048812499999 0.40425714218750003 0.8198720375 0.412808178125 0.90333400625 0.4115173828125 0.9795570453125 0.34737840625 0.975194790625 0.324243734375 0.8998273250000001 0.3189835984375 0.8173048812499999 0.40425714218750003
0 0.797913415625 0.41390898906249995 0.8819859531249999 0.3319541515625 0.8750830265625 0.319720884375 0.7752827921875001 0.313779971875 0.7057196578125 0.40286951093749995 0.7107089656250001 0.41456974375 0.797913415625 0.41390898906249995
0 0.5797814546875 0.6069927171875 0.5802777328125 0.611873771875 0.6334363062499999 0.608328321875 0.65506916875 0.58692824375 0.6546698953125001 0.5802183234375 0.59906466875 0.5851443578125 0.5797814546875 0.6069927171875
0 0.5590622703125 0.6313874296875001 0.559745046875 0.635844509375 0.605042965625 0.6318128781250001 0.6251818499999999 0.6135781015624999 0.6231231671875 0.6086541000000001 0.57376134375 0.6125577171875001 0.5590622703125 0.6313874296875001
0 0.5426728359374999 0.649076978125 0.54203854375 0.6552588078125 0.5858573953125 0.650229534375 0.6013129890625 0.635291790625 0.600448334375 0.631788025 0.55593179375 0.6351169953125 0.5426728359374999 0.649076978125
0 0.5690486375 0.6147589171875001 0.5871532859374999 0.5936149000000001 0.5862103234375 0.584985778125 0.5265951015625 0.59281016875 0.520183965625 0.60516368125 0.5224779796875 0.6188543531249999 0.5690486375 0.6147589171875001