0 0.23900010625 0.4662227609375 0.3286195328125 0.43989127968749997 0.3253858421875 0.4329619421875 0.242233796875 0.4555977765625 0.20481537656249998 0.429266296875 0.20620124374999999 0.442201059375 0.23900010625 0.4662227609375
0 0.3382918875 0.4366003765625 0.4098950375 0.41812214531249997 0.4075852578125 0.40980694062499995 0.34753100312499996 0.428285171875 0.3207375671875 0.41396454218749995 0.322123434375 0.42643734999999994 0.3382918875 0.4366003765625
0 0.3985908953125 0.3438592734375 0.400191503125 0.3491946328125 0.425801228125 0.3433257375 0.42473415625 0.337190075 0.3943226078125 0.32865350000000004 0.36924641875 0.335856234375 0.3985908953125 0.3438592734375
0 0.43442987187500004 0.3768124578125 0.48004719375000005 0.3642743640625 0.47978042500000007 0.3589390046875 0.442699678125 0.346934446875 0.40721953906249997 0.35680486093749997 0.408553378125 0.368009115625 0.43442987187500004 0.3768124578125
0 0.4198162015625 0.414402509375 0.4755707078125 0.39679582343750003 0.4745036359375 0.38799248125 0.432354296875 0.37278670625 0.4091454828125 0.3807897453125 0.4118131625 0.408266846875 0.4198162015625 0.414402509375
0 0.486780828125 0.394630059375 0.5363996703125 0.3783572125 0.53266491875 0.3727550859375 0.48998204375 0.35968345468749996 0.4475659375 0.37355538906249997 0.44783270625 0.38049135624999997 0.486780828125 0.394630059375
0 0.571236478125 0.4450004390625 0.578555384375 0.4411483828125 0.615149915625 0.45077852343749997 0.6247800546875 0.45694181250000004 0.6648414375 0.436911121875 0.6640710249999999 0.4292070109375 0.5958896359375 0.40879111406249996 0.5477389374999999 0.4311330375 0.5473537312500001 0.43883715 0.571236478125 0.4450004390625
0 0.6525729171875 0.4656593875 0.649491271875 0.477985965625 0.7199838953125 0.5022539187499999 0.7311548578125 0.492623778125 0.74232581875 0.4976314515625 0.7723718546875 0.474519115625 0.7742978828125 0.4614221265625 0.68801183125 0.4390802015625 0.64409839375 0.4621925375 0.6525729171875 0.4656593875
0 0.6778822984375 0.4326684140625 0.7167880624999999 0.4126377234375 0.7160176515625001 0.4060892296875 0.6524587281249999 0.387984565625 0.6154789921875 0.4049336125 0.6139381703125 0.4126377234375 0.6778822984375 0.4326684140625
0 0.7865861015625 0.46830251875 0.8181729609374999 0.44287895 0.8189433718749999 0.43363401562500004 0.7353537593749999 0.41360332499999997 0.701840871875 0.4317079875 0.702611284375 0.44326415468749997 0.7865861015625 0.46830251875
0 0.833533246875 0.5438304328125 0.8828395625000001 0.5600090671875 0.9149902734375001 0.5243010406249999 0.92126245625 0.5094758828125 0.8027168 0.474108221875 0.7649666515625 0.5091619296875 0.83931133125 0.5311186484375 0.833533246875 0.5438304328125
0 0.9279616515625 0.5066076453125 0.9510739875 0.4700131140625 0.9483775484375 0.46384982499999994 0.8478388890625 0.439967078125 0.81971888125 0.46462023593749996 0.8166372375 0.474250375 0.9279616515625 0.5066076453125
0 0.301598275 0.5287731421874999 0.3619376984375 0.57736506875 0.409995646875 0.557073934375 0.4057238296875 0.530375075 0.373685196875 0.5469283671875 0.321889409375 0.5154237125 0.3245592953125 0.5058121234375 0.301598275 0.5148897359375 0.301598275 0.5287731421874999
0 0.382580075 0.6015131796875 0.479763925 0.676803965625 0.5806856171875 0.5999112484375 0.57801573125 0.58656181875 0.5390353953125 0.5619988671875 0.54010335 0.5822900015625 0.47602608437500005 0.6244742 0.4028712078125 0.5822900015625 0.40500711718750004 0.5710764796875 0.3809781421875 0.58335795625 0.382580075 0.6015131796875
0 0.6724896874999999 0.7407754375 0.561871203125 0.6727688203125 0.5630116000000001 0.632854934375 0.5111235484375001 0.6704880265625001 0.4987796125 0.703887390625 0.5704241796875 0.7407754375 0.6724896874999999 0.7407754375
0 0.7369221046875001 0.668207234375 0.735211509375 0.671058225 0.6724896874999999 0.7407754375 0.7203863515625 0.7407754375 0.766125484375 0.7006952 0.7540280562499999 0.6739092171875 0.7369221046875001 0.668207234375