0 0.53029388125 0.4229069671875 0.5289607390625 0.4162412625 0.500964778125 0.403502359375 0.47148754843749996 0.40853867031249996 0.47163567500000003 0.425276996875 0.48185642343749996 0.43209082812500005 0.53029388125 0.4229069671875
0 0.5408849453125 0.4218700796875 0.5870264390625 0.4143156140625 0.5849526640625 0.40853867031249996 0.5547348000000001 0.3956516390625 0.5131111734375 0.40276172499999996 0.512963046875 0.40735365625000003 0.5408849453125 0.4218700796875
0 0.5039273140625 0.40453924687500004 0.545699065625 0.3971329078125 0.5464397 0.3934297375 0.5206656390625 0.382764609375 0.48200455 0.3882453 0.48126391562500004 0.3940222453125 0.5039273140625 0.40453924687500004
0 0.474450084375 0.38957844218750004 0.4809676625 0.39031907499999996 0.48244892968749997 0.38454213125000003 0.4907440296875 0.38350524375 0.4910402828125 0.38706028593749997 0.49948350937499997 0.3854308921875 0.49903912968749997 0.3830608625 0.5062973421875 0.3818758484375 0.50851924375 0.3846902578125 0.5141480609375 0.38350524375 0.515481203125 0.380690834375 0.49400281875 0.371803228125 0.4597855328125 0.375950778125 0.473413196875 0.3849865109375 0.474450084375 0.38957844218750004
0 0.41342185000000004 0.4449778578125 0.46896939218749994 0.4343127296875 0.46748812500000003 0.430017053125 0.4151993703125 0.4357939984375 0.3977204109375 0.424832615625 0.3969797765625 0.43031330624999997 0.41342185000000004 0.4449778578125
0 0.3346184015625 0.4509029296875 0.31995385 0.4329795890625 0.31906508906250003 0.43934904062499996 0.33402589374999997 0.4574205078125 0.39801666406249997 0.4464591265625 0.397572284375 0.4423115765625 0.3346184015625 0.4509029296875
0 0.36572502500000004 0.49415595 0.3666137859375 0.5003772750000001 0.39327660781249996 0.53726084375 0.4156437515625 0.5317801531249999 0.414310609375 0.516819346875 0.3997941859375 0.5208187703125 0.3792045625 0.49593347187500003 0.37964894375 0.49030465312500005 0.36572502500000004 0.49415595
0 0.40053481875 0.540075253125 0.4032011015625 0.5449634359375 0.4020160875 0.5514810140625 0.440232796875 0.602436628125 0.490595903125 0.58614268125 0.48896650781249995 0.55903548125 0.4436397125 0.5751813 0.415791878125 0.5420009 0.4165325125 0.5363720828125 0.40053481875 0.540075253125
0 0.49089215625 0.5932823921875 0.453712334375 0.605576915625 0.45445296874999996 0.6169826781250001 0.51577745625 0.6968230140625 0.6252431484375001 0.6496890718749999 0.6262800359375 0.6370982953125 0.61131923125 0.624803771875 0.6110229765625 0.6307288437499999 0.5350339375 0.6622798484375 0.4897071421875 0.610731728125 0.49089215625 0.5936971484375 0.49089215625 0.5932823921875
0 0.6202068374999999 0.608657953125 0.63738954375 0.622729996875 0.6369451640625 0.6298400828124999 0.65086908125 0.64109771875 0.7344125859374999 0.603029134375 0.7354494734375 0.5917715 0.7107123015625 0.5771069484375 0.7074535125 0.5904383578125 0.649017496875 0.613398009375 0.6150224 0.5877720765625 0.613244878125 0.6105836015625 0.6202068374999999 0.608657953125
0 0.621076028125 0.48324244062500005 0.6761440125 0.469995846875 0.6765224875 0.4626156015625 0.6282670375 0.44085334062500003 0.5754698968749999 0.45277527500000003 0.5764160828125 0.459587809375 0.621076028125 0.48324244062500005
0 0.6880659484375 0.46602186874999996 0.7346182640625 0.45391069687499996 0.7357536875 0.4489905328125 0.68465968125 0.4276067453125 0.6392427859375001 0.43915020625 0.6394320234374999 0.445773503125 0.6880659484375 0.46602186874999996
0 0.7675455125 0.5015984359375001 0.8176933328124999 0.48627023437499994 0.8180718078125 0.47945770000000004 0.7527850218750001 0.45334298593750005 0.7039618609375 0.46734652812500005 0.704340334375 0.47434830000000006 0.7675455125 0.5015984359375001
0 0.70055559375 0.5258207796875001 0.7575159484375 0.5065185999999999 0.7577051859374999 0.4987598796875 0.6922291625 0.47056355781250003 0.6367827046875 0.48456710000000003 0.6382966015625 0.49402895312500006 0.70055559375 0.5258207796875001
0 0.8036897906249999 0.57880715625 0.8658730890624999 0.55431988125 0.8687116453125 0.5439118421875 0.7797702265625001 0.5053074828125 0.7194792999999999 0.52487459375 0.719100825 0.5333902625 0.8036897906249999 0.57880715625
0 0.8798766312499999 0.54883200625 0.9319546703125001 0.5272589812499999 0.9325223812500001 0.5172294171875 0.842634778125 0.4852483546875 0.7932060578125 0.5026581640625001 0.792449109375 0.5107953578125 0.8798766312499999 0.54883200625