0 0.4130142859375 0.5733603890625 0.41305025625 0.5791525703125 0.44796234375 0.5820349031250001 0.4781265265625 0.58593145 0.47916775468750006 0.5802335125 0.45471349375000003 0.5777017 0.4130142859375 0.5733603890625
0 0.5554795828125 0.59382003125 0.5550374234375 0.588535034375 0.49240503437500005 0.580703615625 0.49192486874999997 0.5882597140625 0.5554795828125 0.59382003125
0 0.545593503125 0.6522205249999999 0.5770813765625 0.6562417078125 0.58720465 0.6439211484375 0.5879406875 0.6396437671874999 0.5548751828125 0.6371127249999999 0.55474733125 0.6427096640625 0.545593503125 0.6522205249999999
0 0.5536012609375 0.637617103125 0.590748903125 0.6410480078125 0.6055489890625 0.626965728125 0.60525495 0.62205550625 0.5553604562500001 0.617509396875 0.5536012609375 0.637617103125
0 0.555985809375 0.607181525 0.5546775609375 0.6159315249999999 0.6112686546874999 0.6225107703125 0.62934965625 0.6040119453125 0.6292755140625 0.596588259375 0.56668129375 0.5903883453125001 0.555985809375 0.607181525
0 0.587133003125 0.6505362734375 0.5872003890624999 0.6559693859375 0.6320904171875 0.661886734375 0.6472316640625 0.652176078125 0.6477724625 0.6480625234375 0.6007751578125 0.641418090625 0.587133003125 0.6505362734375
0 0.60384198125 0.6332559375 0.6047666671874999 0.6412967578125001 0.6532002343750001 0.648066846875 0.671660565625 0.6355711484375 0.672374140625 0.62948273125 0.6173831390625 0.6232243828125 0.60384198125 0.6332559375
0 0.623997215625 0.6155201015625 0.6257881515625 0.6239985234375001 0.6811696359375 0.6299292203125 0.705229103125 0.6134007 0.70524920625 0.604899815625 0.6434359453125 0.5980445999999999 0.623997215625 0.6155201015625
0 0.6470468687500001 0.5485446078125 0.6471185937499999 0.5578771578125 0.7243023328125 0.56907094375 0.7663259796874999 0.5354424359375 0.7672899625 0.524424065625 0.67724779375 0.5129935296875 0.6470468687500001 0.5485446078125
0 0.7392306015625 0.555801678125 0.741506 0.565327025 0.8143209484374999 0.5756944828125 0.8690102312500001 0.5445063984375 0.8668890687499999 0.5332181125 0.7841080359375 0.5250874953125 0.7392306015625 0.555801678125
0 0.6891224421875 0.4990940265625 0.6893098453125 0.507104371875 0.780960715625 0.5204520828125 0.8473678296875 0.4720807359375 0.83838770625 0.4579718265625 0.7351234921875001 0.4453845125 0.6891224421875 0.4990940265625
0 0.8056249109375001 0.5098920625 0.8024572531249999 0.5207176375 0.8972318265625001 0.5338945296875 0.9711314328125 0.4861786890625 0.97081176875 0.47460390625000004 0.8697512296875001 0.4622093875 0.8056249109375001 0.5098920625
0 0.7594785765625 0.4231290875 0.7629605015625 0.43409231718749997 0.87536446875 0.44881158125000004 0.9765121156250001 0.3688391859375 0.9743909546875 0.3575509 0.8370578984374999 0.33843008124999996 0.7594785765625 0.4231290875
0 1 0.361533209375 0.8938018546875 0.44582957968750003 0.8998391375000001 0.45528122812499994 0.9855949046875001 0.471739003125 1 0.4693448078125 1 0.361533209375
0 0.50982095 0.41580725625000003 0.5318381859375 0.3133243625 0.38358744218749996 0.2923226296875 0.378730553125 0.301937046875 0.3884021046875 0.40367858125 0.40545134843749997 0.39814265781249997 0.4024933609375 0.3803150203125 0.4185955265625 0.32249166093750004 0.51408551875 0.338375459375 0.50982095 0.41580725625000003
0 0.6766036140625 0.3998091375 0.7087587156249999 0.336362690625 0.5639763078125 0.3101427609375 0.5371082796875 0.4106953640625 0.5588091453125 0.41510377812500004 0.555801478125 0.40931900312499997 0.5755463093750001 0.34428483125 0.6698033375 0.35704895625 0.6766036140625 0.3998091375