0 0.1933060171875 0.49005210625 0.1945073859375 0.4761284640625 0.1709886671875 0.4723530703125 0.14560542031249998 0.5012053703125 0.144943703125 0.509549134375 0.16799345000000002 0.5106648593750001 0.18520566562500002 0.4890427609375 0.1933060171875 0.49005210625
0 0.23447527343750002 0.4453139109375 0.23461591093749998 0.43401495937499995 0.2068564328125 0.42519789531249996 0.1760660390625 0.461402465625 0.176568546875 0.472892721875 0.194246846875 0.47465086875000007 0.2175272046875 0.44251288281249995 0.23447527343750002 0.4453139109375
0 0.23489502187500003 0.4269574875 0.263703871875 0.3898834890625 0.327635825 0.41030007343749997 0.3264858421875 0.42969937812500003 0.350494990625 0.4068788 0.34978333125 0.3993866140625 0.25800553437499996 0.366207003125 0.2181396984375 0.4131530234375 0.2182945796875 0.42439986875 0.23489502187500003 0.4269574875
0 0.34370869375 0.4565237984375 0.3739073296875 0.42560358750000005 0.418684109375 0.4393424203125 0.42127309999999996 0.44711299687499995 0.43660654374999996 0.4355727984375 0.43723328125 0.4287587359375 0.36838244375 0.4046388796875 0.32693624374999997 0.440894115625 0.3289163453125 0.45212383125000005 0.34370869375 0.4565237984375
0 0.47655080625 0.4495543203125 0.43044698437499995 0.47840373593749996 0.43315804062499996 0.4834104265625 0.48033395 0.49520269375000003 0.523621059375 0.4711158375 0.5228051812500001 0.46303261406249996 0.47655080625 0.4495543203125
0 0.5693893343750001 0.48010923906249997 0.5341383921875 0.46682369375 0.48899108281250003 0.49245737968750003 0.49105899375 0.4972727671875 0.5298740125 0.506578096875 0.5721003890625 0.48511593125 0.5693893343750001 0.48010923906249997
0 0.43944525 0.5225231265625 0.4779997296875 0.5303508625 0.514836809375 0.51288604375 0.514194384375 0.507514596875 0.4768569625 0.497948728125 0.43866363125 0.5180903453125 0.43944525 0.5225231265625
0 0.39838309843749997 0.547131784375 0.4371467296875 0.55096145 0.468281865625 0.535720865625 0.4678828515625 0.53000179375 0.43017995000000003 0.5235474359375 0.3969933125 0.5409779968749999 0.39838309843749997 0.547131784375
0 0.3443231671875 0.5377721828124999 0.39080454531250003 0.543897484375 0.420444959375 0.52709221875 0.420080925 0.5198434437499999 0.374920815625 0.5125710453125001 0.34328100781250004 0.53186180625 0.3443231671875 0.5377721828124999
0 0.420085975 0.48358243593749994 0.3810053671875 0.5090605203125 0.38199541875 0.514675378125 0.42917205 0.5212875015625 0.46677434218749997 0.5012501015625 0.4657842921875 0.4956352421875 0.420085975 0.48358243593749994
0 0.67398245 0.3595898515625 0.6039230296875 0.40119507656250003 0.6055733531249999 0.408826459375 0.6437088046875 0.429830475 0.709682346875 0.3944304234375 0.70902279375 0.38723375625 0.67398245 0.3595898515625
0 0.7008746625 0.3548480296875 0.7334116609375 0.3838474609375 0.8172562515624999 0.339202125 0.7880071 0.2925593734375 0.696304128125 0.34620802500000003 0.7008746625 0.3548480296875