0 0.4064271078125 0.42005071406249994 0.405734859375 0.41296046875 0.393728390625 0.412935090625 0.370695315625 0.423966403125 0.34535521875 0.42411021250000003 0.34533125 0.427668259375 0.347395303125 0.43159804218750003 0.364870665625 0.4354343015625 0.374296834375 0.4358462171875 0.4064271078125 0.42005071406249994
0 0.3655060484375 0.44089614531250004 0.3645125578125 0.43366820156249997 0.34787043125 0.4324707515625 0.3169228046875 0.450299996875 0.2732449734375 0.44737874843750003 0.27351848749999996 0.44247803281250003 0.260248775 0.44872188749999997 0.262906853125 0.456929221875 0.3222525921875 0.46286054375 0.3655060484375 0.44089614531250004
0 0.2719915953125 0.44119739999999996 0.2699721890625 0.4343017171875 0.251679571875 0.441017409375 0.210349646875 0.43742130156250003 0.20947505624999999 0.43359819843749997 0.190621309375 0.4412227875 0.1923239671875 0.44753666562500005 0.24724411562499998 0.45406718437500004 0.2719915953125 0.44119739999999996
0 0.20773997500000002 0.4348445265625 0.20742980156250002 0.42596233437500003 0.179597521875 0.43538263125 0.1440720390625 0.43247313125 0.14385162812500002 0.4304057890625 0.1258344078125 0.43651899531250005 0.126669521875 0.4434560328125 0.1773877828125 0.4485028984375 0.20773997500000002 0.4348445265625
0 0.043904878125000005 0.48843988749999995 0.044745164062499995 0.4955249640625 0.10882478124999999 0.5054410546875 0.1847698765625 0.47314557968750004 0.1824647359375 0.4665563078125 0.1266356875 0.45946465937500003 0.043904878125000005 0.48843988749999995
0 0.125707996875 0.5092979921875 0.195755603125 0.5203396296875 0.2670955875 0.4843513234375 0.264406490625 0.47525577031250005 0.204441346875 0.46771568906249994 0.12179842187500001 0.4992075390625 0.125707996875 0.5092979921875
0 0.0014065875000000001 0.5490069140625 0.0024908937499999997 0.56561371875 0.068754990625 0.5854926203125 0.17527106875 0.5303258343749999 0.1729217421875 0.5208245812500001 0.10084110625 0.507705790625 0.0014065875000000001 0.5490069140625
0 0.42906290937499997 0.47160363125 0.3880149515625 0.506089196875 0.3893092828125 0.513881103125 0.48104029062500003 0.5256705078125 0.5155150421875 0.48834779062499994 0.5141375203125 0.4781735828125 0.42906290937499997 0.47160363125
0 0.532747553125 0.44515305468750005 0.506998178125 0.468882071875 0.43563179218750003 0.464559365625 0.436854815625 0.4703093 0.5155939109375 0.480848675 0.5415647671875 0.4537044859375 0.539577896875 0.44559602031249995 0.532747553125 0.44515305468750005
0 0.5060701140625 0.5203667796875 0.5050177984374999 0.5292628640625 0.61563326875 0.545163221875 0.630716846875 0.49897683437499996 0.6311003890625 0.4904448484375 0.5357089578124999 0.4811684734375 0.5060701140625 0.5203667796875
0 0.5504532906249999 0.464297890625 0.542653821875 0.475133309375 0.5432318421875 0.481928 0.634867775 0.490994775 0.6361340125 0.4882246078125 0.6365056734375 0.4793522921875 0.5486490093749999 0.47117577343750006 0.5504532906249999 0.464297890625
0 0.6671547015625 0.46908192499999996 0.663562346875 0.49305943281250003 0.770184625 0.5019436171875 0.7712012890625 0.49202654843750004 0.666585328125 0.4820500703125 0.6671547015625 0.46908192499999996
0 0.6528792718750001 0.5384106625 0.6519814546875 0.5517310203125 0.7857392765625 0.5668232296875 0.7876818484375 0.5541478765625001 0.77468020625 0.5038310906250001 0.660511271875 0.49350672187500005 0.6528792718750001 0.5384106625
0 0.6394789765625 0.6230423078125 0.6356608140625 0.6405535687499999 0.8171564921875 0.6761270781250001 0.8209271140625001 0.6572545 0.7984265140625 0.56910613125 0.6526977656249999 0.5527282375 0.6394789765625 0.6230423078125
0 0.45194057499999996 0.5900650234375 0.45731128906249996 0.607255403125 0.592715653125 0.6304679625 0.614683590625 0.5472408468750001 0.4975543359375 0.53020498125 0.45194057499999996 0.5900650234375
0 0.37077163125 0.513846965625 0.30167086875 0.5646456234375 0.302450925 0.5772259 0.4141089921875 0.5995639796875001 0.466822115625 0.5380930484374999 0.4681553390625 0.5274834359375 0.37077163125 0.513846965625