0 0.00596129375 0.4295239125 0.0048323265625 0.44100897968749997 0.035131715625 0.43944541406250004 0.1278120265625 0.501471490625 0.13343112343750002 0.49255809375000004 0.0331978265625 0.42558926875 0.00596129375 0.4295239125
0 0.126809075 0.50860786875 0.11733247499999999 0.5242564640625 0.1578825296875 0.518796825 0.2145749296875 0.560725309375 0.22101181718750001 0.5528971546875 0.151733678125 0.50386315 0.126809075 0.50860786875
0 0.22191961249999997 0.5636981609375 0.207932303125 0.5976338812499999 0.21433318125 0.6038701765625001 0.2783291296875 0.6007353328125 0.2821866328125 0.5940001359375 0.2321034171875 0.5602778453124999 0.22191961249999997 0.5636981609375
0 0.20079976406250002 0.6104514984375 0.19138352812499998 0.6256154265625 0.2107362875 0.6352369390625 0.2587401640625 0.634698359375 0.26210586406249997 0.6271194437500001 0.21855300781250003 0.6014437906250001 0.2057223015625 0.6027079546875 0.20079976406250002 0.6104514984375
0 0.23579611250000002 0.6042505765625 0.2328064109375 0.611882334375 0.274802428125 0.637722615625 0.3290336578125 0.63652553125 0.3332041984375 0.6286763015625 0.28814125156250003 0.600104440625 0.23579611250000002 0.6042505765625
0 0.345314328125 0.4818791328125 0.3333705 0.46833090312500003 0.34472711093749997 0.4367909046875 0.300627228125 0.38459823437499996 0.1888097828125 0.40251395156249997 0.18149038281250002 0.41236577343749997 0.20343808281250003 0.43918959375 0.21130277031250003 0.4254578578125 0.2943171234375 0.411901790625 0.33726613906249997 0.475802353125 0.3361152703125 0.48751024374999996 0.345314328125 0.4818791328125
0 0.5215592546875001 0.4700507 0.5243695734375 0.45709232499999997 0.4782799390625 0.35219579218749997 0.3403569890625 0.3728720046875 0.3357509015625 0.388050840625 0.35291687656250004 0.41370806406250005 0.356151884375 0.40476591875 0.45122279687500005 0.393398859375 0.484419603125 0.46334735781249997 0.48056328437499995 0.47319131875 0.5215592546875001 0.4700507
0 0.702968696875 0.32294185937500003 0.522125546875 0.353412209375 0.5178602640625 0.366166103125 0.5509915203125 0.46825231718750004 0.558502315625 0.3901769921875 0.68030004375 0.3751476171875 0.6851263140625 0.456935078125 0.70153204375 0.45281136718750004 0.702968696875 0.32294185937500003
0 0.5029959734375 0.500083296875 0.524369546875 0.548587425 0.5521423640625 0.5480395265625 0.55391454375 0.5354298187500001 0.5241362484375001 0.47634769062500004 0.48404209375 0.48010961874999997 0.47654180156250003 0.5018056546875 0.5029959734375 0.500083296875
0 0.435582509375 0.5821040562500001 0.4010880109375 0.5812127171875 0.3969066140625 0.600407784375 0.4211272109375 0.6216162203125 0.4913588296875 0.6215952687499999 0.49279806875 0.6148735859375 0.4773072703125 0.59489204375 0.4413578046875 0.5937962203125 0.435582509375 0.5821040562500001
0 0.42778073125000005 0.623540446875 0.42723544531249996 0.6274203578125 0.45125942343750003 0.653546840625 0.5163685124999999 0.6547842375 0.51752724375 0.646539428125 0.4950945546875 0.61964745 0.42778073125000005 0.623540446875
0 0.51879609375 0.59528266875 0.49510767031249997 0.5949208859375 0.5157445890625 0.624033325 0.5929705328125 0.6235116578125 0.59495505625 0.6129100671875001 0.580539103125 0.5782425390625 0.5193859484375001 0.580528521875 0.51879609375 0.59528266875
0 0.51832158125 0.6303303171875 0.5337599453124999 0.6577230125 0.602809240625 0.655557621875 0.606673425 0.64917674375 0.5943494734375 0.620738046875 0.5174721984375 0.622297853125 0.51832158125 0.6303303171875
0 0.6041226609375 0.5934266265625 0.6153560390624999 0.6296251453124999 0.7067672515625001 0.6231839953125 0.7077713218749999 0.577330271875 0.688167290625 0.5760588109375 0.686266653125 0.5931015765625001 0.6041226609375 0.5934266265625
0 0.7052624640625 0.66204339375 0.70600175625 0.6215927078125 0.6190157390625 0.6246992328125 0.626088703125 0.6588293375000001 0.7052624640625 0.66204339375