0 0.6849623609375 0.4536142484375 0.6874123953125 0.43951227812500004 0.670638840625 0.45956630625 0.6071761437500001 0.44597901562500003 0.6051845234375001 0.45352536875 0.6699512203125 0.46939973593750006 0.6849623609375 0.4536142484375
0 0.6079732890625 0.439813065625 0.6102628625000001 0.42277201875000003 0.590753971875 0.4400729015625 0.5367681578125 0.4322720453125 0.5334725390624999 0.43753132031249997 0.58998995 0.45099893125 0.6079732890625 0.439813065625
0 0.5268073921875 0.4334054296875 0.5346007625 0.42663075624999997 0.5342645234375001 0.41050404062499996 0.5026477781249999 0.4020714890625 0.476524678125 0.41451807812499997 0.47666732968750003 0.4229456390625 0.5268073921875 0.4334054296875
0 0.5126646499999999 0.40455815156249997 0.5361865453125 0.41114784687499994 0.53689363125 0.3904287734375 0.51367805 0.40067310625 0.5126646499999999 0.40455815156249997
0 0.5154621859375 0.37162304218750003 0.49447300624999996 0.378314396875 0.4934251953125 0.382691525 0.531589128125 0.3920358015625 0.5510056890625 0.379547859375 0.5154621859375 0.37162304218750003
0 0.5250767953125 0.39677254375 0.525032040625 0.3903410640625 0.48783506875000004 0.381311646875 0.4624395265625 0.390909053125 0.46132289687499994 0.3962703453125 0.5040187984375 0.40444806250000004 0.5250767953125 0.39677254375
0 0.4926028484375 0.4085946671875 0.49322739687499995 0.403198965625 0.45198536406249995 0.3919087375 0.419946709375 0.4010416125 0.419482178125 0.4076847234375 0.46555901093749996 0.4205492546875 0.4926028484375 0.4085946671875
0 0.425726396875 0.454533315625 0.42632378906249996 0.44599021875 0.373465209375 0.4307580671875 0.3259965828125 0.44970574374999994 0.325188225 0.4574292578125 0.378698371875 0.47485318750000005 0.425726396875 0.454533315625
0 0.36395879531249997 0.436263690625 0.3648044890625 0.4280062328125 0.32014736093749996 0.4144206921875 0.2691838203125 0.429636378125 0.2690830359375 0.43875075468749997 0.3150750234375 0.4524296375 0.36395879531249997 0.436263690625
0 0.2950689796875 0.462298321875 0.2979701609375 0.4515018265625 0.2513826125 0.43483025 0.1863928046875 0.4549672203125 0.1849384921875 0.46425522656249996 0.2348099890625 0.48383921093750004 0.2950689796875 0.462298321875
0 0.36321218125 0.48530620625000004 0.363424975 0.47458999999999996 0.31000817187499996 0.455831209375 0.244818625 0.48266114375 0.242961046875 0.49004301093749997 0.30423765625 0.511497628125 0.36321218125 0.48530620625000004
0 0.2802270359375 0.521086284375 0.2799301703125 0.5138220421875 0.22081544687500002 0.48447028124999997 0.1297221953125 0.517268890625 0.13316671875 0.5255580703125 0.1874255578125 0.5591309859375 0.2802270359375 0.521086284375
0 0.20871077031250002 0.49374111562499995 0.21035701406250001 0.48431453593749996 0.1598307671875 0.4587367875 0.06630467031250001 0.4834540859375 0.0690362890625 0.49614801249999996 0.1189832578125 0.5253045171874999 0.20871077031250002 0.49374111562499995
0 0.6346699359375 0.5125095375 0.6369137625 0.5027692218750001 0.6229068296875 0.49449707187499997 0.6005516984375 0.523667325 0.5847359156249999 0.5189150328125 0.5802482578125 0.5383956671875 0.6042492453125 0.5452830421875 0.6346699359375 0.5125095375
0 0.5949403531249999 0.5592174796875 0.5947735640625 0.5467040640625 0.581585884375 0.5416146390625001 0.5521294421875 0.5754973828125001 0.506153809375 0.5550925437500001 0.5033155609375 0.5882320828125 0.5497370687500001 0.6097099125 0.5949403531249999 0.5592174796875
0 0.3653346515625 0.6395295609375 0.4688206359375 0.6941684828125 0.5394530296875 0.6152416578125 0.53833289375 0.60891245625 0.5020613296875001 0.591269815625 0.504084115625 0.607038453125 0.45525223125 0.65727715 0.38252786250000004 0.6245837296875 0.38173395781249997 0.61358918125 0.3662046046875 0.627088640625 0.3653346515625 0.6395295609375
0 0.2560015875 0.5865653953125001 0.34147865781250003 0.6305686984375 0.3807479125 0.597893040625 0.378714228125 0.5748309515625001 0.342207171875 0.5978025390624999 0.2862990828125 0.5704522796875 0.28727778125 0.5564562453125 0.2585354 0.5726781046875 0.2560015875 0.5865653953125001