0 0.314120090625 0.5114977046875 0.3802506359375 0.500338175 0.379424003125 0.49083190937500004 0.3178399328125 0.5024047546875 0.3029605609375 0.48504548593749996 0.30006735 0.49372512031250004 0.314120090625 0.5114977046875
0 0.3798373203125 0.48297890624999995 0.397609903125 0.49661833125 0.45216760312500004 0.48587211718749995 0.4525809203125 0.4792590625 0.395956640625 0.487938696875 0.379424003125 0.47140606093750004 0.3798373203125 0.48297890624999995
0 0.4534075515625 0.45900658437499997 0.47613992656250004 0.45694000468749996 0.47613992656250004 0.450740265625 0.45216760312500004 0.43958073593749997 0.4534075515625 0.45900658437499997
0 0.45797669531249996 0.44238430156249997 0.49769823750000003 0.43567335468749996 0.496791353125 0.43132030937500004 0.47520750156249997 0.42370247968749997 0.4378438578125 0.42914378593749997 0.45797669531249996 0.44238430156249997
0 0.486634246875 0.456168946875 0.527625428125 0.44873249218750005 0.528169559375 0.44437944687500003 0.502051284375 0.4347664703125 0.46432488593750004 0.44202154687500006 0.4639621328125 0.4451049546875 0.486634246875 0.456168946875
0 0.5232723828125 0.47249286718750005 0.56716559375 0.46324264531250003 0.56716559375 0.4590709765625 0.5370570265625 0.44746285468749997 0.49497758437500006 0.45598756875 0.49497758437500006 0.46088474531249995 0.5232723828125 0.47249286718750005
0 0.4536236484375 0.47847830625 0.46323662499999996 0.4828313515625 0.5118456375 0.474669390625 0.5107573750000001 0.46813982187500003 0.4846391 0.45526206093750005 0.45434915625 0.46070336875000006 0.4536236484375 0.47847830625
0 0.5572590171875 0.5096901703125 0.6052702875 0.531438865625 0.6569747328125 0.5166661671874999 0.6577954390625 0.5088694640625 0.6204533390625 0.48958288593750005 0.6126566375 0.4887621796875 0.5601314875 0.5006624093750001 0.5572590171875 0.5096901703125
0 0.6204533390625 0.494917471875 0.669285315625 0.5146144031250001 0.71483446875 0.5006624093750001 0.7136034109375 0.49327606093750004 0.6647714359375 0.477272303125 0.6208636921874999 0.48958288593750005 0.6204533390625 0.494917471875
0 0.61922228125 0.5453908578125 0.6832373078125 0.5741155499999999 0.738224575 0.554008265625 0.7374038703125 0.54498050625 0.6783130749999999 0.517897225 0.62209475 0.5347216875 0.61922228125 0.5453908578125
0 0.6856994249999999 0.521180046875 0.7501248046875 0.548263328125 0.7960843109375 0.531438865625 0.797725721875 0.5224111046875 0.729196815625 0.5006624093750001 0.6869304828125 0.5133833453125 0.6856994249999999 0.521180046875
0 0.7045756515625 0.5819122515624999 0.7944429000000001 0.6282821109375 0.8494301671875 0.59750565625 0.8490198140624999 0.5888882484375 0.761204328125 0.55154615 0.6996514171875 0.5724741390625 0.7045756515625 0.5819122515624999
0 0.7763873796875 0.5585221453125 0.864202865625 0.5925814234375 0.9089313140625 0.5696016703125 0.910983078125 0.56016355625 0.8186537125 0.5293871015625 0.774335615625 0.5511357968749999 0.7763873796875 0.5585221453125
0 0.6951375375 0.637309871875 0.6389192125 0.660699978125 0.59952535 0.6381305765625 0.5970632328125001 0.6648035046875 0.6380985078125 0.69311784375 0.7201690546874999 0.6508515125 0.7201690546874999 0.6389512828125 0.6951375375 0.6237682312499999 0.6951375375 0.637309871875
0 0.5248601390625 0.7159431890625 0.47417806406249996 0.65838896875 0.47417806406249996 0.6450741859375 0.4376697890625 0.66225455 0.43552224375000004 0.6717037515625 0.49350597343749997 0.7407754375 0.537315903125 0.739566190625 0.6163455812499999 0.6996218437499999 0.6137685265624999 0.6871660796875 0.59873570625 0.6768578609375 0.5248601390625 0.7159431890625
0 0.381833603125 0.6051298375 0.4226369703125 0.65752995 0.47546659062499996 0.641208603125 0.4733190453125 0.6132905109375 0.430368134375 0.6244577484375 0.39729593125 0.5866609453125 0.3796860578125 0.5939626015624999 0.381833603125 0.6051298375
0 0.34661385624999996 0.5523002171875 0.3749614578125 0.589667509375 0.399443478125 0.5845134 0.39772544062500004 0.565185490625 0.3809745859375 0.569910090625 0.3590696203125 0.5407034703125 0.34790238281249997 0.5449985625 0.34661385624999996 0.5523002171875