0 0.9989450906249999 0.509742596875 0.998665965625 0.4982055515625 0.9687829734375001 0.5034500296875 0.8692344109375 0.45318117343750003 0.8647434687500001 0.4627129265625 0.9723910874999999 0.5169672109375 0.9989450906249999 0.509742596875
0 0.86936018125 0.445975759375 0.8768590609375 0.4292889 0.837276621875 0.4396496515625 0.7758970015625 0.4049427625 0.77046210625 0.413497025 0.8451995984374999 0.4537226578125 0.86936018125 0.445975759375
0 0.768244765625 0.4028871625 0.7779920921875 0.3674997671875 0.7708789109375 0.362090028125 0.7077420203125 0.37300065 0.704734084375 0.38015575468749996 0.7585537 0.40752307656250003 0.768244765625 0.4028871625
0 0.783509390625 0.35390845312499997 0.7910074218750001 0.3377100046875 0.770626346875 0.33051871875 0.723045921875 0.336903484375 0.7206289453125 0.3448360828125 0.766986240625 0.365012596875 0.7795672453125 0.362194184375 0.783509390625 0.35390845312499997
0 0.7495296015624999 0.3643281375 0.751566940625 0.35638891250000004 0.70673481875 0.3358592671875 0.6530537078124999 0.343656553125 0.6498708343749999 0.35195553749999997 0.698079921875 0.3748226359375 0.7495296015624999 0.3643281375
0 0.655741046875 0.4991343546875 0.6692469609375 0.5111260125 0.661818759375 0.5438149390625 0.7119506140625 0.5902441484375001 0.8207512140625 0.5588348546875 0.826815421875 0.54816445625 0.8017623140625 0.5242153296875001 0.7956297265625001 0.5388031734375 0.71488621875 0.5623751015625 0.66446981875 0.5041850125 0.6641852765625 0.4924241359375 0.655741046875 0.4991343546875
0 0.48225134687500004 0.5323534734375001 0.4810412046875 0.5455577515625001 0.5395709656250001 0.6440554875 0.6739460609375 0.6067248140625 0.6766679796874999 0.591097778125 0.6565031296875 0.5677238046874999 0.654382009375 0.5769935453125 0.5614050374999999 0.59986210625 0.5199310968749999 0.5344806656250001 0.5225589937499999 0.5242401125 0.48225134687500004 0.5323534734375001
0 0.3201221609375 0.7004740375 0.49590393125 0.6481915734375 0.4985831125 0.6350129375 0.45325763124999996 0.53772534375 0.455317809375 0.61613404375 0.3362595640625 0.6458948 0.3215018828125 0.5653051453125 0.30572099375 0.5713974734375 0.3201221609375 0.7004740375
0 0.49701620625 0.500282440625 0.46989078281249996 0.45474463906249996 0.4423917515625 0.45867310781250004 0.44216951875 0.4714048 0.4789261515625 0.5264174781250001 0.5182629859375 0.5177973421875001 0.523063290625 0.49534896875 0.49701620625 0.500282440625
0 0.553931365625 0.4106574171875 0.588277375 0.407338290625 0.5900883125 0.3877767171875 0.5634635953125 0.3696781140625 0.493758025 0.378257990625 0.49314868125 0.3851049703125 0.5109591499999999 0.40304971875 0.5467742015625 0.3997562359375 0.553931365625 0.4106574171875
0 0.5566251640625001 0.368579090625 0.5566935421875 0.364661646875 0.52966461875 0.3416576921875 0.4648900421875 0.34836432031250003 0.46474473749999995 0.3566888890625 0.490287525 0.3806465609375 0.5566251640625001 0.368579090625
0 0.4697319734375 0.407718221875 0.49328791718750004 0.405190415625 0.46925690937500003 0.3788099828125 0.392670171875 0.3887392375 0.39199244843750003 0.3995036578125 0.41052585625000004 0.4321559171875 0.4709445921875 0.422434278125 0.4697319734375 0.407718221875
0 0.4659317140625 0.372873984375 0.4472700953125 0.34756693437499997 0.378999378125 0.35813117499999997 0.37594163125 0.3649354171875 0.3916395265625 0.391660225 0.46775367812499996 0.3807430625 0.4659317140625 0.372873984375
0 0.3852676109375 0.419959121875 0.369706475 0.3853994265625 0.27976160625 0.40293278906249996 0.284353184375 0.448567090625 0.3039660421875 0.4474399453125 0.303775521875 0.4302925828125 0.3852676109375 0.419959121875
0 0.27651940937499997 0.3641796546875 0.2807153265625 0.40441892343749997 0.36667437187499996 0.3907346265625 0.355494715625 0.3577209 0.27651940937499997 0.3641796546875