0 0.6523552984375 0.5634983499999999 0.71784875 0.5573079359374999 0.7344386187499999 0.5778103453125001 0.7363016203125 0.570027846875 0.720540784375 0.55024280625 0.651598140625 0.558609821875 0.6523552984375 0.5634983499999999
0 0.5779796015625001 0.574123040625 0.6362396765625 0.56764661875 0.65229571875 0.5863533046875 0.6539812765625 0.5748218125 0.6369585453125 0.557366321875 0.5780162890625 0.5673118296874999 0.5779796015625001 0.574123040625
0 0.5162611359375 0.5766210421875 0.5156141453124999 0.582730178125 0.5446012296875 0.5988243046874999 0.5752447828125 0.5943731328124999 0.5751193203125 0.5835941984375 0.5759192640624999 0.5752977625 0.56730313125 0.5696398828125 0.5162611359375 0.5766210421875
0 0.5750719375 0.5937016500000001 0.5520793265624999 0.5956106375 0.5521344078125 0.60110946875 0.5753075625 0.61547825 0.5750719375 0.5937016500000001
0 0.5750365578125 0.6153081953124999 0.5710691109375 0.61242510625 0.530320075 0.6163503671874999 0.5291172875 0.6211301546875 0.550008625 0.63040799375 0.589265946875 0.6279418171875 0.575425821875 0.619678178125 0.5750365578125 0.6153081953124999
0 0.5001701749999999 0.607814790625 0.5232483218749999 0.6181140984375 0.56424275 0.6131637359375001 0.565148159375 0.6076683093749999 0.5428702671875001 0.595861565625 0.498767896875 0.6030265499999999 0.5001701749999999 0.607814790625
0 0.4608317921875 0.5890826140625001 0.49014035624999996 0.604681490625 0.5325660578125 0.59913636875 0.532518890625 0.5923583578125 0.505606265625 0.57727444375 0.45979941875 0.58397281875 0.4608317921875 0.5890826140625001
0 0.3752537609375 0.53204653125 0.41949928906249995 0.5561203640625 0.4726012953125 0.5467920687500001 0.4733963734375 0.5394763546875 0.4290659984375 0.5125614703125 0.37745949843750004 0.5248294609374999 0.3752537609375 0.53204653125
0 0.31927717499999997 0.54599351875 0.366902359375 0.5663345125 0.40765566093750005 0.55926134375 0.40971736718749996 0.5500496171875 0.36531400937499997 0.5282328453125 0.319730934375 0.539504475 0.31927717499999997 0.54599351875
0 0.30048068125 0.49449752656249996 0.3572308140625 0.5262500515624999 0.41268259062499996 0.511699340625 0.41345793906250006 0.5046657609375 0.3564848625 0.47204710937499994 0.301177115625 0.4885924734375 0.30048068125 0.49449752656249996
0 0.2432631265625 0.5140279765625 0.305466484375 0.540775103125 0.3470997078125 0.529227271875 0.350611534375 0.5195499234375001 0.2907244203125 0.49211422968749996 0.24766673906249997 0.5078151328125 0.2432631265625 0.5140279765625
0 0.1992601421875 0.4499959203125 0.281735640625 0.49091864999999996 0.33780493749999996 0.47159141718750003 0.338901875 0.46401329999999996 0.2599638625 0.4171006734375 0.20357890781250002 0.44094202187500003 0.1992601421875 0.4499959203125
0 0.143964259375 0.4744804484375 0.2219335046875 0.506866225 0.2689804984375 0.49087725937500004 0.2697301859375 0.480156228125 0.1913742328125 0.44519180468749997 0.1453433296875 0.46692206093750005 0.143964259375 0.4744804484375
0 0.6877241625 0.505992278125 0.6591712265624999 0.46522144687500006 0.6363361375000001 0.4709949671875 0.6346570171875 0.490424884375 0.6513663234375 0.4851843515625 0.672928190625 0.51136660625 0.673371984375 0.51876794375 0.6859134359375 0.513556415625 0.6877241625 0.505992278125
0 0.61392895 0.39732728906250003 0.5586542156250001 0.41332988281249994 0.5593924125 0.4348515234375 0.60083454375 0.42877689375 0.634690390625 0.467034509375 0.6523786625 0.4615419828125 0.652157859375 0.4509517578125 0.61392895 0.39732728906250003
0 0.5604203453125 0.406403525 0.5980291078125 0.3955745671875 0.6004040125000001 0.3845249546875 0.5389969406249999 0.30491924843749996 0.42999513125 0.35145282187500004 0.42816880937499996 0.36382258749999996 0.4427686125 0.37958411718749996 0.44492052656250003 0.3717233921875 0.5141549515625 0.339392759375 0.562224815625 0.39434627187500004 0.5604203453125 0.406403525
0 0.40636572812500005 0.3594203453125 0.3246121484375 0.39664361875 0.3213697734375 0.40635078125 0.34581053125 0.42344135312500003 0.348223328125 0.40726721875000005 0.4076146140625 0.3873866578125 0.4372601953125 0.412531940625 0.44009667031250005 0.3902989203125 0.40636572812500005 0.3594203453125