0 0.5991674328125 0.45658417812499996 0.5566450625 0.4833171640625 0.55804010625 0.4914858984375 0.6093542125 0.4973585390625 0.65546499375 0.47158958437500004 0.6544746828125 0.464719496875 0.5991674328125 0.45658417812499996
0 0.6193107828125 0.4925567375 0.620748053125 0.49857513437499995 0.6657226890625 0.50538231875 0.7132850828125 0.483216115625 0.7124485375 0.47525691875 0.6662453671875 0.466969434375 0.6193107828125 0.4925567375
0 0.6142492828125 0.446951890625 0.6147089828125 0.45387774687500004 0.672864490625 0.4635913625 0.7317107875 0.4313873390625 0.7304695109375 0.4221294953125 0.6748284453125 0.40571390156250003 0.6142492828125 0.446951890625
0 0.6926191312500001 0.39633337812499997 0.693036603125 0.40540957187500004 0.7546538375 0.42253823125 0.8368630593749999 0.3752715078125 0.835747665625 0.36465924375 0.775723071875 0.34226668125000004 0.6926191312500001 0.39633337812499997
0 0.6812993328125 0.45707183906250004 0.68147938125 0.4664412234375 0.7290927390624999 0.475385203125 0.79190429375 0.44517855156249997 0.791333053125 0.43719146875000003 0.7401312859375 0.42728346093749997 0.6812993328125 0.45707183906250004
0 0.7662165890625 0.41515347656249996 0.7677932828125 0.4224984046875 0.8162017609375001 0.436455325 0.8987591421875001 0.3950532328125 0.8972525593749999 0.385823271875 0.8485094656250001 0.3686826734375 0.7662165890625 0.41515347656249996
0 0.46258364218750003 0.52090040625 0.4561640890625 0.526049921875 0.45842575625000004 0.5452029796875 0.4890829015625 0.545958378125 0.5139318984375 0.5316624609375 0.514683584375 0.5246226671875001 0.46258364218750003 0.52090040625
0 0.49992835625 0.54034368125 0.500962834375 0.5454555453125 0.5409369609375 0.5497064828125 0.5712470796875 0.5353337781249999 0.57022589375 0.5279831203125 0.524013859375 0.5258794124999999 0.49992835625 0.54034368125
0 0.4688931390625 0.5572785921875 0.47216640937500004 0.5624037484375 0.5099925671875 0.56514025 0.532266065625 0.5523580265625 0.532020925 0.5476604 0.49053235937500006 0.545557434375 0.4688931390625 0.5572785921875
0 0.44712321718750003 0.577217275 0.48181787187499997 0.5785427125 0.5040780734375 0.567999284375 0.5032761875 0.5651003703125 0.464829046875 0.561186140625 0.45940631875 0.5639934875 0.460829190625 0.56807013125 0.44712321718750003 0.577217275
0 0.7056907156250001 0.3269492078125 0.6177587499999999 0.29235720781249996 0.5812146953124999 0.32963563281249997 0.586330690625 0.35157690625 0.620899275 0.31956388125 0.6791258265625 0.3415427578125 0.6818148500000001 0.3564334453125 0.703743615625 0.33783137343749997 0.7056907156250001 0.3269492078125
0 0.5919283156249999 0.28720445 0.5144829203125 0.2588159359375 0.46384356875000005 0.26357637343749996 0.41869323124999996 0.336601784375 0.41899868125 0.3475281859375 0.4602889859375 0.35808072812499997 0.457292834375 0.34294133437499996 0.49934017031250005 0.28316747656249996 0.5772838171875 0.3056028890625 0.5781743109375 0.3167487875 0.594251790625 0.30129059687500004 0.5919283156249999 0.28720445
0 0.37246756406250003 0.40660792343749996 0.37358665 0.420062509375 0.38994370156249997 0.42129379375 0.4158757765625 0.38168722499999996 0.46227406562500006 0.38802239374999997 0.4596362765625 0.3629255109375 0.407632865625 0.3509834578125 0.37246756406250003 0.40660792343749996
0 0.3416488515625 0.46212733124999994 0.34260777343750004 0.46855164531250004 0.35806943125 0.472600559375 0.3751464640625 0.4407334921875 0.39028370625000003 0.4416958046875 0.388750109375 0.42710459375000004 0.366155478125 0.42267058593750007 0.3416488515625 0.46212733124999994
0 0.3840687875 0.524106490625 0.384325453125 0.5312601765625 0.38691569062500003 0.5347020687499999 0.40018094687500005 0.5219178171875 0.45319485000000004 0.5245169296875 0.45387881874999997 0.5192452515625 0.39377595 0.5151627375000001 0.3840687875 0.524106490625
0 0.381401328125 0.5199298906250001 0.3802165296875 0.5133689734375 0.315602434375 0.508770171875 0.3021297765625 0.5290044921875 0.303972065625 0.5347534765625 0.317006396875 0.51506044375 0.381401328125 0.5199298906250001