0 0.6943099515625 0.6169976453125 0.6939878265625 0.6006682171875 0.591424965625 0.5489793796875 0.5186834265625 0.58798661875 0.517678184375 0.599964240625 0.6328785828125 0.666236671875 0.6943099515625 0.6169976453125
0 0.5670193359375 0.5506369953125 0.565965334375 0.5402682296875 0.48939316875000005 0.5043371249999999 0.414841371875 0.5277630656250001 0.413088 0.5382525546875 0.496900021875 0.5834502515625 0.5670193359375 0.5506369953125
0 0.4653253265625 0.503243665625 0.4663949921875 0.49453192812499996 0.40737515 0.467271928125 0.331833778125 0.4835949890625 0.3325981609375 0.49253191875 0.390660934375 0.5275866312499999 0.4653253265625 0.503243665625
0 0.3670678578125 0.5339982671875 0.36738126875 0.520073996875 0.3098414328125 0.48834146875 0.2023411640625 0.5109798203125 0.20493959843749998 0.52014194375 0.256663875 0.5651231625 0.3670678578125 0.5339982671875
0 0.47277588281250005 0.58281530625 0.390789784375 0.5341184015625 0.2827427859375 0.568790675 0.279332384375 0.5814038312500001 0.358889534375 0.646092371875 0.47371728593749995 0.5941010953125 0.47277588281250005 0.58281530625
0 0.4797052640625 0.73865265625 0.5528983609375 0.7490359125 0.6200889921875 0.6870067078125001 0.6191957593749999 0.67153800625 0.500142115625 0.59874193125 0.38745428125000003 0.6598390328125 0.38582163125 0.6731358937499999 0.4499501265625 0.7308103578125 0.4797052640625 0.73865265625
0 0.6266091140625 0.5239776734375 0.6245098265625 0.5334938390625 0.7197684078125001 0.5726501984375 0.7563762656249999 0.5436344765625 0.7573896343750001 0.535381253125 0.7422505968750001 0.5297990140625 0.7143863953125 0.5482526937500001 0.6503873390625 0.523639296875 0.6520762859375 0.509883925 0.6266091140625 0.5239776734375
0 0.529017925 0.49244713124999995 0.6048338375 0.52316570625 0.645584559375 0.5021054656249999 0.6454557109375 0.49557369375000004 0.6277344921875 0.48827812656249997 0.597971815625 0.50324073125 0.546819234375 0.4839280828125 0.5466340875 0.477854825 0.5295727828125 0.484137609375 0.529017925 0.49244713124999995
0 0.42797907031250004 0.4254002359375 0.42907091875000003 0.42025012031250003 0.37882090625 0.425337790625 0.3417653390625 0.4109088234375 0.3422022515625 0.4167061421875 0.378467653125 0.43195707656250004 0.42797907031250004 0.4254002359375
0 0.36356537968749997 0.43357350937500005 0.3636645078125 0.42715276874999997 0.3280463078125 0.41037307343749996 0.266201659375 0.4163345703125 0.2646333625 0.42349390781249996 0.3020662515625 0.44233439687500004 0.36356537968749997 0.43357350937500005
0 0.2850991765625 0.4439270515625 0.2836695421875 0.43685910781250004 0.2501955046875 0.41758571718750004 0.172209759375 0.4277685046875 0.17126087343750002 0.433625415625 0.2034642859375 0.45389152499999996 0.2850991765625 0.4439270515625
0 0.24025654687500003 0.4124596703125 0.2120836125 0.398661859375 0.140625759375 0.4061999671875 0.14026849531250002 0.41098078437499996 0.16578901875000002 0.42766937812499994 0.24111833906250002 0.4185389046875 0.24025654687500003 0.4124596703125
0 0.20351469687499998 0.3992179578125 0.20330812968749998 0.39528689687499996 0.1799303390625 0.383226590625 0.11033071875 0.386857415625 0.11127989375 0.3940961125 0.13180271875 0.4069546078125 0.20351469687499998 0.3992179578125