0 0.6607700765625 0.52582951875 0.657969471875 0.5146075765625 0.641277703125 0.5147557265625 0.6326397671875 0.546779503125 0.612500359375 0.5451206859375 0.6163281359375 0.5648128890625 0.6423188859375 0.564715040625 0.6607700765625 0.52582951875
0 0.63491374375 0.57802653125 0.63322816875 0.569354996875 0.6149927359375 0.568135334375 0.5953094953125 0.608487440625 0.5481267375 0.6081303 0.5532826156249999 0.6346549921875 0.606146853125 0.6397307640625 0.63491374375 0.57802653125
0 0.42727245625 0.7189669453125 0.509592934375 0.742138353125 0.5588733859375 0.7315004765625 0.595561596875 0.6560811390625 0.59216178125 0.6440372765625 0.5547698875 0.642306346875 0.519328825 0.71324835625 0.44070561875 0.7036510828125 0.43476968437499997 0.689453375 0.42265415781250004 0.7061012046874999 0.42727245625 0.7189669453125
0 0.4006916109375 0.715663925 0.4325883515625 0.6782313875 0.4264971109375 0.6550646921875 0.3965559125 0.688940928125 0.33336323125 0.67157999375 0.33343489531250003 0.65833198125 0.310593140625 0.6797115953125 0.31081893125 0.6944898796875 0.4006916109375 0.715663925
0 0.44477446406250004 0.52144111875 0.44296176093749995 0.5138845937500001 0.3890270234375 0.5106138703124999 0.34590486875000004 0.53997169375 0.3490429546875 0.5472705906249999 0.40396241406250005 0.552069225 0.44477446406250004 0.52144111875
0 0.3774392609375 0.51114698125 0.3357456671875 0.508935465625 0.2889329328125 0.53522815625 0.28935585 0.5427109640625 0.337528909375 0.546413915625 0.379390090625 0.517645065625 0.3774392609375 0.51114698125
0 0.386603665625 0.55475569375 0.3315460796875 0.551015503125 0.2750133859375 0.5874503062499999 0.2768718765625 0.598780440625 0.3338896 0.607297584375 0.3884714671875 0.564364696875 0.386603665625 0.55475569375
0 0.32221332812500003 0.5507664203125 0.2735250109375 0.5444127109375 0.21393523593750002 0.5793785640625 0.2166131609375 0.5860791796875 0.26959033906249996 0.5950378625 0.32315024062500003 0.557461590625 0.32221332812500003 0.5507664203125
0 0.31580172968750003 0.618722390625 0.31405343281250003 0.611497209375 0.25559082499999997 0.600853871875 0.174685278125 0.6516544796875 0.17766661875 0.66345408125 0.238613928125 0.6798040015625 0.31580172968750003 0.618722390625
0 0.24043198906250002 0.600705671875 0.19209363906250002 0.5908452921875 0.111402615625 0.637477828125 0.1138687 0.646626671875 0.1619765859375 0.6623775421875 0.24236687968749998 0.608926175 0.24043198906250002 0.600705671875
0 0.6949892546875 0.45373185625 0.69246771875 0.44697415781250005 0.6810077234375 0.4675629375 0.6171762109375 0.47103152968749995 0.6174346374999999 0.47484680937499996 0.684279446875 0.4732084375 0.6949892546875 0.45373185625
0 0.6167307765625 0.4587967921875 0.612922575 0.44914846875 0.6010940265625 0.46908410624999997 0.5445179796875 0.4725919453125 0.5436576640624999 0.47686627968749995 0.6029624171875 0.4762103578125 0.6167307765625 0.4587967921875
0 0.5330361171875 0.42843764375 0.545834034375 0.4184605515625 0.510332525 0.42101264374999997 0.4893866625 0.4325735375 0.4915461875 0.43746884843749995 0.531742375 0.43545376874999997 0.5339411468749999 0.433093615625 0.5330361171875 0.42843764375
0 0.48338300468749995 0.4762611671875 0.5331882718750001 0.47769335156250003 0.541938109375 0.468019934375 0.5377035593749999 0.45120664843749997 0.505829784375 0.453778365625 0.48373247187499996 0.471844534375 0.48338300468749995 0.4762611671875
0 0.49452624062500006 0.45404279531249997 0.45279750625000004 0.45563098750000003 0.4250808609375 0.4721319046875 0.4282555421875 0.47852105156249997 0.4723509703125 0.47792238749999993 0.497746171875 0.46066473906249994 0.49452624062500006 0.45404279531249997
0 0.5253466875 0.43983769375000004 0.5242475703125 0.436669015625 0.48592685312499995 0.4359035953125 0.46231661874999996 0.449915146875 0.46395875468750003 0.45587740625000006 0.507084278125 0.45401770468749997 0.5253466875 0.43983769375000004
0 0.5142557812499999 0.45238211093749997 0.5383049093750001 0.45181454218750006 0.5349563015625 0.43458745 0.5146505 0.44819827968750003 0.5142557812499999 0.45238211093749997