0 0.6368295953125 0.6569618734375 0.71797480625 0.61749915625 0.7199479421875 0.6076334765625 0.6933106078125 0.590861821875 0.6945438187499999 0.6029472796875 0.6358430265624999 0.6318043906249999 0.6003265812499999 0.6054136999999999 0.5981068031250001 0.626624909375 0.6368295953125 0.6569618734375
0 0.5209078640625 0.6803928609375001 0.47429252968749996 0.6263782671875 0.4767589484375 0.612812959375 0.4372962328125 0.6258849843750001 0.4385294421875 0.6359973046875 0.5026563578125 0.7161559484375 0.611178828125 0.6660876265625 0.6119187546875 0.6530156015624999 0.5983534453125 0.6433965640625 0.5971202359375 0.6500558984375 0.5209078640625 0.6803928609375001
0 0.386487984375 0.5706371796874999 0.4266906265625 0.6209521437500001 0.47527909687500003 0.604920415625 0.4755257390625 0.593574884375 0.4755257390625 0.58099614375 0.42718391093749997 0.592588315625 0.39882008281250003 0.555098734375 0.3827883546875 0.5607715 0.386487984375 0.5706371796874999
0 0.348945934375 0.5113915078125 0.34974700468750003 0.5216452 0.376182303125 0.5565718359375 0.399413321875 0.550003065625 0.398291825 0.5359042390625001 0.38227043125 0.5397493734375 0.3624039046875 0.515076428125 0.36400604375 0.5094689406249999 0.348945934375 0.5113915078125
0 0.31535313593750003 0.4776712640625 0.3816916703125 0.46645144531250005 0.378750553125 0.46035135 0.31535313593750003 0.471135446875 0.30097433906250004 0.4512012078125 0.3004296875 0.45817274531249996 0.31535313593750003 0.4776712640625
0 0.39715976875000003 0.4626388859375 0.45227848593750003 0.45272623125000006 0.4509713234375 0.44815115937499994 0.3956347453125 0.45632093124999995 0.3792952046875 0.44194213437499996 0.37983985625 0.449676184375 0.39715976875000003 0.4626388859375
0 0.46197328125 0.450329765625 0.5128437171875 0.4411796234375 0.511972275 0.43584203906249996 0.485829009375 0.4223346859375 0.454566021875 0.4268008265625 0.453912440625 0.4362777609375 0.46197328125 0.450329765625
0 0.4895326390625 0.4226614765625 0.5282028859375 0.4142738453125 0.52863860625 0.41165951874999995 0.5047828765625 0.40131114375 0.46480546718750004 0.40741123906250004 0.463934025 0.41122379843749995 0.4895326390625 0.4226614765625
0 0.524826046875 0.44019925000000004 0.5667642015625 0.4327919921875 0.56763564375 0.42625617499999996 0.53767981875 0.413402403125 0.49617738593749994 0.42070073125 0.49617738593749994 0.42701868750000005 0.524826046875 0.44019925000000004
0 0.4972666890625 0.401964725 0.4975934796875 0.39847895625 0.4756984953125 0.38976453437499997 0.44171225 0.3945574671875 0.45859644218750006 0.40915412343749996 0.4972666890625 0.401964725
0 0.6045135578124999 0.49946400625000004 0.6574712890625001 0.48543962656249995 0.658099246875 0.47727618125 0.6089092593750001 0.456553590625 0.5590913140625 0.46995001406250003 0.5597192703125 0.47602026718749996 0.6045135578124999 0.49946400625000004
0 0.6702397546875 0.48125324531249997 0.714406084375 0.46932205624999995 0.7152433609375 0.46325180312500003 0.6643788203125001 0.4437851265625 0.6214684046875 0.4555069953125 0.6218870437499999 0.46094929218749997 0.6702397546875 0.48125324531249997
0 0.74999033125 0.5153722578125 0.79436598125 0.49946400625000004 0.7956218953125 0.49192851875 0.7319888890625 0.4686940984375 0.6859386875 0.48271847812499996 0.68572936875 0.48857941406250005 0.74999033125 0.5153722578125
0 0.6830082203125001 0.5392346359375 0.736593909375 0.519977278125 0.7391057390625 0.5130697484375 0.6775659234375 0.4848116703125 0.620003171875 0.5019758359375001 0.6218870437499999 0.508464728125 0.6830082203125001 0.5392346359375
0 0.7895516406249999 0.5934482812499999 0.8450212031250001 0.5658181609375 0.8462771171875 0.5563988015625 0.759200371875 0.5193493203124999 0.70121898125 0.5411185078125 0.7022655765625 0.5490726328125 0.7895516406249999 0.5934482812499999
0 0.8573710296874999 0.5603758640625001 0.9078169328125 0.5356762109375001 0.9067703359375001 0.531489828125 0.8188563156249999 0.49946400625000004 0.7715501984375 0.5168374921875001 0.7715501984375 0.523745021875 0.8573710296874999 0.5603758640625001