0 0.1815452453125 0.46746902187500006 0.26673069531250004 0.4566575734375 0.263056459375 0.44906978124999997 0.1858544 0.45396344062500005 0.162712534375 0.4321475421875 0.15875471875 0.4414740078125 0.1815452453125 0.46746902187500006
0 0.27997163125 0.4559078953125 0.347693684375 0.45011375625000005 0.34914421406249996 0.44188739374999997 0.28085043593750003 0.448737375 0.2664633109375 0.4319351375 0.2667731296875 0.4454840640625 0.27997163125 0.4559078953125
0 0.35356237031250004 0.394957109375 0.3542966109375 0.40200756562500006 0.3892670921875 0.39993453125 0.391654296875 0.39574146718750003 0.368131909375 0.3833545625 0.33496650781250004 0.38640502187500003 0.35356237031250004 0.394957109375
0 0.38015140625 0.4217267265625 0.42446613437499997 0.41899433906250005 0.42538642031249996 0.4119060484375 0.3975018890625 0.3980908390625 0.3559133046875 0.40031520625 0.356290078125 0.4056547765625 0.38015140625 0.4217267265625
0 0.3539044328125 0.42105352968750004 0.3508231625 0.43665919375 0.3505421421875 0.44386020468750004 0.3580257328125 0.4481459 0.41277485625 0.44230981406250003 0.4136951421875 0.4352215234375 0.3828397171875 0.41956418125 0.3539044328125 0.42105352968750004
0 0.3716710828125 0.4156174234375 0.3537330125 0.40520389687499997 0.35328369375 0.41896665000000005 0.3699231453125 0.419923209375 0.3716710828125 0.4156174234375
0 0.42328491718750005 0.44251516718749995 0.46793780468749996 0.4378649796875 0.4680497453125 0.43162286875 0.433809603125 0.4127321421875 0.393142865625 0.4190739078125 0.3919778328125 0.4238120453125 0.42328491718750005 0.44251516718749995
0 0.46647936406249996 0.4857732375 0.5167295140625 0.5050043078125 0.5197906234375 0.511980996875 0.5635901359375 0.5028964874999999 0.5649556359375 0.4931242546875 0.5162142484375 0.46736467968750006 0.46643746718749995 0.4778984890625 0.46647936406249996 0.4857732375
0 0.580828290625 0.4984262828125 0.532582065625 0.5124484359375 0.5303394546875 0.52313883125 0.5609228296875 0.5403325484375 0.5716735328125 0.5361488624999999 0.5933207359375 0.549263640625 0.5973402140624999 0.5528332406249999 0.6375692796875 0.5416887359375 0.6392405515624999 0.5301823828125001 0.580828290625 0.4984262828125
0 0.5717296046875 0.49932519218750004 0.61177520625 0.4892211578125 0.6132228125 0.483039478125 0.561972396875 0.45934074375 0.524455925 0.4652418359375 0.5226413921875 0.4735044609375 0.5717296046875 0.49932519218750004
0 0.6478299 0.53420016875 0.6844273609375 0.521342490625 0.6869154390625 0.5153442734375 0.6248313703124999 0.4861592015625 0.5919668703125 0.496099028125 0.5889895578125001 0.5048718390625 0.6478299 0.53420016875
0 0.6152938140625 0.5585021968749999 0.63279923125 0.568741021875 0.6324742031249999 0.5786967171875 0.69382441875 0.6120436781249999 0.7350110046875 0.5914126109375 0.7377839046875 0.579742896875 0.65960181875 0.5384215203125 0.6152938140625 0.5585021968749999
0 0.66949720625 0.5451728453125 0.744536925 0.5820064578124999 0.775584353125 0.5620908359375 0.7760727421875 0.5532367671875 0.7026046296875 0.5216867749999999 0.6726378796875 0.5375016625 0.66949720625 0.5451728453125
0 0.234342940625 0.5108020843750001 0.232311640625 0.5223221609375 0.2734453453125 0.5688647328124999 0.30484940312500003 0.55658474375 0.30760952812500003 0.5383403437500001 0.2793840734375 0.542957403125 0.25123133750000004 0.5082976968749999 0.234342940625 0.5108020843750001
0 0.41726326875 0.5901120125 0.3502062890625 0.6102679546875 0.3034698828125 0.5695903109375 0.3076909 0.561197478125 0.2863203421875 0.5683938078125 0.28160488125 0.582181728125 0.33978648125 0.6486339640625001 0.4098658125 0.6217012515625 0.4118949484375 0.5946477 0.43464610937500003 0.5822125390624999 0.41775555000000003 0.5691834515624999 0.41726326875 0.5901120125
0 0.5366690937499999 0.6746694234375 0.4696924046875 0.7099157625 0.406716134375 0.6499277875 0.40687022500000003 0.633508153125 0.36337352031250003 0.64959500625 0.3586848234375 0.6684130578125 0.4209836328125 0.729652146875 0.473632003125 0.7393923296875 0.552048478125 0.69108689375 0.55574720625 0.675292275 0.5405251578125 0.66575538125 0.5366690937499999 0.6746694234375
0 0.5447686125 0.6313257265625001 0.539611153125 0.6528022578125 0.5744090046875 0.68086713125 0.642635725 0.638531515625 0.64114806875 0.6236498187499999 0.6205566171875 0.610881875 0.6169360140625 0.626233415625 0.5744571234375 0.6520937078125 0.5447686125 0.6313257265625001