0 0.3976757421875 0.47208528125000004 0.3475711734375 0.4706804796875 0.3475711734375 0.4648271421875 0.333406096875 0.474426615625 0.3317671625 0.48180182031249996 0.40633868125 0.48566502343750007 0.42577176093749997 0.46506127499999994 0.42483522812499996 0.45710073749999997 0.41277735312499997 0.457569003125 0.3976757421875 0.47208528125000004
0 0.4194501578125 0.4574519375 0.43068856406249995 0.46096393906250005 0.4455560421875 0.4453940625 0.445087775 0.4390724578125 0.43420056718750005 0.438604190625 0.41909895625000004 0.4537058015625 0.4194501578125 0.4574519375
0 0.428628190625 0.478055684375 0.42839405625 0.4869527578125 0.5041362421875 0.4896452921875 0.5142039828125 0.46283700781250003 0.51244798125 0.46049567187499996 0.5057751765625 0.46014447187499996 0.49718247812499994 0.4758314171875 0.44579017500000007 0.475129015625 0.44625844218750005 0.458739671875 0.428628190625 0.478055684375
0 0.5332390359375 0.46119807343749997 0.527151565625 0.4808652859375 0.5278539656250001 0.49105009375 0.6083958875000001 0.49491329687499996 0.6037132171875 0.46365647499999996 0.593294278125 0.4642418078125 0.5925918765625 0.4814506203125 0.53757050625 0.47969461874999997 0.5380387718749999 0.46096393906250005 0.5332390359375 0.46119807343749997
0 0.50935741875 0.505624903125 0.49718247812499994 0.5417399953125 0.498236078125 0.5525101359375 0.60476681875 0.5600024078125 0.6054692187499999 0.5499346671875001 0.599498815625 0.5091954390625 0.50935741875 0.5060346375 0.50935741875 0.505624903125
0 0.477061659375 0.626655 0.6184558375 0.6401621671875 0.6181684515625 0.6243559078125 0.6098342421875 0.5605560953125 0.4954264765625 0.5534466703125 0.47562472656250004 0.6151595390625 0.477061659375 0.626655
0 0.36584306718750004 0.5438876765625 0.46642835781249997 0.5504975671875 0.4833841625 0.5119877703125 0.48194722968750003 0.5045157203125 0.3974555875 0.498193215625 0.36526829375 0.5338291468749999 0.36584306718750004 0.5438876765625
0 0.306354053125 0.6019397578125 0.306354053125 0.61372260625 0.43682754375000005 0.6234937484375 0.46384187812500005 0.5628551875000001 0.46211755937500004 0.5516471125 0.35722147187500003 0.545037221875 0.306354053125 0.6019397578125
0 0.2261732078125 0.5372777859375 0.1494410015625 0.5895821359375 0.150877934375 0.601364984375 0.26698209687499996 0.612860446875 0.32819543125 0.5539462046875 0.32560895156249997 0.5444624499999999 0.2261732078125 0.5372777859375
0 0.2439911734375 0.5390021046875 0.34055305156250004 0.5438876765625 0.3770511421875 0.5088265187500001 0.3744646640625 0.498193215625 0.2928468859375 0.49503196406249994 0.2434164015625 0.5295183484375 0.2439911734375 0.5390021046875
0 0.795485946875 0.5418759703125 0.7934742421875 0.5522218859375 0.8426173406249999 0.607974875 0.9883223171875001 0.616309084375 0.9934952750000001 0.6007902109375001 0.9115901109375001 0.5473363140624999 0.795485946875 0.5418759703125
0 0.8486524578125 0.5004923078125 0.7549644453125001 0.498480603125 0.7541022859375001 0.5068148124999999 0.7860021921875 0.540726425 0.8954964640625 0.548198475 0.899519875 0.53871471875 0.8486524578125 0.5004923078125
0 0.9253846640625 0.5473363140624999 1 0.5496354078125 0.999817778125 0.522621071875 0.9693548046875 0.5062400390625 0.870781221875 0.503940946875 0.86761996875 0.511700384375 0.9253846640625 0.5473363140624999
0 0.746917621875 0.49876798906250003 0.8357200640625001 0.4999175359375 0.836869609375 0.49388241875 0.74404375625 0.49187071250000003 0.7437563703125 0.4970436703125 0.746917621875 0.49876798906250003
0 0.83025971875 0.47347797343750003 0.827673240625 0.483536503125 0.8592857593750001 0.5045157203125 0.8699190625 0.5053778796875 0.87164338125 0.5025040140625 0.9526863859375 0.5068148124999999 0.9555602515625001 0.4999175359375 0.953261159375 0.496468896875 0.8661830359374999 0.49388241875 0.83600745 0.474052746875 0.83025971875 0.47347797343750003