0 0.5051417500000001 0.4144748609375 0.4788174609375 0.4040400078125 0.479766084375 0.41566064062499997 0.503718815625 0.42870420625000005 0.542138046875 0.412103303125 0.5440352921875 0.406411565625 0.533363284375 0.40190560625 0.5051417500000001 0.4144748609375
0 0.4778688375 0.42538402499999994 0.44727574687500005 0.4384275921875 0.4207143015625 0.41992944374999996 0.41099091562499995 0.42609549218750004 0.4121766953125 0.43202438593750003 0.44656427968749995 0.451234003125 0.494706896875 0.4327358546875 0.494232584375 0.426806959375 0.4776316828125 0.41850650937499995 0.4778688375 0.42538402499999994
0 0.40980513749999997 0.4135262375 0.3856152515625 0.3981111140625 0.3735203078125 0.40261707343750003 0.3737574640625 0.40736018906250004 0.4048248671875 0.42419824687499996 0.42142576875 0.4173207296875 0.4209514578125 0.41115468125000004 0.40980513749999997 0.4135262375
0 0.3054566078125 0.45787436406250004 0.3049822953125 0.46380325781250004 0.33960703593749997 0.49131332499999997 0.3969987265625 0.4666491265625 0.396287259375 0.4590601421875 0.3618996765625 0.4379532796875 0.3054566078125 0.45787436406250004
0 0.22245209375 0.48775598750000004 0.22363787343750002 0.49392203749999997 0.2501993171875 0.526412375 0.3232432890625 0.49724221875 0.32027884218749997 0.489416078125 0.29099010625 0.462854634375 0.22245209375 0.48775598750000004
0 0.5694109578125001 0.510522940625 0.5219798078125 0.4882303 0.521268340625 0.49226194687499997 0.5762884749999999 0.5228550390625 0.603087075 0.5053055140625 0.6033242296875 0.492736259375 0.5694109578125001 0.510522940625
0 0.6004783609375 0.5207206375 0.5933636890625 0.527835309375 0.5933636890625 0.5347128265625 0.6616645453125 0.57408068125 0.7010324 0.542776121875 0.7019810234375 0.53850731875 0.666644815625 0.5612742703125 0.601664140625 0.5273609984375 0.6004783609375 0.5207206375
0 0.5236398984374999 0.569574721875 0.5222169640625001 0.5766893953125 0.592415065625 0.6257806359375 0.6498067578125 0.581906821875 0.650518225 0.572894903125 0.582454525 0.5330527359375 0.5236398984374999 0.569574721875
0 0.51059633125 0.4932105703125 0.45391610781249997 0.5228550390625 0.45367895156250004 0.528309621875 0.5077504625 0.5672031640624999 0.5646678421875 0.53234126875 0.5644306875 0.5245151296875 0.51059633125 0.4932105703125
0 0.367117103125 0.5634086734375 0.3685400375 0.5707605015625 0.4192913671875 0.6181916515625 0.49020093749999993 0.5736063703125 0.49020093749999993 0.566966009375 0.437789515625 0.5268866875 0.367117103125 0.5634086734375
0 0.5108334875 0.5792981078125 0.43707804843750003 0.6255434796875 0.43660373750000003 0.6340810859375 0.50490459375 0.6995360734375 0.580320121875 0.639772825 0.580794434375 0.63076090625 0.5108334875 0.5792981078125
0 0.712415875 0.71376541875 0.7657284890625 0.6490218984375 0.7662028000000001 0.6416700703125 0.674423525 0.587361403125 0.617553575 0.6359783328125 0.6168421078125 0.6445159390625 0.712415875 0.71376541875
0 0.7740289390624999 0.6402471359375 0.815294040625 0.5930531421875 0.8171912859375 0.5821439765624999 0.779957834375 0.6279150375 0.6926845171875 0.5778751734375 0.690787271875 0.5736063703125 0.6858069999999999 0.5809581984375 0.6831982875 0.587598559375 0.7740289390624999 0.6402471359375