0 0.081050065625 0.48463576562500005 0.1854659140625 0.45360308437499997 0.1807197390625 0.4459361859375 0.079589703125 0.4762386875 0.043080665625 0.45141254062499997 0.04198539375 0.4601747109375 0.081050065625 0.48463576562500005
0 0.20335534375000003 0.44630127656249996 0.28111959531249997 0.4207449484375 0.2807545046875 0.414173321875 0.20773642812499998 0.4353485640625 0.1774339265625 0.42220531093749997 0.1807197390625 0.4353485640625 0.20335534375000003 0.44630127656249996
0 0.2938075671875 0.416682734375 0.3537343234375 0.3986492203125 0.3540117625 0.3897711828125 0.3118410828125 0.3783961953125 0.27910331718750003 0.3861644796875 0.28492952968749996 0.412243715625 0.2938075671875 0.416682734375
0 0.27799356249999996 0.3864419171875 0.30018865781250004 0.37978338906250003 0.29852402499999997 0.3745120546875 0.27577405312500003 0.36896328125 0.27799356249999996 0.3864419171875
0 0.27188991093750003 0.350929765625 0.2760514921875 0.361194996875 0.31461546875 0.3534267140625 0.313228275 0.3481553796875 0.28215514218750004 0.3414968515625 0.256908221875 0.3467681859375 0.27188991093750003 0.350929765625
0 0.30966455625 0.3784234328125 0.35853159843750004 0.3657734546875 0.35835831093750004 0.3590152453125 0.322661109375 0.352430325 0.2744872171875 0.36196113125 0.275526940625 0.36993235156250004 0.30966455625 0.3784234328125
0 0.3677158296875 0.3938460109375 0.4146767109375 0.37963644531249996 0.4138102734375 0.37114536249999996 0.3718747265625 0.36161455625 0.3254337078125 0.3742645359375 0.32422069531250003 0.38102274375 0.3677158296875 0.3938460109375
0 0.4531476375 0.42825326874999997 0.4976750265625 0.44074265781250005 0.510978940625 0.4453583015625 0.544102975 0.42526667500000004 0.544102975 0.4165784046875 0.4805699921875 0.4005594046875 0.4308839421875 0.42472365781250004 0.432241484375 0.4312398609375 0.44228729843750003 0.4320543875 0.4531476375 0.42825326874999997
0 0.5530627531250001 0.4201080140625 0.589716396875 0.40164543906250005 0.588901871875 0.3921426421875 0.5302560421875 0.37938174375 0.49224485625 0.3978443203125 0.49224485625 0.40327448906249996 0.5530627531250001 0.4201080140625
0 0.588087346875 0.46544992812499997 0.613337634375 0.47305216562499997 0.642389040625 0.44834489531250005 0.642389040625 0.4396566234375 0.5641946015625 0.4209225390625 0.5188526859375 0.44780187812500005 0.518581178125 0.45757618281249995 0.5791275671875 0.475224234375 0.588087346875 0.46544992812499997
0 0.6456471421875001 0.4437292515625 0.6784996671875 0.41902198124999995 0.6790426843749999 0.411148234375 0.6060069046875001 0.3932286765625 0.5750549406250001 0.41630689531250004 0.5734258890625 0.42255159062500003 0.6456471421875001 0.4437292515625
0 0.678771175 0.5015605546875 0.7347019203125 0.5186655890625 0.7637533265625 0.476038759375 0.7645678515625 0.46653596249999996 0.6673678203125 0.4434577421875 0.630985684375 0.47766780937500003 0.678771175 0.4904287078125 0.678771175 0.5015605546875
0 0.7705410390625 0.4706085890625 0.7909041734375 0.437756065625 0.7898181390625 0.4320543875 0.7045644796875 0.4146778453125 0.677142125 0.437756065625 0.6749700562500001 0.44807338750000003 0.7705410390625 0.4706085890625
0 0.16212931875 0.5415698609375 0.2266543375 0.5873091140625 0.27157681875 0.56852335 0.265042640625 0.539936315625 0.2340052890625 0.5562717640625 0.1813234703125 0.5178834609375 0.159270615625 0.528093115625 0.16212931875 0.5415698609375
0 0.2499323515625 0.6073200375 0.347128265625 0.6726618281250001 0.43125582187499995 0.610178740625 0.4263551875 0.588942659375 0.4500415859375 0.5681149624999999 0.41777907656249996 0.5530046734375 0.42063777968749994 0.569340121875 0.3418192453125 0.624063871875 0.276885840625 0.5864923421875 0.276885840625 0.57424075625 0.24707364843750002 0.58975943125 0.2499323515625 0.6073200375
0 0.37792765 0.685385046875 0.448608775 0.7373140375 0.564968178125 0.74019898125 0.6231478796875 0.65749725625 0.623628703125 0.6440341843749999 0.600068328125 0.6272053453125 0.6015108 0.64595748125 0.5361187390625 0.7224084937499999 0.4312991109375 0.6584589046875 0.43226075937499997 0.6262436984375 0.378889296875 0.6743260953125 0.37792765 0.685385046875
0 0.6399767187500001 0.6406684171875 0.6909440609375 0.5627749328125 0.69334818125 0.5473885640625 0.6669028625 0.5396953812499999 0.667864509375 0.55171598125 0.6322835359375001 0.6070107390625 0.6067998640625001 0.597394259375 0.6034340968749999 0.620473809375 0.6399767187500001 0.6406684171875