0 0.38774342812499996 0.43833016249999995 0.46003132343750003 0.4065673 0.5122392484375 0.4660770328125 0.5290334062500001 0.46133085781250005 0.5304937671875 0.4514734171875 0.462221865625 0.362756453125 0.3523296609375 0.41861528281249993 0.351234390625 0.4288378125 0.384092525 0.4551243203125 0.38774342812499996 0.43833016249999995
0 0.336265684375 0.4653468515625 0.3778859875 0.4974748046875 0.3819019828125 0.47045811718749997 0.33553550312499997 0.4313934453125 0.2490090828125 0.47301374999999996 0.246818540625 0.48323627968749994 0.27456540937499996 0.5033162515625 0.2778512234375 0.4898079078125 0.336265684375 0.4653468515625
0 0.5746697046875 0.543111103125 0.5907336812499999 0.539095109375 0.590368590625 0.5285074875 0.5450973828125 0.471918478125 0.51004870625 0.4850617328125 0.5115090671875 0.505141703125 0.538160665625 0.49601444375000003 0.5746697046875 0.543111103125
0 0.0880042234375 0.377725159375 0.11356055000000001 0.3956145890625 0.1829277234375 0.3379303078125 0.2026426046875 0.3485179296875 0.21505567656250002 0.3280728671875 0.1840229953125 0.30069108906249997 0.09457585156250001 0.3664073578125 0.0880042234375 0.377725159375
0 0 0.486887184375 0.0785118734375 0.5285074875 0.1405772390625 0.491633359375 0.1442281421875 0.48068064687499995 0.017541779687500002 0.4080276609375 0 0.42080582499999997 0 0.486887184375
0 0.259596703125 0.558079809375 0.2625174265625 0.5496827296875 0.1745306453125 0.49601444375000003 0.11027473750000001 0.5274122171875 0.1073540140625 0.5379998375 0.1964360671875 0.5836361359375 0.259596703125 0.558079809375
0 0.3483136671875 0.6102877328125 0.3483136671875 0.6015255640625 0.284787940625 0.562095803125 0.22345275625 0.58473140625 0.22199239375 0.593858665625 0.2877086640625 0.627081890625 0.3483136671875 0.6102877328125
0 0.48157165625 0.680019996875 0.48193674687500004 0.6457015 0.472444396875 0.6435109578125 0.41695065937500003 0.65592403125 0.4184110203125 0.6635909296875 0.45711060156250005 0.6865916234375 0.48157165625 0.680019996875
0 0.5688282578125 0.6376695125 0.5513039203125001 0.622335715625 0.48631783124999994 0.638034603125 0.48814328281249997 0.6442411390625 0.546922834375 0.6321931562499999 0.5691933484375 0.650447675 0.5688282578125 0.6376695125
0 0.3519645703125 0.6796549062499999 0.3943150546875 0.69863960625 0.443237165625 0.688051984375 0.44360225625 0.680019996875 0.4038074046875 0.6592098453124999 0.35305984218750003 0.6719880078125 0.3519645703125 0.6796549062499999
0 0.15627612500000002 0.6194149921875 0.22673856875 0.6486222234375 0.2763908609375 0.6325582468750001 0.27821631406249997 0.623065896875 0.2099444125 0.5902077625000001 0.158101578125 0.6110179140625001 0.15627612500000002 0.6194149921875
0 0.0427330171875 0.5730485140625 0.1347357921875 0.6110179140625001 0.185848446875 0.589842671875 0.1880389890625 0.5788899609375 0.099687115625 0.5354442046875 0.0463839203125 0.562095803125 0.0427330171875 0.5730485140625