0 1 0.49503119375000004 0.9297310984375 0.47730042343749995 0.8314043046874999 0.5313877687499999 0.83480179375 0.5381038484375 0.9269804468749999 0.4903021359375 1 0.509097853125 1 0.49503119375000004
0 0.7441818125 0.587260496875 0.8111057546874999 0.555132078125 0.8447319296875 0.5597343625 0.8393682890624999 0.5458361296875001 0.8144829375 0.5406226281250001 0.74055511875 0.57726660625 0.7441818125 0.587260496875
0 0.6840833843749999 0.6227020359375001 0.735628490625 0.62966146875 0.753324815625 0.6225552328124999 0.7414280171875001 0.5867072140625 0.7328167484375 0.585255296875 0.6805037078125 0.6176704421875 0.6840833843749999 0.6227020359375001
0 0.6302764375 0.6504606500000001 0.6827417328125 0.6559414671875 0.72451765 0.6343692109375 0.7237021859375 0.627740025 0.6725397125 0.6207604843750001 0.6258855765625 0.643025765625 0.6302764375 0.6504606500000001
0 0.697547803125 0.6563137484375 0.742414159375 0.6588068781249999 0.7620078593749999 0.6521581671875001 0.7544628609374999 0.6298118968749999 0.7423358953125 0.627492746875 0.6955838078125 0.6483572546875 0.697547803125 0.6563137484375
0 0.538631046875 0.587455178125 0.526557271875 0.59995235625 0.49512353437499995 0.5948134078125 0.47255280624999996 0.6114973140625 0.4762800125 0.6215948109375 0.54449058125 0.6280463703125 0.5738220265625 0.6031211140625 0.5691757749999999 0.5922247031250001 0.538631046875 0.587455178125
0 0.4434435625 0.6519442265625 0.5072991796874999 0.6578371375 0.535891778125 0.6346898999999999 0.536729753125 0.628157471875 0.468798509375 0.6195284375 0.44312223125 0.6411769781250001 0.4434435625 0.6519442265625
0 0.455277275 0.5742939390624999 0.38850533593750003 0.5698997234375 0.3711815140625 0.6060698109375 0.37031350625 0.6121727515625001 0.45401569999999997 0.61797261875 0.4743278828125 0.5936780484375 0.4560190640625 0.591074028125 0.455277275 0.5742939390624999
0 0.3550470296875 0.6469042078125 0.42614388593749997 0.6514275828125 0.44602658125000005 0.627163046875 0.44619480468750006 0.6172247421875 0.36893494375 0.6109743828124999 0.35447640625 0.6387439234375 0.3550470296875 0.6469042078125
0 0.261043396875 0.5555069406250001 0.2541293734375 0.6047599421875 0.3516652984375 0.610887228125 0.361399459375 0.5834480484375 0.28175189375 0.5739119421875001 0.2823886671875 0.5583302203125 0.261043396875 0.5555069406250001
0 0.331704478125 0.6463785343749999 0.343616115625 0.619218678125 0.3430755265625 0.6114878828125 0.25223122187499997 0.602303140625 0.2492607203125 0.6400590796875 0.331704478125 0.6463785343749999
0 0.79653188125 0.435917484375 0.6949808328125 0.40795682187500004 0.644537525 0.4495948171875 0.654314878125 0.48041592812499995 0.697466653125 0.436238953125 0.775367946875 0.46026380468749994 0.773617515625 0.47156533281249996 0.7958175171875 0.45476869375 0.79653188125 0.435917484375
0 0.6471684875 0.429085159375 0.66207695625 0.40974954218750004 0.6584170921875 0.39374491875 0.5209494140625 0.3535596703125 0.4673870390625 0.45232768593749995 0.46776536562500004 0.46500478437500004 0.5054925140625001 0.47405391249999995 0.505078828125 0.460871146875 0.5427708515624999 0.3967502703125 0.638370578125 0.4195375265625 0.6471684875 0.429085159375
0 0.4851742234375 0.34335776406249996 0.3072636171875 0.2988865703125 0.288033609375 0.43082378125 0.3014992546875 0.43445545 0.321008440625 0.3573780640625 0.4381291625 0.3827255625 0.441962125 0.4520730015625 0.48767067500000005 0.3645251625 0.4851742234375 0.34335776406249996
0 0.5042972109375 0.500560884375 0.506751371875 0.4775228796875 0.4616513390625 0.4720381640625 0.42632149531249997 0.5263391625 0.42586528125 0.5416153265625 0.452114103125 0.546385675 0.47660210000000003 0.496907953125 0.5042972109375 0.500560884375