0 0.7578252156249999 0.4086289984375 0.757077965625 0.399767646875 0.7292093375 0.430085309375 0.6463559531249999 0.4200608625 0.6459889328124999 0.42808255156249997 0.7330630765625 0.43801194062500004 0.7578252156249999 0.4086289984375
0 0.645234771875 0.413311821875 0.6435567625 0.3995999609375 0.6177001546875001 0.419423153125 0.5565380734375001 0.4113315078125 0.557533525 0.41841451875 0.6278698515625 0.42621306875 0.645234771875 0.413311821875
0 0.575351475 0.340740346875 0.5463234171875 0.340088234375 0.5198903406250001 0.3527206703125 0.5201353703125 0.35705399375 0.5515307421875 0.3590113109375 0.550978946875 0.35508508125 0.575351475 0.340740346875
0 0.5511377734375 0.367802059375 0.5514647953125 0.35847460937500003 0.511963253125 0.35711056874999997 0.47910254375 0.37192027968749997 0.479827015625 0.3783701015625 0.5263832328125 0.3820184921875 0.5511377734375 0.367802059375
0 0.5539263859375 0.4045455859375 0.5533900218750001 0.382600178125 0.525664275 0.3808550859375 0.4903967015625 0.40055281093749995 0.491324721875 0.40715601562500003 0.5481672765625001 0.41536442500000004 0.5550608484375 0.41002783593750003 0.5539263859375 0.4045455859375
0 0.514007609375 0.388288559375 0.5128480671875 0.38262784375000003 0.46861768281250005 0.37610471875 0.42912000624999996 0.39548699374999996 0.4285450609375 0.4017554578125 0.4792503484375 0.4077325734375 0.514007609375 0.388288559375
0 0.679267678125 0.5043184625 0.6788138609375001 0.49296705625000004 0.65395996875 0.49075245 0.621721021875 0.537519525 0.5837761 0.5274418359374999 0.5852252890625 0.558059165625 0.628924575 0.5684696515625001 0.679267678125 0.5043184625
0 0.41749585 0.6147360390625 0.43170628750000006 0.6224418015625 0.43599029843750003 0.636679465625 0.5364254468749999 0.6893430609375 0.61545565 0.5937637171875 0.6152559671875 0.5760982421875 0.5867382796875 0.568120196875 0.5886352265625 0.57755650625 0.533675315625 0.6332243984375 0.4542790015625 0.6084249859375 0.4523396953125 0.5824426109374999 0.41749585 0.6147360390625
0 0.31870948125 0.5776997046875 0.4021538234375 0.6150576671875 0.449713540625 0.57983561875 0.440262096875 0.553196728125 0.3999876078125 0.5833995875 0.3460048875 0.560736121875 0.3411611734375 0.5465771203124999 0.3149761 0.567379971875 0.31870948125 0.5776997046875
0 0.4761392703125 0.7443675203125 0.5112281734375 0.7097566140625 0.5087987484375 0.68840919375 0.4431681296875 0.6559675484375 0.4513942796875 0.694193828125 0.40449713750000005 0.754436165625 0.4761392703125 0.7443675203125
0 0.2806754359375 0.7221821125 0.2540970546875 0.74018644375 0.2535797109375 0.7568111703125 0.27576518125 0.7725282625000001 0.319123290625 0.766434678125 0.2776923671875 0.73344578125 0.2806754359375 0.7221821125
0 0.16411558906249998 0.6700724171875 0.240456234375 0.7381082203125 0.2689769359375 0.709557246875 0.261274190625 0.6872386671874999 0.2457416453125 0.6985537734375 0.190439834375 0.65838215625 0.18319998125 0.6434183921875001 0.1585366984375 0.66286585 0.16411558906249998 0.6700724171875
0 0.34851571406250004 0.49351517031250003 0.3937481375 0.46713743281250003 0.40360392031250003 0.47131360781250003 0.42123230156249997 0.4595672421875 0.4193299265625 0.451307253125 0.3658748421875 0.44028215781249996 0.304116546875 0.47306075312500007 0.30570644375 0.48173541249999996 0.34851571406250004 0.49351517031250003
0 0.35360258125 0.44923452187499996 0.3544044046875 0.4391114671875 0.3096691796875 0.42945615468750004 0.24766129375 0.45782077499999996 0.24800718125 0.4655580046875 0.2900893046875 0.47743995781250004 0.35360258125 0.44923452187499996
0 0.237607725 0.5524833296875 0.2530035703125 0.5406799703125 0.2624387875 0.5471397796875 0.33032673125 0.5131289640625 0.32723733906249997 0.5016990109374999 0.33388974375 0.4989103046875 0.2783731 0.48113060937499996 0.19681087656250001 0.5233660437500001 0.1972078609375 0.531466846875 0.237607725 0.5524833296875
0 0.1554503453125 0.6168545921875 0.15038979531250002 0.6045894046875 0.219061878125 0.568243859375 0.168812128125 0.54045509375 0.0510281953125 0.596679259375 0.053339345312499994 0.607847834375 0.09650433593749999 0.6459011578125 0.1554503453125 0.6168545921875
0 0.161098184375 0.5409865843749999 0.1563383203125 0.53349894375 0.1199436578125 0.5093242859375 0.012664040625000001 0.558510853125 0.016173996875 0.567657175 0.0492847125 0.597483921875 0.161098184375 0.5409865843749999
0 0.271274484375 0.4860204765625 0.26760534062499997 0.47837954531250004 0.22511444218749999 0.46358900781249995 0.1492278890625 0.498723953125 0.1506586015625 0.5089040015624999 0.190132825 0.5259722765625 0.271274484375 0.4860204765625