0 0.50703140625 0.5944499999999999 0.515732671875 0.6039366046875 0.510082003125 0.62734335625 0.565653084375 0.672930378125 0.638401446875 0.6382942875000001 0.6411861062499999 0.626880328125 0.627428659375 0.6113707296875 0.625132096875 0.619311690625 0.57128498125 0.6412572671875 0.5185454859374999 0.6049221859375 0.5220622921875 0.5882987296875 0.50703140625 0.5944499999999999
0 0.36740785468750004 0.6446156937499999 0.36763399375 0.65649811875 0.4270888109375 0.7326396296875 0.4452830671875 0.734722640625 0.54362151875 0.685971809375 0.54484770625 0.6705012906250001 0.5094667828125 0.6423015640624999 0.5073837734375 0.6604958187500001 0.430194484375 0.697050146875 0.38274017968749996 0.6434523296875 0.38524531562500003 0.6357459671875 0.36740785468750004 0.6446156937499999
0 0.303407609375 0.5839522390624999 0.3514649546875 0.6400049359375 0.3853609015625 0.6281778 0.3869062 0.60706381875 0.36083220312500003 0.6138279234375 0.32603170625 0.578125359375 0.32653173281250003 0.5644488875 0.30371164687499996 0.5716702984375 0.303407609375 0.5839522390624999
0 0.46159718281249995 0.49961975625 0.5044032953124999 0.4930438125 0.50913066875 0.49836174843750003 0.5143818578125 0.4980048015625 0.51566455 0.488877978125 0.47567049375000003 0.4676541109375 0.42301205625 0.47421409218750005 0.42191799531249996 0.48199873593750003 0.4539765015625 0.5032022859375 0.46159718281249995 0.49961975625
0 0.466510296875 0.46855663437499995 0.46465591406250006 0.46227377968749994 0.43367985625000005 0.44505469062499997 0.3830891015625 0.450536575 0.382569640625 0.458128234375 0.4135500484375 0.4772641015625 0.466510296875 0.46855663437499995
0 0.3998293328125 0.5125641562500001 0.40425489687500005 0.52002958125 0.4423423390625 0.5119692578125 0.44243810781250004 0.5034968375 0.40446965781250005 0.47954653125 0.340621065625 0.4878186953125 0.33837780781250004 0.4959893046875 0.366414128125 0.518543740625 0.3998293328125 0.5125641562500001
0 0.3973640859375 0.473620621875 0.368795246875 0.45290751250000005 0.3040194640625 0.45803825 0.3027744984375 0.4668966375 0.32985025156250003 0.488494859375 0.39733941562499997 0.47963939375000003 0.3973640859375 0.473620621875
0 0.32646504374999996 0.5340070921875 0.3265985390625 0.5252662375 0.353651084375 0.5197611296875 0.3186600984375 0.4902070421875 0.23599631875 0.5018571406250001 0.2350575171875 0.51048481875 0.2650744546875 0.544267134375 0.32646504374999996 0.5340070921875
0 0.3084682359375 0.492607003125 0.30955794375 0.48290558125 0.2845498734375 0.46022926249999996 0.20678468906249997 0.46818800312500003 0.20423527031250002 0.47658932500000006 0.227603703125 0.503141278125 0.3084682359375 0.492607003125
0 0.66870529375 0.4432401203125 0.6422600140625 0.43382359062500003 0.6165592203125 0.4367883734375 0.61505474375 0.44125376406249994 0.6419098421875 0.45087404218750005 0.6428030765625 0.4476381046875 0.66870529375 0.4432401203125
0 0.6419524515624999 0.451610784375 0.6080072671875 0.43836334375 0.5773150578124999 0.442526590625 0.5772437828125 0.44719340625 0.61422348125 0.4627672828125 0.6392681015624999 0.459271828125 0.6419524515624999 0.451610784375
0 0.63285741875 0.49344710156250005 0.634012503125 0.48834800312500004 0.637495575 0.471884003125 0.6166173140625 0.4623729609375 0.579151096875 0.46689954218749996 0.5786545109375 0.47355269843750003 0.6246773218749999 0.49653584375 0.63285741875 0.49344710156250005
0 0.6237701515625 0.4665935484375 0.6372670375 0.470390375 0.6396577765625 0.459618896875 0.624761775 0.46161762656249994 0.6237701515625 0.4665935484375
0 0.6028701984375 0.46555621406250003 0.6040431015625 0.45929041249999997 0.56785825 0.44222058124999997 0.529632821875 0.44590970937499996 0.5293043453124999 0.454486453125 0.5696834421875 0.47083038750000006 0.6028701984375 0.46555621406250003