0 0.15473244218749999 0.4742328140625 0.1563164171875 0.48423972812500005 0.1840486140625 0.468670378125 0.2577735609375 0.49209554375 0.26317430937499997 0.4856220203125 0.18313475625 0.454523490625 0.15473244218749999 0.4742328140625
0 0.260512365625 0.49647389375 0.25693396874999996 0.5095454078125 0.2749585625 0.49672282812499996 0.33956656406249996 0.5198910953125 0.340149259375 0.5115581765625 0.2758405671875 0.4895527015625 0.260512365625 0.49647389375
0 0.31238759531250004 0.57029550625 0.3438298703125 0.5812787921875 0.36965020625 0.5749504109375 0.3683483046875 0.5703043812499999 0.334918109375 0.5598328 0.33250001875 0.5664961984375 0.31238759531250004 0.57029550625
0 0.33773470156249996 0.5567761890625 0.33607736093749996 0.561866003125 0.3758924625 0.5740854859375 0.40629090625000003 0.567426525 0.4071127703125 0.5603261500000001 0.364775403125 0.5469542234375 0.33773470156249996 0.5567761890625
0 0.3399308234375 0.5253701703125 0.339145215625 0.5412577062499999 0.36686069374999997 0.5497028937499999 0.40058743281250003 0.54197524375 0.401409296875 0.53487486875 0.34969833281249996 0.515967128125 0.341400234375 0.5183150765625 0.3399308234375 0.5253701703125
0 0.3544146546875 0.5462297281249999 0.338038053125 0.543132425 0.3351445140625 0.556595065625 0.35506900625000004 0.550830478125 0.3544146546875 0.5462297281249999
0 0.37675501875 0.54779191875 0.3767391859375 0.5526711609375 0.4146637359375 0.5686627234375 0.452456878125 0.558616571875 0.4538583671875 0.552532796875 0.4116568421875 0.5372182296875 0.37675501875 0.54779191875
0 0.5174432265625 0.49919157812500004 0.46403330625 0.505694790625 0.46208757812499995 0.513325490625 0.5078374171875 0.53558849375 0.5613627828125 0.522385696875 0.5624019609375 0.5125733968749999 0.5221012234375 0.49316267500000005 0.5174432265625 0.49919157812500004
0 0.6024666640625 0.4747760296875 0.5782897234375 0.4822643109375 0.5688704875 0.47560406562499996 0.5350360328125 0.48488826874999996 0.5346257875 0.49580365000000004 0.578046628125 0.521081103125 0.6424062921875 0.5043995015625 0.6435683015625 0.49283061874999995 0.6072303125 0.4722848609375 0.6024666640625 0.4747760296875
0 0.5155589953125 0.53118595625 0.51532071875 0.5396421218749999 0.5502951875 0.55444398125 0.6057564890625 0.5438478 0.6058473671875 0.537499534375 0.569435678125 0.5180077265625 0.5155589953125 0.53118595625
0 0.5875247921875 0.5168013984375001 0.58829133125 0.526033896875 0.617774953125 0.5436291093750001 0.6850753671875001 0.5303304546875001 0.6841122953125 0.5239084890625 0.6517124890625 0.5025790125 0.5875247921875 0.5168013984375001
0 0.6454844843750001 0.46542792187500004 0.6260220578125 0.4711276671875 0.6641559703125 0.5013309390625 0.7500122593749999 0.480150940625 0.750144884375 0.4681570421875 0.7151728234375 0.4381748671875 0.6475776125 0.455689321875 0.6454844843750001 0.46542792187500004
0 0.6765822703125 0.5053771796875 0.7018329125 0.5279719109375 0.7807513421875 0.5151326328125 0.7824194531249999 0.5064234171875001 0.7571122906250001 0.47958832031250004 0.6753907156250001 0.49717406718749996 0.6765822703125 0.5053771796875
0 0.2456633484375 0.413581228125 0.24484735156249998 0.42525052499999993 0.26062822343750003 0.43176619374999997 0.2963296453125 0.4049467921875 0.3225997171875 0.4162550609375 0.3243352984375 0.3978848640625 0.29683487343750004 0.3783723125 0.2456633484375 0.413581228125
0 0.4564764125 0.4044189875 0.43740939531249995 0.3868492 0.44198537968749996 0.3601083625 0.38050331718749997 0.3170219421875 0.307973709375 0.36742485937499997 0.3092135015625 0.38194399218749997 0.32820831093749997 0.39409656718749997 0.3261430875 0.3849318796875 0.3813320359375 0.3567690953125 0.441520971875 0.3925488734375 0.436935553125 0.41297485937499995 0.4564764125 0.4044189875
0 0.596498315625 0.34340112500000003 0.5967305203125 0.3271808703125 0.5323294921875 0.26133965 0.47888863906249995 0.2580537140625 0.40362529374999995 0.30240229375 0.40362221875 0.32179566875 0.4419351234375 0.347927478125 0.44575787812499995 0.33195830000000004 0.5213758890625 0.2889875609375 0.577836221875 0.3393900609375 0.5794212437499999 0.3489721859375 0.596498315625 0.34340112500000003
0 0.671912640625 0.4000901671875 0.6159544578125 0.3425065625 0.5754007453125001 0.361319428125 0.5752093625 0.38340571562500003 0.6090402265625 0.37043693437499997 0.644001140625 0.40580563906249995 0.6438003234375 0.42157707499999997 0.6668689671875 0.41416991718749996 0.671912640625 0.4000901671875