0 0.1301471640625 0.5147832578125 0.131035540625 0.5249995875 0.242082609375 0.50367855 0.2411942328125 0.4952389734375 0.23053371406249998 0.4685876765625 0.21854063125 0.47125280625 0.2216499484375 0.49257384374999996 0.14747050625 0.5045669265625 0.1408076828125 0.48457845468749994 0.134144859375 0.48502264375 0.1301471640625 0.5147832578125
0 0.2576291984375 0.474362125 0.270510659375 0.5005692328125 0.3593483140625 0.483245890625 0.3575715609375 0.47347374843749995 0.34557847656249996 0.46014809999999995 0.34557847656249996 0.472585371875 0.2865014359375 0.4814691375 0.2727316 0.4628132296875 0.2558524453125 0.4663667359375 0.2576291984375 0.474362125
0 0.3597925015625 0.46014809999999995 0.38511123281250004 0.47924819531249996 0.45884648749999996 0.46769930000000004 0.45529298125000006 0.45881553437499994 0.443299896875 0.44948758125 0.439746390625 0.45837134687500003 0.39088568125 0.46681092343749997 0.371341396875 0.4490433921875 0.36201344375 0.4525968984375 0.3597925015625 0.46014809999999995
0 0.43397194375000003 0.5401019890625001 0.5245863515625 0.5174483875 0.5254747281250001 0.5098971859375 0.47972333593750005 0.480136571875 0.39843688125 0.49435059687500005 0.39843688125 0.5045669265625 0.43397194375000003 0.5401019890625001
0 0.507707196875 0.6045092890625 0.6094263109375 0.5694184156250001 0.6103146875000001 0.5574253312499999 0.5401329406250001 0.5156716343750001 0.44951853281250004 0.5401019890625001 0.44818596875 0.5507625078125 0.507707196875 0.6045092890625
0 0.2967177671875 0.57830218125 0.296273578125 0.58585338125 0.3313644515625 0.6604770109375 0.47217213437499994 0.6120604890625 0.47039538125 0.5987348406249999 0.41842535312500007 0.5472090015625 0.2967177671875 0.57830218125
0 0.26873390625 0.5210018937500001 0.2660687765625 0.5289972828125 0.2878340015625 0.5716393562500001 0.40554389375 0.544988059375 0.40421132968749995 0.5347717296875001 0.3682320796875 0.49968085625 0.26873390625 0.5210018937500001
0 0.2416384203125 0.526776340625 0.11104706875 0.5525392609375 0.1008307375 0.609395359375 0.102163303125 0.62138844375 0.25674082187499997 0.5818556874999999 0.25496406875 0.5716393562500001 0.2416384203125 0.526776340625
0 0.06884918281249999 0.72950386875 0.076844571875 0.7407754375 0.1101586921875 0.7348341281249999 0.281615365625 0.6766454640624999 0.2789502359375 0.6597663093749999 0.2554082578125 0.5867417578125 0.09061440781249999 0.627162890625 0.06884918281249999 0.72950386875
0 0.5562112109374999 0.450114096875 0.6079641953125 0.43837630625 0.6087645 0.4343747859375 0.555677675 0.44291136093750005 0.5209978390625001 0.43010649843750004 0.5191304625 0.4367756984375 0.5562112109374999 0.450114096875
0 0.613833090625 0.47198906875 0.6693208281249999 0.4589174390625 0.6693208281249999 0.4517147046875 0.620235521875 0.4362421625 0.56821576875 0.445845809375 0.5684825375 0.45278177499999994 0.613833090625 0.47198906875
0 0.69146256875 0.502934153125 0.750151521875 0.4866613078125 0.748284146875 0.477591196875 0.6847933703125 0.45758359843749996 0.6282385609375 0.4695881578125 0.6274382578125001 0.47625735625 0.69146256875 0.502934153125
0 0.696797928125 0.4610515828125 0.7624228484375 0.48212625156250005 0.81070785 0.4685210859375 0.8101743140625001 0.46078481406250005 0.7464167703125 0.442377825 0.6965311609375 0.4525150078125 0.696797928125 0.4610515828125
0 0.8243130171875 0.46692047812500004 0.86406144375 0.4557162234375 0.865395284375 0.44878025624999995 0.797102684375 0.43170710625000003 0.7578877937499999 0.4418442890625 0.756553953125 0.4471796484375 0.8243130171875 0.46692047812500004
0 0.68959519375 0.42903942656250005 0.7421484828125 0.4442452015625 0.7808298375 0.4357086265625 0.78323075 0.4279723546875 0.72800978125 0.4175684046875 0.6898619609375001 0.424504371875 0.68959519375 0.42903942656250005
0 0.6314397765625 0.44024368125 0.681858921875 0.4570500625 0.72560886875 0.4466461125 0.7277430125000001 0.44051045 0.67679033125 0.426371746875 0.630906240625 0.4346415546875 0.6314397765625 0.44024368125