0 0.6850776546875 0.3058315625 0.5307766859374999 0.31530035 0.5382896578125 0.37547109375 0.5404890625000001 0.34188020625000004 0.6435576515625 0.34011596875 0.6447575671875 0.4192912015625 0.6706634953124999 0.4203545234375 0.6850776546875 0.3058315625
0 0.501056171875 0.4071640453125 0.5001042359375 0.4199178609375 0.5169033921875 0.4191970109375 0.5189631921875 0.410521209375 0.499435984375 0.31224049531250003 0.36409525 0.3223567796875 0.36309579375 0.3314617671875 0.3853317921875 0.378572775 0.3914206046875 0.3472095 0.48387537031249994 0.3400312734375 0.501056171875 0.4071640453125
0 0.234250096875 0.4346159640625 0.2878964296875 0.4858691890625 0.36895728125 0.4888685125 0.370306784375 0.47926630000000003 0.32952519687500004 0.42107835312499997 0.2371159359375 0.4241777296875 0.234250096875 0.4346159640625
0 0.1312098140625 0.436221246875 0.192641725 0.48682011249999996 0.270417803125 0.48830866406249995 0.27240498281250003 0.4791457796875 0.21742954218750002 0.424908084375 0.1348579171875 0.42519353281249994 0.1312098140625 0.436221246875
0 0.0175533640625 0.3436614328125 0.10455162656250001 0.4163880328125 0.1938040203125 0.4163420875 0.1998953140625 0.40286006093750004 0.10964379375 0.3209335 0.02089560625 0.3273450859375 0.0175533640625 0.3436614328125
0 0.141902040625 0.3223197140625 0.136099928125 0.333744121875 0.213812959375 0.41530735312499995 0.31367042343749996 0.41395417500000004 0.3158559484375 0.4058682953125 0.25487635468750003 0.31721463125 0.141902040625 0.3223197140625
0 0.29902795000000004 0.5007225921875 0.333736790625 0.53742419375 0.40412398437499997 0.5417211109375 0.40537709531250005 0.5328047703125 0.3771784796875 0.494570153125 0.30047940624999997 0.49288325625 0.29902795000000004 0.5007225921875
0 0.2105300140625 0.5008745703125 0.255719728125 0.537650321875 0.318514128125 0.5412298546875001 0.3201046140625 0.529912959375 0.28397583125 0.49336150781250004 0.21104905624999998 0.4922047734375 0.2105300140625 0.5008745703125
0 0.4212150921875 0.5921235359375 0.43778003437499996 0.6125810859375 0.48697470468750004 0.6153448203125 0.48820894531250003 0.6065627453125 0.4806437453125 0.5888990203125 0.4205551359375 0.5843858156249999 0.4212150921875 0.5921235359375
0 0.35017233281250004 0.586289253125 0.3733773828125 0.607680009375 0.42404132656250004 0.6108686640625 0.42420805625 0.6034655546875001 0.40691021093749996 0.5835602843750001 0.3519322234375 0.579983759375 0.35017233281250004 0.586289253125
0 0.3791074390625 0.611980159375 0.396368234375 0.6290406625 0.443116428125 0.63211585 0.4439929 0.6274336203125 0.43064785624999996 0.6104865859374999 0.3805662953125 0.607816634375 0.3791074390625 0.611980159375
0 0.4003546125 0.63331418125 0.4141813109375 0.646834065625 0.458911421875 0.6502809125 0.4582549375 0.6440726734375 0.44660031250000004 0.630639628125 0.401723159375 0.6297932484375 0.4003546125 0.63331418125