0 0.6761473890625 0.5638603796874999 0.729450584375 0.58467053125 0.767785075 0.5540029390625001 0.7688803453124999 0.5448756796875001 0.687465190625 0.5196844421875 0.6432892546875 0.5467011312500001 0.6765124796875 0.5594792953125001 0.6761473890625 0.5638603796874999
0 0.7754519734375 0.5485265828125 0.804659203125 0.5237004375 0.8050242937500001 0.513842996875 0.730180765625 0.49668374843749996 0.6944019078125 0.5153033578125 0.6951320890625 0.5204146234375 0.7754519734375 0.5485265828125
0 0.673226665625 0.5174939000000001 0.70681498125 0.498874290625 0.7079102515625 0.490842303125 0.6469401578125 0.4747783265625 0.6104311203125 0.4923026640625 0.6107962109375 0.4970488390625 0.673226665625 0.5174939000000001
0 0.5578581046875 0.513842996875 0.5582231953125001 0.52297025625 0.630146 0.5426851375 0.6651946765625001 0.526621159375 0.6666550390625 0.5163986296874999 0.6049547640624999 0.494128115625 0.5578581046875 0.513842996875
0 0.489586203125 0.48901684999999995 0.49177674531250004 0.49595356874999996 0.5432544890625 0.5149382671875 0.5863351546875 0.4977790203125 0.5852398828125 0.48901684999999995 0.5388734046875 0.4736830546875 0.489586203125 0.48901684999999995
0 0.5950973234375 0.4923026640625 0.6297809109375 0.4780641390625 0.6316063625 0.47076233125 0.5823191609375 0.4572539875 0.5447148515625 0.471127421875 0.5461752125 0.47696886875000005 0.5950973234375 0.4923026640625
0 0.6122565718749999 0.6387039078125001 0.5863351546875 0.6244653828125 0.58487479375 0.637243546875 0.6049547640624999 0.6485613484375 0.602034040625 0.6558631562499999 0.6184631078125 0.664260234375 0.6779728406250001 0.6167984843750001 0.678703021875 0.6054806828125 0.6564325078125 0.5963534234375001 0.6564325078125 0.6062108640625 0.6122565718749999 0.6387039078125001
0 0.5257301515624999 0.7040550859375 0.4589186109375 0.6620696921875 0.4600138828125 0.64016426875 0.419123759375 0.664260234375 0.41948885 0.6759431265625 0.5034596375 0.7383735828125 0.51842834375 0.7407754375 0.6005736796875001 0.6759431265625 0.6009387703125 0.6660856859375001 0.5841446125 0.655132975 0.583779521875 0.660244240625 0.5257301515624999 0.7040550859375
0 0.3402642359375 0.61314758125 0.40050415 0.6631649640624999 0.45855352031249996 0.6314021000000001 0.45745825 0.6043854109375 0.39648815625 0.6314021000000001 0.3545027609375 0.593067609375 0.33734351406249996 0.6021948687500001 0.3402642359375 0.61314758125
0 0.32858134375 0.57846399375 0.2982788421875 0.5569236625 0.29681848125 0.5488916734375 0.2807545046875 0.555828390625 0.282945046875 0.5642254703125 0.3260257125 0.599274146875 0.354137671875 0.5875912546875 0.352677309375 0.5682414640625 0.32858134375 0.57846399375
0 0.2286467203125 0.519209678125 0.3007688734375 0.5001070546874999 0.2988196265625 0.496013634375 0.23098581718750003 0.5135568609375001 0.204476053125 0.4925049890625 0.2025268046875 0.4926999140625 0.204086203125 0.5001070546874999 0.2286467203125 0.519209678125
0 0.2992094765625 0.4880217203125 0.3157780796875 0.49698825781249995 0.37464535 0.48119935468749997 0.37523012499999997 0.4761313109375 0.3194816484375 0.48841157031250004 0.297845003125 0.47671608593750003 0.2992094765625 0.48704709687500003 0.2992094765625 0.4880217203125
0 0.377374296875 0.46911402031250005 0.3853662109375 0.47847040781250005 0.434292321875 0.4642409015625 0.4331227734375 0.459172859375 0.3997906421875 0.44669767499999996 0.3763996734375 0.4525454171875 0.377374296875 0.46911402031250005
0 0.4440385578125 0.4617068796875 0.48575245312500004 0.45176571875000004 0.48575245312500004 0.44630782656249995 0.452030471875 0.43539204062500003 0.4112912015625 0.44513827812500006 0.412265825 0.449621546875 0.4440385578125 0.4617068796875
0 0.40271451249999995 0.44728245 0.4413096125 0.4379260625 0.4416994609375 0.43266309375 0.41246075 0.4252559546875 0.37464535 0.43324786875 0.374840275 0.43675651406249993 0.40271451249999995 0.44728245
0 0.38322203906249996 0.4312986203125 0.4066130078125 0.426035653125 0.4068079328125 0.42291685625 0.38224741562500003 0.4155097171875 0.35183915625 0.421552384375 0.37347580156250004 0.42934937343749996 0.38322203906249996 0.4312986203125