0 0.8486137453125 0.6213156828125 0.8086961921875 0.5814961140625 0.80453749375 0.6157044734375 0.70790624375 0.6302813734375 0.6721426390625 0.558346265625 0.657051671875 0.55907239375 0.6559440046875 0.570685096875 0.7043302890625001 0.6597752078125 0.8473951828124999 0.6356836968749999 0.8486137453125 0.6213156828125
0 0.6465954859374999 0.5555605984375 0.6729392609375 0.55160915625 0.6741776265625 0.5285210546875 0.6588630125 0.5294280546875 0.6339807140625 0.48884037343750003 0.61684155 0.49448698281250003 0.616825709375 0.501463053125 0.6465954859374999 0.5555605984375
0 0.6336976515625 0.469104325 0.6193560453125 0.47161803750000003 0.6038262265625 0.4444108390625 0.5856150390625 0.44597399062500004 0.5851107140625 0.45301871406250005 0.6063373078125001 0.490633246875 0.635020521875 0.485605821875 0.6336976515625 0.469104325
0 0.6528053140625001 0.6103789921875 0.6561190890625 0.64104650625 0.5585557609375 0.6574978625 0.540904325 0.5815228609374999 0.5161210578125 0.5894891062500001 0.533507134375 0.690158925 0.679498965625 0.6673995171875 0.6783054796875 0.6553630234375001 0.6528053140625001 0.6103789921875
0 0.41754512187500004 0.6217739265625 0.41450067968750004 0.6107447640625 0.2964250109375 0.6283354796875 0.2562466234375 0.7341066656249999 0.26088985937500003 0.7476508546875 0.4111103734375 0.72130835625 0.41754512187500004 0.6217739265625
0 0.2698053125 0.646273390625 0.2652571328125 0.636949959375 0.14309800781249998 0.6556127 0.06149755312500001 0.7696960359375 0.07220854531250001 0.7838818546875 0.22692838593750003 0.7576542140625 0.2698053125 0.646273390625
0 0.3087651359375 0.5548702171875 0.304354259375 0.5465237546874999 0.20805042812500002 0.5613037046875 0.161853121875 0.6295646484375 0.167164390625 0.6407733609374999 0.28105362500000003 0.6235219437499999 0.3087651359375 0.5548702171875
0 0.32951113906249996 0.4969109984375 0.3281301828125 0.4906293671875 0.2451909890625 0.5030329078125 0.21669921875 0.5466386390625 0.220060515625 0.556377940625 0.3121435890625 0.5416930468750001 0.32951113906249996 0.4969109984375
0 0.426299496875 0.48380641406249997 0.42464393125 0.47557085 0.34564693125 0.4876694171875 0.33103865 0.5308183453125 0.3319271640625 0.538912646875 0.42425051874999997 0.5259374453125 0.426299496875 0.48380641406249997
0 0.42561167656250004 0.540939165625 0.4230517546875 0.5315853703125 0.3263320515625 0.5451784375 0.3045628734375 0.608262771875 0.30589366406249996 0.6212762328125 0.4220233203125 0.6004720890625 0.42561167656250004 0.540939165625
0 0.5463752921875 0.41487609531249997 0.5464254578125 0.408144265625 0.48455970156249994 0.41808426093750006 0.485421809375 0.42244628281249996 0.5463752921875 0.41487609531249997
0 0.40952204999999997 0.4069613828125 0.4066347265625 0.43426628437500003 0.4704200890625 0.423807440625 0.46688451875 0.398650546875 0.40952204999999997 0.4069613828125
0 0.41413755312499995 0.38663651250000003 0.4127315171875 0.4067593875 0.4686285359375 0.3986545078125 0.46553524218750003 0.378416775 0.41413755312499995 0.38663651250000003
0 0.4166195703125 0.3688530765625 0.4152901078125 0.3859764 0.46441701249999995 0.3793211296875 0.46326973125000004 0.3622968234375 0.4166195703125 0.3688530765625
0 0.359818196875 0.37583972499999996 0.35328704843750003 0.394939428125 0.404543475 0.387486740625 0.40343052031250004 0.3707066765625 0.359818196875 0.37583972499999996
0 0.4043216796875 0.39299736093750004 0.40269251875 0.38849407187499996 0.3516842953125 0.394168415625 0.34274901562500004 0.41211159999999997 0.345355140625 0.4164775859375 0.4011795484375 0.4096282390625 0.4043216796875 0.39299736093750004
0 0.3984123578125 0.4147493953125 0.3956649671875 0.41115046250000004 0.338027890625 0.41750736406250005 0.32827935468749997 0.440297096875 0.32774070312500003 0.4470975765625 0.393548653125 0.436852609375 0.3984123578125 0.4147493953125
0 0.56328209375 0.4040317578125 0.5529724484375 0.38206849374999996 0.5468584859375001 0.3864146765625 0.5607551843749999 0.4108626046875 0.6229681593749999 0.401621009375 0.6220374015625 0.396770503125 0.56328209375 0.4040317578125