0 0.26594991874999996 0.5609181203125 0.26799700937500004 0.5698861078124999 0.2885475796875 0.5475228171875 0.3623647125 0.57033429375 0.364061884375 0.5613607125 0.2864074453125 0.539885421875 0.26594991874999996 0.5609181203125
0 0.3540015734375 0.5828530375 0.353065540625 0.59241468125 0.38162385625 0.5740878 0.4405513890625 0.5918468031249999 0.4401940515625 0.581659878125 0.3758325046875 0.565125409375 0.3540015734375 0.5828530375
0 0.436469709375 0.6433125984375 0.4152714796875 0.6519922109375 0.4560173515625 0.6620617625 0.4799940109375 0.6557157921875 0.48203733125000003 0.649440609375 0.43746716562500004 0.6366968625 0.436333853125 0.6414311625 0.436469709375 0.6433125984375
0 0.45068020625000005 0.5888728234375 0.440863634375 0.5954067046875 0.4383662859375 0.6158233671875 0.469872459375 0.6241771390624999 0.5034982109375 0.61369235 0.503808965625 0.6054240796875 0.45068020625000005 0.5888728234375
0 0.4635576796875 0.62374801875 0.43914365 0.6172272750000001 0.4375749171875 0.6358369359375 0.46329715625 0.627473671875 0.4635576796875 0.62374801875
0 0.4740879859375 0.6229750921874999 0.47223075468750003 0.62658909375 0.4473440875 0.6344759468750001 0.4438157109375 0.6390427671875 0.4894131328125 0.6523931875 0.5186693421874999 0.643207365625 0.5201804265625001 0.636894965625 0.4740879859375 0.6229750921874999
0 0.4847480828125 0.6205657109375 0.4842642546875 0.6274847828125 0.52890885625 0.6391640578125 0.5682347421875 0.6274733453125 0.5688730375 0.622169590625 0.5191479875 0.606658603125 0.4847480828125 0.6205657109375
0 0.6245722171875 0.5409130203125 0.5624647296874999 0.5639526234375001 0.5649907171875 0.57336291875 0.6184480406249999 0.5920659203125 0.6803561218749999 0.5718779921875 0.6799816328125 0.5635733484375 0.6245722171875 0.5409130203125
0 0.6395302515625 0.5286377390625 0.6379371546875 0.53776 0.6991230515625 0.564326684375 0.7813407 0.536006875 0.7815932546875 0.52328845 0.7210565578125 0.4919911328125 0.6395302515625 0.5286377390625
0 0.7418810703125 0.48268370000000005 0.7418057671875 0.49286730156249997 0.8032996828125001 0.5286891859375 0.9226134343749999 0.4889536953125 0.9189463124999999 0.4730955625 0.8660893859375 0.43214639843749997 0.7418810703125 0.48268370000000005
0 0.6916677984375 0.5695480640625 0.630710275 0.5898024609375 0.6317406265625001 0.5978345625 0.6764590109374999 0.6140160640625 0.7378065171875 0.597291359375 0.73914923125 0.5871963828125 0.6916677984375 0.5695480640625
0 0.7113888078125 0.557971928125 0.7065828703125 0.5675063296875 0.7600246984375 0.5909842765625 0.841637459375 0.5667613984375001 0.8383381625 0.5547498109375 0.7919778796875 0.530175040625 0.7113888078125 0.557971928125
0 0.814755675 0.5236331562500001 0.8114387140625 0.5300876546875 0.8561327703125 0.5602771484375 0.9750543671875 0.5307031046875 0.9701043374999999 0.5195312921874999 0.9286829296875 0.4835210046875 0.814755675 0.5236331562500001
0 0.785278778125 0.41032244218749997 0.786036946875 0.3919527859375 0.6912874109375 0.324269253125 0.6522039265624999 0.35627616562500003 0.6535043328125 0.3753161328125 0.6557853015624999 0.3843711390625 0.6892838984375 0.36044813593749997 0.7504405171874999 0.404201778125 0.7518618203125 0.42904018125 0.785278778125 0.41032244218749997
0 0.326987740625 0.49019817187500003 0.3284057375 0.5007005859375 0.3415718546875 0.5073609796875 0.369456684375 0.4676978421875 0.390269315625 0.472740534375 0.390771021875 0.450175434375 0.36370735781249997 0.44218449687500005 0.326987740625 0.49019817187500003
0 0.5323002375 0.43209094375 0.48912465781250003 0.4082652953125 0.49452433593749995 0.3874776265625 0.4318317546875 0.355471290625 0.37597219375 0.42582295 0.3736206125 0.438931634375 0.394972478125 0.44652316406250003 0.392590875 0.4395406984375 0.4311778234375 0.39560366406249997 0.5082572609375 0.432203359375 0.50632760625 0.4546686078125 0.5323002375 0.43209094375
0 0.6695231921875 0.32974369531250003 0.6667615109375 0.3141391484375 0.60548935 0.267473146875 0.511899540625 0.26284550625 0.45001779218750004 0.335093859375 0.45041666874999997 0.350051575 0.493201909375 0.37182609218749996 0.4915656515625 0.3539018390625 0.5670343515625 0.2801955421875 0.6471084140625 0.33347397968750003 0.649759478125 0.3437731125 0.6695231921875 0.32974369531250003