0 0.3959245078125 0.649145240625 0.39387308593750003 0.6655566187499999 0.56003829375 0.7380402078125 0.6188457328125 0.598543490625 0.594228665625 0.5910216078125 0.597647703125 0.6074329875 0.5593544859375 0.6771813453125 0.44584244999999995 0.638204321875 0.44789387343750003 0.6012787203125 0.3959245078125 0.649145240625
0 0.3473741796875 0.6135872531250001 0.26189825 0.578713075 0.260530634375 0.566404540625 0.238648796875 0.584867340625 0.24411925625 0.601962528125 0.36241794375 0.6546157 0.44173960624999997 0.5670883484375 0.4513129109375 0.552044584375 0.44789387343750003 0.5438388953125 0.4048140046875 0.53221416875 0.4089168484375 0.555463621875 0.3473741796875 0.6135872531250001
0 0.46293763749999994 0.5431550875 0.5183260390625 0.48366384062499995 0.516958425 0.4706714984375 0.4882385125 0.46383342499999997 0.48892231875 0.4761419578125 0.44721006562500004 0.5137513671875 0.4027625828125 0.5000752187499999 0.40618161875 0.523324671875 0.46293763749999994 0.5431550875
0 0.6133752734375 0.56093408125 0.599699125 0.559566465625 0.6010667390625 0.5828159187499999 0.630470459375 0.59307303125 0.6605579875 0.5062294859375001 0.644830415625 0.5041780640625 0.6133752734375 0.56093408125
0 0.2106126921875 0.5568312359375 0.1463347921875 0.52879513125 0.140180525 0.5171704046875 0.12240153125 0.5294789390625 0.12240153125 0.5472579328125 0.21403172812500001 0.5834997265624999 0.255060175 0.556147428125 0.2509573296875 0.52537609375 0.2106126921875 0.5568312359375
0 0.6512096578125 0.4577102234375 0.6760691140625 0.4641952984375 0.6749882671874999 0.469599528125 0.69120095625 0.47392291249999996 0.7084944906249999 0.4323103453125 0.7079540671875 0.4263656921875 0.6166225890625 0.408531734375 0.5917631328125 0.439876265625 0.6512096578125 0.4577102234375
0 0.712817875 0.426906115625 0.7252476015625 0.39339989218750004 0.6452650046875 0.377187203125 0.6236480875 0.405289196875 0.712817875 0.426906115625
0 0.5258315328125 0.3869148171875 0.5258315328125 0.393940315625 0.5993290546875001 0.40907215781249995 0.6231076640625 0.3842127015625 0.622567240625 0.375565934375 0.5490697203125 0.3636766296875 0.5258315328125 0.3869148171875
0 0.513942228125 0.39339989218750004 0.4831381203125 0.41934019375 0.4885423484375 0.43122949843749997 0.527993225 0.439876265625 0.573929175 0.4409571125 0.5966269390625001 0.4150168109375 0.592843978125 0.40907215781249995 0.513942228125 0.39339989218750004
0 0.3864908359375 0.41025832187500005 0.39695477968750004 0.41160850781249997 0.41180682968750004 0.409583228125 0.46210127031250003 0.41633416093750003 0.46952729531250004 0.4166717078125 0.499568940625 0.396081365625 0.4978812078125 0.387980246875 0.4290217046875 0.3754910234375 0.384803103125 0.40165088437499996 0.3864908359375 0.41025832187500005
0 0.5056447796875 0.3889928875 0.536023971875 0.3684025453125 0.535348878125 0.36131406718750003 0.47459049374999995 0.3511876703125 0.44286111562499997 0.37042782500000004 0.44252356875 0.3765036640625 0.5056447796875 0.3889928875
0 0.22379338437500002 0.40823304218749995 0.22143055781249998 0.400131925 0.1498706828125 0.42848583749999997 0.11611602343750001 0.4186969859375 0.1134156515625 0.43084866406250005 0.1451450296875 0.43996242187499995 0.22379338437500002 0.40823304218749995
0 0.2963658984375 0.37819139687500003 0.2936655265625 0.370765371875 0.2457339109375 0.360638975 0.21771754531249998 0.36874009218750003 0.22446847656250002 0.39304344687500004 0.2359450609375 0.4018196578125 0.2963658984375 0.37819139687500003
0 0.25856068125 0.36266425468749997 0.308855121875 0.3734657453125 0.35611164375 0.35557577500000004 0.3544239109375 0.3481497515625 0.3068298421875 0.33903599375 0.25889822812499996 0.3549006828125 0.25856068125 0.36266425468749997
0 0.212654346875 0.3518627640625 0.2433710859375 0.3609765203125 0.29197779375 0.3434240984375 0.29197779375 0.338698446875 0.24877183125000002 0.3302597828125 0.2099539734375 0.342411459375 0.212654346875 0.3518627640625