0 0.40960065625000003 0.6641890046875 0.47114332656249996 0.6245281734375 0.47114332656249996 0.5951244531250001 0.4800328234375 0.5923892234375 0.4595186 0.5834997265624999 0.46157002187499996 0.598543490625 0.40960065625000003 0.6299986328125 0.3651531734375 0.6012787203125 0.3658369796875 0.629314825 0.40960065625000003 0.6641890046875
0 0.4321663015625 0.6587185453125 0.4335339171875 0.6737623078125 0.5347374171875 0.7380402078125 0.6133752734375 0.670343271875 0.612007659375 0.6580347375 0.5955962796875001 0.6450423953125 0.5949124718750001 0.656667121875 0.5456783374999999 0.69427653125 0.47592997812500004 0.6525642781250001 0.4718271328125 0.631366246875 0.4321663015625 0.6587185453125
0 0.6271938421875001 0.6582560703125 0.681829 0.6062860421875 0.6831615656250001 0.59296039375 0.6578428328125 0.58585338125 0.658731209375 0.5978464640625 0.62053101875 0.6320489609375 0.5983216046875001 0.620055878125 0.595656475 0.6409327265625 0.6271938421875001 0.6582560703125
0 0.49522805312499996 0.4915911796875 0.53684385625 0.50379848125 0.542115190625 0.5085149390625 0.5773499046875 0.49186861875 0.5776273421875 0.48354545781249997 0.5271335015624999 0.469396084375 0.48135611875000006 0.485487528125 0.4830207515625 0.4946430046875 0.489401840625 0.4968625140625 0.49522805312499996 0.4915911796875
0 0.5848407484375 0.486874721875 0.6197980234375 0.47161559375 0.6209077781250001 0.464957065625 0.5698590593749999 0.45108513125 0.5354566625 0.4668991359375 0.5357341015625 0.473557665625 0.5848407484375 0.486874721875
0 0.5906669609375 0.5290454015625 0.5973254890625 0.5229417515625 0.6200754609375 0.530710034375 0.6278437453125 0.5351490531249999 0.658362 0.5148960296875 0.6578071234375 0.5085149390625 0.5959382953125 0.48992654687500004 0.5532127390625 0.511566765625 0.552102984375 0.5193350484375 0.5906669609375 0.5290454015625
0 0.6630784578125 0.5112893265625 0.6955221375 0.49075886406249997 0.6949672609374999 0.4829905796875 0.636427696875 0.46828632968750006 0.602596825 0.48604240625 0.6023193859375 0.492700934375 0.6630784578125 0.5112893265625
0 0.6644656515625 0.545414284375 0.6630784578125 0.5548472 0.72411496875 0.574822784375 0.758517365625 0.5423624593749999 0.7574076109375001 0.5348716140625001 0.676672953125 0.5121216421875 0.6397736078125 0.537923440625 0.6644656515625 0.545414284375
0 0.7646210171875001 0.5384783171875 0.790145375 0.514618590625 0.7926423234375 0.505185675 0.71523693125 0.486874721875 0.68610586875 0.508792378125 0.6858284296875 0.5157283453125 0.7646210171875001 0.5384783171875
0 0.3611730515625 0.42637302187500004 0.36229761875 0.4306838578125 0.39059919062500004 0.42506102968750004 0.389287196875 0.420937621875 0.36229761875 0.41325308749999995 0.343929709375 0.4166267859375 0.3456165578125 0.4220621875 0.3611730515625 0.42637302187500004
0 0.3853512171875 0.445490640625 0.4277098625 0.4357444046875 0.427522434375 0.43218327968750003 0.39697173124999996 0.4214999046875 0.362110190625 0.430121575 0.36342218437499996 0.43855581875 0.3853512171875 0.445490640625
0 0.37316842031249997 0.47679105625 0.4213373234375 0.46198427343750004 0.42171217812500006 0.455236878125 0.3849763625 0.44492835781249995 0.364359321875 0.45017633281249997 0.3649216046875 0.4724802203125 0.37316842031249997 0.47679105625
0 0.36473417656249996 0.4498014765625 0.377291828125 0.44792719999999997 0.3769169734375 0.442304371875 0.36323475625 0.438368390625 0.36473417656249996 0.4498014765625
0 0.43258298125000005 0.4608597078125 0.4723176390625 0.44867691093750006 0.47175535625 0.4415546609375 0.43520696875000003 0.4331204171875 0.39790886875 0.4438037921875 0.3975340140625 0.44923919375 0.43258298125000005 0.4608597078125