0 0.1724589875 0.5496504171875001 0.252498540625 0.5185518874999999 0.24709779375 0.5120783656250001 0.17337284687500001 0.53550353125 0.14564064999999998 0.51993418125 0.144056675 0.52994109375 0.1724589875 0.5496504171875001
0 0.2657992421875 0.5138913656249999 0.33010793125000004 0.491885890625 0.3295252375 0.483552971875 0.2649172375 0.5067212390625 0.24689264375 0.493898659375 0.25047104062500003 0.5069701734375001 0.2657992421875 0.5138913656249999
0 0.32478671875 0.43280694531249997 0.3272048078125 0.43947034531250007 0.36063500312499996 0.4289987625 0.3619369046875 0.42435273437500004 0.33611656875 0.418024353125 0.3046742953125 0.4290076390625 0.32478671875 0.43280694531249997
0 0.3585383484375 0.45224569375 0.40087571562499996 0.4388737640625 0.4000538546875 0.431773390625 0.369655409375 0.4251144296875 0.32984030625 0.4373339140625 0.331497646875 0.442423725 0.3585383484375 0.45224569375
0 0.3322760984375 0.45853715156249997 0.33306170625 0.4744246875 0.33453111562500004 0.48147978125 0.342829215625 0.48382773125 0.39454017812500003 0.4649199890625 0.39371831562500004 0.4578196140625 0.359991575 0.45009196406249996 0.3322760984375 0.45853715156249997
0 0.3481454453125 0.449159175 0.3282209515625 0.4433945875 0.331114490625 0.45685722812499996 0.347491090625 0.45375992500000006 0.3481454453125 0.449159175
0 0.40719369062500005 0.46259937500000003 0.4493952171875 0.44728480781249996 0.447993728125 0.44120103437499997 0.41020058437499995 0.4311548828125 0.372276034375 0.4471464453125 0.3722918671875 0.45202568593750003 0.40719369062500005 0.46259937500000003
0 0.4583895625 0.494163303125 0.5117994828125 0.5006665171875 0.5164574796875 0.50669541875 0.5567582171875001 0.48728469687500003 0.5557190390625 0.4774723984375 0.5021936734375 0.4642696 0.4564438328125 0.486532603125 0.4583895625 0.494163303125
0 0.5769787421875 0.4789935703125 0.5335579015625 0.5042710234375 0.5339681453125 0.5151864046875 0.5678026 0.5244706078125 0.5772218359375 0.5178103640625 0.601398778125 0.52529864375 0.6061624250000001 0.5277898125 0.6425004140625 0.50724405625 0.6413384046874999 0.49567517343749995 0.5769787421875 0.4789935703125
0 0.5663869796875 0.480595796875 0.60279866875 0.46110398750000003 0.6027077875 0.4547557234375 0.5472464875 0.444159540625 0.5122720171874999 0.4589614015625 0.512510296875 0.46741756562500003 0.5663869796875 0.480595796875
0 0.64982501875 0.49728469531249997 0.682224825 0.47595521874999996 0.683187896875 0.469533253125 0.6158874828124999 0.45623459843749997 0.5864038609375 0.4738298109375 0.585637321875 0.483062309375 0.64982501875 0.49728469531249997
0 0.6265746703125 0.5291019671875 0.646037096875 0.5348017125 0.6481302234374999 0.5445403125 0.7157254359375 0.5620547671875 0.7506974984375 0.5320725921875 0.750564871875 0.5200786953125001 0.66470858125 0.498898696875 0.6265746703125 0.5291019671875
0 0.6753907156250001 0.5028259328125 0.7571122906250001 0.5204116796875 0.7824194531249999 0.49357658281249994 0.7807513421875 0.4848673671875 0.7018329125 0.47202808906250004 0.6765822703125 0.4946228203125 0.6753907156250001 0.5028259328125
0 0.2323291921875 0.578361415625 0.23314518906249998 0.5900307125 0.2843167140625 0.6252396265625 0.3118171390625 0.6057270765625 0.3100815578125 0.587356878125 0.2838114859375 0.59866515 0.24811006406249997 0.5718457453125 0.2323291921875 0.578361415625
0 0.43110397031250003 0.6150210171875 0.370915034375 0.6508007953125 0.315726084375 0.6226380109375 0.3177913109375 0.6134733234375 0.2987964984375 0.6256258984375 0.29755670625 0.64014503125 0.3700863171875 0.69054795 0.43156837656249997 0.647461528125 0.42699239375 0.620720690625 0.4460594109375 0.6031509015625 0.42651855000000005 0.59459503125 0.43110397031250003 0.6150210171875
0 0.5709817546875 0.660206784375 0.5683355625 0.6617166265625001 0.5118752265625 0.712119128125 0.4362572171875 0.669148390625 0.43243446093750004 0.653179209375 0.3893066453125 0.69069855 0.390227053125 0.703861015625 0.4482249234375 0.7440468703125 0.5440584171875 0.738282521875 0.594735678125 0.6868237953125 0.58699765625 0.6577055640625 0.5871118531249999 0.669113003125 0.5709817546875 0.660206784375
0 0.573869921875 0.6235294109375 0.5740613046874999 0.6456156984375 0.6146150203125 0.6644285625 0.670573203125 0.6068449578124999 0.6655295265625 0.5927652078125 0.6424608843749999 0.58535805 0.642661703125 0.6011294859375 0.6077007875 0.636498190625 0.573869921875 0.6235294109375