0 0.941868590625 0.3739238875 0.9400745078125 0.3629250984375 0.904490259375 0.3939124796875 0.8038552781250001 0.3839016046875 0.803596884375 0.394955490625 0.9104537031250001 0.40513241874999995 0.941868590625 0.3739238875
0 0.8028990625000001 0.3771038 0.8034766718749999 0.3612904453125 0.772796753125 0.3800339640625 0.699731159375 0.372327996875 0.698352615625 0.38026392656249997 0.7818071875 0.390697321875 0.8028990625000001 0.3771038
0 0.6951685921874999 0.373949184375 0.6940961796875 0.3458686578125 0.6628638109375 0.3442643109375 0.623494771875 0.3639780703125 0.6235353578125 0.37208407499999996 0.688048378125 0.3790612203125 0.6951685921874999 0.373949184375
0 0.6743130359375 0.34022664375 0.6747858859375 0.34533407656250004 0.6952664703125 0.346379090625 0.69516085625 0.32889515 0.6743130359375 0.34022664375
0 0.7108165703125 0.30448784375 0.6838872406250001 0.3038675890625 0.6527960640625 0.31591996093749997 0.6538679984375 0.32064194687500003 0.6954785640625001 0.32148992656250003 0.6959781859375 0.3113780421875 0.7108165703125 0.30448784375
0 0.6949956015625001 0.32925597500000003 0.6948551859375 0.322934190625 0.6462912890625 0.320401509375 0.610442615625 0.3366212984375 0.6113649125 0.340432871875 0.6608171281249999 0.3466023296875 0.6949956015625001 0.32925597500000003
0 0.6493046328125 0.35083555624999996 0.64898941875 0.34454775 0.5991826953125 0.33935421250000003 0.55899314375 0.3575061984375 0.5595412890625 0.36592555312499997 0.611338740625 0.3710949359375 0.6493046328125 0.35083555624999996
0 0.5341700140625 0.4195692703125 0.5468852609375 0.42466235625 0.5555717734375001 0.42070446562499997 0.5529300453125 0.41100565 0.5020989421875 0.3985704171875 0.43860043125 0.42604263124999997 0.43985515 0.4363892890625 0.47933753437500004 0.4468699171875 0.5341700140625 0.4195692703125
0 0.4889577890625 0.40490713749999996 0.49089191093749995 0.3973447375 0.4460945109375 0.38676254062500004 0.39251759062499997 0.410793259375 0.3916060109375 0.4177786640625 0.4320196125 0.431104153125 0.4889577890625 0.40490713749999996
0 0.40734456249999995 0.4831797328125 0.41830833749999996 0.488991503125 0.4718954984375 0.46306762343749996 0.4717947734375 0.4547660578125 0.41794724062500005 0.4345960125 0.348444909375 0.46815229374999995 0.3515927859375 0.47850919062499997 0.38550665624999997 0.4953675046875 0.40734456249999995 0.4831797328125
0 0.41366124531250004 0.4396879046875 0.412529890625 0.43244577812499996 0.3758988875 0.41745638124999995 0.30721221875000004 0.44656090937500004 0.30775170625000003 0.45502356875 0.343990421875 0.4736820546875 0.41366124531250004 0.4396879046875
0 0.324280434375 0.5272602125 0.368732925 0.50286633125 0.32731644531250004 0.47747589062499995 0.2354159421875 0.5193838859375 0.239557784375 0.5307391531250001 0.27252595468749996 0.5638519578125 0.32832622968749997 0.5366995453125 0.324280434375 0.5272602125
0 0.31701893281250004 0.4827939859375 0.3154659734375 0.474804696875 0.2851970828125 0.4541566796875 0.2027583640625 0.48786893906250006 0.2045626671875 0.498573090625 0.228743234375 0.523444646875 0.31701893281250004 0.4827939859375
0 0.8408019390625 0.47546001875000005 0.843907021875 0.46363251562499996 0.8201075484375 0.45454052031250003 0.772849190625 0.50654385 0.7417841671875001 0.494291421875 0.7395571546874999 0.52132919375 0.783573515625 0.536052553125 0.8408019390625 0.47546001875000005
0 0.5616052859375 0.5596608453125 0.5894770312500001 0.570455478125 0.589520203125 0.592063553125 0.6825811296875 0.638823746875 0.7665930765625 0.5534870609375 0.7657816125 0.5407580515625 0.7403798734375 0.5319775078125 0.741603159375 0.542547959375 0.6845867375 0.5935381546875 0.5926712328125 0.556947846875 0.59303988125 0.5331812140625 0.5616052859375 0.5596608453125
0 0.4055354765625 0.6656553828125 0.40986292031250005 0.6793637578125 0.47976793281249996 0.7460059546875 0.595041946875 0.7252617609375 0.6541953390625 0.6638793484375001 0.6520489640625 0.6464214046875 0.59269004375 0.6126481671875 0.5991526078125 0.6458951796875 0.5048375609375 0.72741476875 0.43053757499999995 0.6595483625 0.42882460624999996 0.6507359 0.4055354765625 0.6656553828125
0 0.40151007656250004 0.6256991109375 0.3473810296875 0.586752275 0.342975725 0.57264333125 0.319297284375 0.5855599812500001 0.3215552875 0.5971764078125 0.38786645625 0.6624386703125 0.4227166609375 0.640699228125 0.41787794843750004 0.6179448046875 0.40151007656250004 0.6256991109375