0 0.6982385875 0.452512790625 0.6956813203125 0.44725690937499996 0.6823767125 0.4688972765625 0.6192017796875 0.4697101390625 0.619604109375 0.475074240625 0.6874918906249999 0.4747891375 0.6982385875 0.452512790625
0 0.6183347234375 0.46171045624999996 0.6155922109375 0.45078044375 0.6042260953125 0.46800271875000005 0.5479501390625 0.4678708578125 0.5464763687499999 0.474924528125 0.606488609375 0.474669334375 0.6183347234375 0.46171045624999996
0 0.5367165296875 0.42419727656250006 0.548562 0.4158582984375 0.5126258296875 0.4170315234375 0.493198928125 0.42860957656250004 0.49454727031249995 0.4316328546875 0.5346844484375 0.43270815156250003 0.536901775 0.4298714078125 0.5367165296875 0.42419727656250006
0 0.538182578125 0.472582415625 0.5436409125 0.46346740000000003 0.5411778765624999 0.4494988328125 0.50843559375 0.4487501265625 0.48488406875 0.466218753125 0.48542581875 0.47237352968749996 0.538182578125 0.472582415625
0 0.5376459765625 0.4294684328125 0.5169471140625 0.44616230625000003 0.5186054875 0.44940266875 0.5415343796875 0.449979475 0.5376459765625 0.4294684328125
0 0.43021936875 0.47368359687500006 0.4758447890625 0.47351942031250005 0.4992257015625 0.45662437968749997 0.49854453750000005 0.4496789296875 0.45552349843749995 0.4507426484375 0.428747528125 0.46687756562500005 0.43021936875 0.47368359687500006
0 0.5287461140625 0.43755977343749997 0.5279096125 0.43281573125 0.489493196875 0.43225227187500004 0.46617467812499996 0.44641878593750006 0.4655075015625 0.4503409578125 0.509427434375 0.45129275937499996 0.5287461140625 0.43755977343749997
0 0.6622870453124999 0.524253425 0.6609914109374999 0.514561234375 0.649554259375 0.51533783125 0.631297959375 0.5454253265625 0.6140594359375 0.54846494375 0.6165103046875 0.5600202375000001 0.6455152125 0.5627597343749999 0.6622870453124999 0.524253425
0 0.6363391218750001 0.5833923000000001 0.63466680625 0.5692195640625 0.6182542890625 0.567566571875 0.5932050171875 0.6083591390625 0.5457124234374999 0.6039191953125 0.5521935328125 0.6312982593750001 0.6050856234374999 0.6405731703125 0.6363391218750001 0.5833923000000001
0 0.42413430625000004 0.713815796875 0.5214681875 0.740704365625 0.555763678125 0.7335954546875 0.594330165625 0.6569372578125 0.590936125 0.6447215484375 0.5539375140625 0.6388445953125 0.5565297640625 0.6512016796875 0.517022065625 0.7131448687499999 0.4369891484375 0.6929479296875 0.43623578749999997 0.683986840625 0.42262660468749996 0.7029209171875 0.42413430625000004 0.713815796875
0 0.3129516046875 0.6834037140625 0.3993271875 0.709096034375 0.43347794687499996 0.675379196875 0.4289286703125 0.6613003859375 0.426006215625 0.6494148859375 0.3968075859375 0.6830852515625 0.3355451125 0.6661923390625 0.32830770625 0.6509340781249999 0.3071754265625 0.674088203125 0.3129516046875 0.6834037140625
0 0.445785875 0.5177855124999999 0.44583430625 0.508683046875 0.38971083125 0.50452488125 0.3497596796875 0.5334774421875 0.3511734546875 0.541495359375 0.40569334531249995 0.5459362828125001 0.445785875 0.5177855124999999
0 0.391472178125 0.5567110625 0.3868986875 0.547183484375 0.3329917609375 0.5438745625 0.2754002078125 0.5829647265625 0.276531228125 0.5893790625 0.3374412375 0.5972401953124999 0.391472178125 0.5567110625
0 0.38136270625 0.506410240625 0.335473696875 0.5016875421875 0.2910187640625 0.52854071875 0.29236185 0.5361577421875 0.34044416875 0.53925361875 0.3828239328125 0.512352990625 0.38136270625 0.506410240625
0 0.32400645625 0.5491791562499999 0.3224038515625 0.5424346140625 0.275147540625 0.5346461265625 0.21550503437500002 0.5691376046875 0.21720156406250002 0.5787591078125 0.26693394062500003 0.586524359375 0.32400645625 0.5491791562499999
0 0.31737124687499996 0.6123531640625 0.3158039875 0.6058090703125 0.25580278125 0.5913806046875 0.1765144171875 0.643390428125 0.181582728125 0.655724278125 0.24190203437500002 0.6719567734375 0.31737124687499996 0.6123531640625
0 0.24094639375 0.591520025 0.19420911875 0.581986575 0.10968685 0.6254119921875 0.1122558609375 0.6352930109375 0.1621286359375 0.6508873515625 0.2443878859375 0.6016605640625 0.24094639375 0.591520025