0 0.275701553125 0.4661511640625 0.34381605312499997 0.45317697343749996 0.34442421875 0.4456762703125 0.27853965625 0.45804229531249996 0.26070014375 0.438581009375 0.25907837031250003 0.44750076562499996 0.275701553125 0.4661511640625
0 0.35902018281250003 0.44871709531250004 0.4172013203125 0.43675651406249993 0.41679587656250006 0.4316884703125 0.3600337921875 0.44182455625 0.340775228125 0.42560681875000006 0.341180671875 0.43290480000000003 0.35902018281250003 0.44871709531250004
0 0.42733740625000005 0.43493201875 0.4772069515625 0.425201375 0.47761239531250005 0.4185115578125 0.44923135312499995 0.40553736718750005 0.41780948437500004 0.4099972453125 0.41902581562499996 0.42945853125 0.42733740625000005 0.43493201875
0 0.41760676406249997 0.41182174062500004 0.440311596875 0.408375471875 0.441122484375 0.40432103750000004 0.41578226718750005 0.3915495671875 0.41740404218749994 0.408375471875 0.41760676406249997 0.41182174062500004
0 0.4161877109375 0.390941403125 0.4220666421875 0.3929686203125 0.4599756046875 0.386278803125 0.46200282187499997 0.3826298125 0.43990615312500003 0.373507334375 0.40301079843750004 0.3789808203125 0.4159849890625 0.385062471875 0.4161877109375 0.390941403125
0 0.44983951875 0.40675369687499996 0.4909920296875 0.39925299375 0.492208359375 0.39377950625 0.4672735875 0.3830352546875 0.42774285 0.38992779375 0.42733740625000005 0.3974284984375 0.44983951875 0.40675369687499996
0 0.48835664687499997 0.42357960156249996 0.5337663140625 0.41384895781250003 0.53315815 0.4089836359375 0.501533559375 0.39621216718749996 0.46058377031250003 0.4057400890625 0.46078649218749995 0.41080813281250006 0.48835664687499997 0.42357960156249996
0 0.5678857046875 0.4789184421875 0.6226252031249999 0.46516038593750003 0.6223324781249999 0.457842271875 0.5746183703125001 0.43764427499999997 0.5257333625 0.45081688125 0.5257333625 0.45872044531249995 0.5678857046875 0.4789184421875
0 0.631406940625 0.462525865625 0.6764865265625 0.44935325937500004 0.677657425 0.44232786874999996 0.62906514375 0.42447166875000003 0.588376425 0.4361806515625 0.5869128031249999 0.4455478390625 0.631406940625 0.462525865625
0 0.644286821875 0.5181435375000001 0.7007826671874999 0.4964819171875 0.69990449375 0.48857835312500003 0.6425304749999999 0.46516038593750003 0.5851564546875 0.480382065625 0.5834001078125 0.491212875 0.644286821875 0.5181435375000001
0 0.7063444343749999 0.49326194687499997 0.75376581875 0.47540574687500003 0.7543512671875 0.466624009375 0.6920009296875 0.44466966562500004 0.6518976609375 0.4610622421875 0.6498485890625 0.4677949078125 0.7063444343749999 0.49326194687499997
0 0.7449840812499999 0.5661503703124999 0.79825995625 0.5395124328125 0.7997235796875 0.53160886875 0.720395215625 0.49618919375 0.66477754375 0.515801740625 0.66389936875 0.525168928125 0.7449840812499999 0.5661503703124999
0 0.8128961859375 0.533657940625 0.854463078125 0.509069075 0.8556339765625 0.5002873375 0.7748419890625 0.4727712265625 0.7329823734375001 0.49004197656250004 0.7303478515624999 0.4994091640625 0.8128961859375 0.533657940625
0 0.31393259218749997 0.5116658484375 0.341231078125 0.5438076140625 0.3689698625 0.5367628437499999 0.368089265625 0.5217927062500001 0.34959674375 0.5253150921875 0.32670123906250004 0.4966957109375 0.31349229375 0.50065839375 0.31393259218749997 0.5116658484375
0 0.35188969531250003 0.5572482578125 0.39377200625 0.6096990015625 0.44622275 0.58934498125 0.44465705624999996 0.561553915625 0.39690339375 0.579167971875 0.3655895171875 0.5427655890625 0.35188969531250003 0.5462884 0.35188969531250003 0.5572482578125
0 0.40672029531250004 0.6226159765625 0.4760022484375 0.6989435515625 0.5844265484375 0.6406214546875 0.5820780078125 0.6312272921875001 0.56642106875 0.61478750625 0.56642106875 0.6257473640625 0.4943991515625 0.6590183578125 0.442731253125 0.610090425 0.44507979375 0.594824909375 0.4086774125 0.610090425 0.40672029531250004 0.6226159765625
0 0.6000834859374999 0.6312272921875001 0.6826738375 0.5920849453125 0.6834566843750001 0.57995081875 0.658014159375 0.5658595734375 0.658014159375 0.5830822062500001 0.6047805687500001 0.60852473125 0.5683781859375 0.5803422421875 0.564072528125 0.6034362265625 0.6000834859374999 0.6312272921875001