0 0.5193259921875 0.43241782031250003 0.5296641015625 0.42578340312499996 0.5301043296875 0.40905021093749994 0.500719484375 0.40350021875 0.47250546406250005 0.415748584375 0.47105619218749994 0.4223900078125 0.5193259921875 0.43241782031250003
0 0.4886558296875 0.4071415296875 0.488587865625 0.4025477140625 0.447094665625 0.394712278125 0.41665649531250004 0.40706997187500005 0.4144822140625 0.41280984375 0.4604848375 0.4211684390625 0.4886558296875 0.4071415296875
0 0.5205827968750001 0.39436537656250004 0.519943096875 0.388576384375 0.4813835484375 0.38242180000000003 0.45542728125 0.392635484375 0.45610317343749995 0.39635101562499997 0.4977393046875 0.4044852453125 0.5205827968750001 0.39436537656250004
0 0.4957651671875 0.38178393593750004 0.50300159375 0.3830954421875 0.50251591875 0.38545735625 0.510929421875 0.38723385625 0.5112876749999999 0.383684525 0.519563415625 0.384866025 0.520943634375 0.390667940625 0.527473146875 0.39004116718750004 0.5285900156250001 0.38546803125 0.5423733000000001 0.3766715109375 0.5082336093750001 0.37192741875 0.48660338750000004 0.380438821875 0.4878872078125 0.38327606875 0.4934944859375 0.3845591390625 0.4957651671875 0.38178393593750004
0 0.6042207328125 0.4321218703125 0.6035758625 0.4266290890625 0.5859082640625 0.437283753125 0.5337282937500001 0.430595121875 0.5321722828125 0.4348642921875 0.5875252328125 0.44649723437500005 0.6042207328125 0.4321218703125
0 0.6034189171875 0.4441079734375 0.6029022203125 0.44824713593750004 0.6666919421874999 0.460323640625 0.681965859375 0.442516028125 0.6811883953125 0.4361320359375 0.666213271875 0.4537967140625 0.6034189171875 0.4441079734375
0 0.6333593140625 0.502705128125 0.6343565171875001 0.49650026093750005 0.6205019328125 0.49240654531250005 0.6208480109375001 0.4980422625 0.5998272140625 0.5225644328125 0.5853828015625 0.518312271875 0.5837887609375 0.5332475328124999 0.6060568468749999 0.5391177484375 0.6333593140625 0.502705128125
0 0.597070521875 0.553183228125 0.5959994359375 0.5466459609375 0.598750621875 0.5418050562500001 0.5828199953125 0.5378232515625 0.5834622796875 0.5434641375 0.555039609375 0.576153471875 0.5100015 0.5592190515625 0.5078992671875 0.5862936859375 0.557970334375 0.6034641078125 0.597070521875 0.553183228125
0 0.3721634921875 0.6474804796875 0.48078991093749995 0.6965176828125 0.543498465625 0.617759765625 0.5444380453125001 0.6063686671874999 0.5074784546875 0.5934271390625 0.5074712156250001 0.59384183125 0.5083587546875 0.6108944984375 0.46213922500000004 0.66164370625 0.3867124 0.628771315625 0.38651959687500004 0.6228419749999999 0.37134650156250004 0.6348735234375 0.3721634921875 0.6474804796875
0 0.263825009375 0.5989223781249999 0.3466914015625 0.6384432 0.360809671875 0.627430284375 0.360489446875 0.6203135265624999 0.377915128125 0.6065435046875 0.3848424203125 0.6085903640625 0.383463284375 0.585751290625 0.34902613125 0.6107800250000001 0.2909997171875 0.5868040203125 0.2879740890625 0.5734177671875 0.26298475312499997 0.5876483625 0.263825009375 0.5989223781249999
0 0.4243008453125 0.4582603203125 0.42536578281250004 0.4514653359375 0.37278475 0.43862378125 0.3241568453125 0.459540553125 0.324406459375 0.46692627968749995 0.379234871875 0.481131925 0.4243008453125 0.4582603203125
0 0.3615355953125 0.44334833749999997 0.361840396875 0.4367293515625 0.3166318796875 0.42439501562500004 0.26517245625 0.44488383281250005 0.2662218390625 0.4498230625 0.3125556953125 0.462744840625 0.3615355953125 0.44334833749999997
0 0.29613847187500003 0.4707859765625 0.29663908437500003 0.4637918765625 0.24806775625 0.448938384375 0.1823351484375 0.4739097109375 0.1825946703125 0.48072781249999996 0.2324673390625 0.49692887968750005 0.29613847187500003 0.4707859765625
0 0.3618286703125 0.49161625468750003 0.36350746875 0.4821822625 0.3083138515625 0.4672131796875 0.24235570625 0.49426249218749996 0.2424095078125 0.502023334375 0.2990243171875 0.52231666875 0.3618286703125 0.49161625468750003
0 0.28034980468750004 0.529561340625 0.28012000625 0.5210403625 0.2201797546875 0.5004240109375 0.13057814375000001 0.5374702484375 0.133234621875 0.5479262421875 0.1949810875 0.5734950359375001 0.28034980468750004 0.529561340625
0 0.2074070265625 0.5056897734375 0.20679220781250002 0.49754060781250004 0.15767485781249999 0.4792708 0.0672427984375 0.5096782359375001 0.067635384375 0.51971618125 0.1193289890625 0.5421948078125001 0.2074070265625 0.5056897734375