0 0.8801426031249999 0.40257640781250004 0.8778286671875 0.39288375625 0.8314155578125 0.42369778125 0.7423727578125 0.40290218906249997 0.7407314859375 0.40927602500000004 0.83706644375 0.43383145624999997 0.8801426031249999 0.40257640781250004
0 0.6680806234375 0.554896440625 0.7473907109375 0.5021470859375 0.7481410312500001 0.48558961875 0.7241459906250001 0.4752284234375 0.7216544890625001 0.488639859375 0.671195165625 0.5234727328125001 0.6279968375 0.5030640875 0.6242640390624999 0.5316100078125 0.6680806234375 0.554896440625
0 0.4474153671875 0.557326025 0.4464285859375 0.5733188234375 0.5428335015625 0.64799576875 0.6480997734375 0.573967315625 0.64697524375 0.5565685874999999 0.6265478328125 0.5412563031250001 0.625368740625 0.5505056796875001 0.5500313171875 0.5984536609375 0.4856955390625 0.5539769437500001 0.48360909531249996 0.5346740640625 0.4474153671875 0.557326025
0 0.2782566171875 0.6464882249999999 0.28100908593749996 0.6597679109375 0.3390053859375 0.7545069640625 0.3868605203125 0.7515131671875 0.510536809375 0.6742834 0.5096491359375 0.6505013625 0.447760275 0.5930853968750001 0.45703380156250006 0.6399934671875 0.34591696875 0.7153291015625001 0.3022803421875 0.6483630390624999 0.29727845625 0.6320988578125 0.2782566171875 0.6464882249999999
0 0.3726906828125 0.5046679609375 0.4374070171875 0.5531413109375001 0.48249192343749997 0.52773785625 0.4826917984375 0.50772445 0.44555670156250005 0.523653690625 0.40435652656250004 0.4931188625 0.4015918421875 0.47824187343749996 0.3736104171875 0.492882565625 0.3726906828125 0.5046679609375
0 0.42810313281249995 0.4220057921875 0.45901505625 0.4096653328125 0.47115975 0.4163116234375 0.5001781828125 0.40876211093750003 0.5011058546875 0.40174301874999996 0.45229749999999996 0.3813449953125 0.38686371406250003 0.4044145390625 0.390377940625 0.4137430984375 0.42248491093749996 0.42827893125000005 0.42810313281249995 0.4220057921875
0 0.31695665625 0.464857153125 0.32343142812500003 0.4719061671875 0.32746455625 0.474482346875 0.3926166796875 0.44915775937499997 0.39096721875 0.437000134375 0.40255442343750003 0.4321786421875 0.3666741046875 0.41042099062500004 0.2865592984375 0.4388120625 0.2873985234375 0.44840444531249996 0.31047450312499997 0.46776749375 0.31695665625 0.464857153125
0 0.29389490625 0.47243995625 0.26371193125 0.4454973984375 0.163136984375 0.47772882499999997 0.18703743281250002 0.5266029624999999 0.2270312578125 0.51168073125 0.222475015625 0.499777415625 0.29389490625 0.47243995625
0 0.44349057187499996 0.3852622515625 0.44473425312500003 0.3786436953125 0.407355190625 0.362124309375 0.348601853125 0.381065225 0.3467411921875 0.3895604875 0.3819528046875 0.40809223125000005 0.44349057187499996 0.3852622515625
0 0.35748438125000004 0.41413878750000005 0.359290103125 0.407991840625 0.328481215625 0.38621062031250003 0.255392459375 0.4079680609375 0.255779959375 0.4183497546875 0.2829936875 0.44070590000000004 0.35748438125000004 0.41413878750000005
0 0.2531664390625 0.44800246406250005 0.254297078125 0.44009185000000006 0.2312954875 0.41528407031250003 0.1413827921875 0.44111731406250004 0.1406785453125 0.44794906562500003 0.1580563359375 0.4828832890625 0.2531664390625 0.44800246406250005
0 0.7416362046875 0.39120584375 0.7440008031249999 0.37954181249999996 0.7161890734374999 0.39499451875 0.6520902640624999 0.37664656875 0.6470382296875 0.38437948125 0.72162205 0.4064971296875 0.7416362046875 0.39120584375
0 0.646169396875 0.37742496718749996 0.6502074640625 0.343220996875 0.629150171875 0.34063664375 0.5824065468749999 0.35696450625 0.5817249062500001 0.36405466875000003 0.6411594171874999 0.3796860140625 0.646169396875 0.37742496718749996
0 0.6147598140625 0.3458014859375 0.6150473953125 0.33718345781250003 0.56972855 0.32812885 0.523950746875 0.34359104375 0.52592105 0.3512303609375 0.5732522515625 0.3624524203125 0.6147598140625 0.3458014859375
0 0.65127028125 0.334535146875 0.6502949703125 0.3174347421875 0.6218762171875001 0.31106780624999997 0.5845355750000001 0.324750284375 0.5824165031249999 0.33326815625 0.6312077453125 0.3433209171875 0.65127028125 0.334535146875
0 0.6869831375000001 0.302247009375 0.6666881953125 0.2964712796875 0.6325163218750001 0.3106576984375 0.631372796875 0.315444759375 0.6503078546875 0.3205582953125 0.6516645765625 0.31523179843750004 0.6869831375000001 0.302247009375