0 0.663537925 0.4735167921875 0.5578547421875 0.44849933750000004 0.48093823281250003 0.5034257796875 0.4799698046875 0.515077553125 0.5881812234375 0.5591503578125 0.6658814265624999 0.4901095890625 0.663537925 0.4735167921875
0 0.5701838625 0.564853215625 0.46036357499999997 0.5200643640625 0.345634209375 0.5982134625 0.35386263281249997 0.61483809375 0.45545553281249995 0.6898850140625 0.5741637625 0.5823036765625 0.5701838625 0.564853215625
0 0.4367144328125 0.5087887125 0.3630288484375 0.47902123750000003 0.2634535375 0.53835210625 0.267197953125 0.5470302390625 0.333030578125 0.5953725015625 0.4419692171875 0.5207005 0.4367144328125 0.5087887125
0 0.3445562140625 0.4732059796875 0.2959989609375 0.45325088593749996 0.201491353125 0.496311984375 0.20465338281249998 0.5080426890624999 0.24884338593750002 0.5403102203125 0.3497008875 0.484551296875 0.3445562140625 0.4732059796875
0 0.317328475 0.44352005156249996 0.3192083140625 0.45167881093749995 0.37268271406250003 0.47273566562499997 0.44442141093750004 0.433512521875 0.44380053906250005 0.42275755000000004 0.3889331875 0.408144128125 0.317328475 0.44352005156249996
0 0.38815052968749997 0.469141153125 0.3899593953125 0.47995913906250004 0.4652342796875 0.5088298124999999 0.540058034375 0.4537222859375 0.53790291875 0.44414735 0.464554971875 0.425189903125 0.38815052968749997 0.469141153125
0 0.6049672562499999 0.421705390625 0.7032710640625 0.44051489843749997 0.7508094109375001 0.39776559843750003 0.7500233749999999 0.386160921875 0.7297253 0.3830519859375 0.7306532828125001 0.3893382109375 0.6990792296875 0.41516934375 0.6276346703125 0.40524788906250003 0.6275252124999999 0.3940995703125 0.6051960890625 0.41078525312499997 0.6049672562499999 0.421705390625
0 0.7750899609374999 0.344967565625 0.7731868375000001 0.3505003953125 0.7492518968749999 0.3724287359375 0.73072384375 0.37007303125 0.7300696078125 0.3779445515625 0.7405773671875 0.378880646875 0.741756803125 0.3869914578125 0.7536357828125 0.388852453125 0.7898861562499999 0.358771615625 0.7910189703125 0.347232753125 0.7750899609374999 0.344967565625
0 0.5089366359375 0.3957096671875 0.5112269375 0.4034059734375 0.5827557953125 0.4169052578125 0.6287646812500001 0.3849275578125 0.6289833484375 0.37277209375 0.6104181015625 0.370225046875 0.6122195140625 0.3764278 0.5767829046874999 0.39741466875000003 0.5258707499999999 0.3888436921875 0.5250153015625 0.3844427921875 0.5089366359375 0.3957096671875
0 0.43482979843749997 0.3852929390625 0.4357542578125 0.3910704359375 0.4920397140625 0.4027669828125 0.5237610375 0.3830980125 0.5218005390625 0.370968990625 0.491248784375 0.3864391578125 0.450908021875 0.381174784375 0.44971245625 0.37604570625 0.43482979843749997 0.3852929390625
0 0.416245865625 0.35197307499999997 0.36807280000000003 0.3713808234375 0.3328431421875 0.366144765625 0.3341952875 0.37310095312499997 0.367996665625 0.37987012343750004 0.418475946875 0.358601675 0.416245865625 0.35197307499999997
0 0.352244834375 0.37634069062500003 0.320585703125 0.370096721875 0.2620622890625 0.3927718546875 0.26419993750000004 0.39973229374999997 0.295085965625 0.409265240625 0.35585680625 0.384426965625 0.352244834375 0.37634069062500003
0 0.314587134375 0.37314594843750004 0.31225187499999996 0.36920569062499997 0.284658725 0.365310078125 0.231083828125 0.38357074375 0.2329232828125 0.38980446875 0.2597684734375 0.3979257828125 0.2665737875 0.39095329843750004 0.314587134375 0.37314594843750004
0 0.23285209375 0.3862087953125 0.232507859375 0.38282313437500004 0.277215228125 0.3673846890625 0.27726586875 0.36360840156249996 0.253814490625 0.35922158125000003 0.20165937343749998 0.3775201390625 0.20411221249999997 0.38206528125 0.224740675 0.38888404374999996 0.23285209375 0.3862087953125
0 0.154228971875 0.41043688906250003 0.2091439640625 0.39018945 0.208570771875 0.3872406296875 0.18997742812500001 0.3812032953125 0.1284465796875 0.4013243109375 0.1322476640625 0.40796140937500003 0.1470036328125 0.41686327968750003 0.1544807734375 0.4141543875 0.154228971875 0.41043688906250003
0 0.24092492499999998 0.3962528015625 0.21827179375 0.389513725 0.15543449375 0.41098723593750003 0.156118715625 0.4185440609375 0.1767344296875 0.4277193296875 0.24265529843750003 0.4003106359375 0.24092492499999998 0.3962528015625
0 0.27765795 0.40841565312499994 0.2476792515625 0.39870633906249997 0.1793179421875 0.42486311718750003 0.1820813734375 0.4334282015625 0.20889682031249998 0.4470480296875 0.28195874062500004 0.41762351718749996 0.27765795 0.40841565312499994