0 0.5038895671875 0.415746015625 0.478732084375 0.406126978125 0.47725223281250007 0.41648594218749996 0.502779678125 0.42992792968750004 0.542365715625 0.41278631250000003 0.542859 0.4085933984375 0.532006753125 0.4039072015625 0.5038895671875 0.415746015625
0 0.477992159375 0.427091546875 0.44691526875000004 0.4386837203125 0.41953800937499997 0.42141878125 0.4118921078125 0.4273381890625 0.411398825 0.43202438593750003 0.4479018375 0.45175574531249996 0.49402388750000004 0.4335042390625 0.4925440359375 0.427091546875 0.477992159375 0.420185571875 0.477992159375 0.427091546875
0 0.40769919374999997 0.4154993734375 0.38426820625 0.40020757187499995 0.372922675 0.40464712656249996 0.37390924375 0.410566534375 0.4037529234375 0.4251184109375 0.421264503125 0.4199389296875 0.42077121875 0.41155310156249997 0.40769919374999997 0.4154993734375
0 0.36650998437500004 0.394781446875 0.34998497031250003 0.38294263281249996 0.33937936562500004 0.3873821875 0.33937936562500004 0.3920683859375 0.36429020625 0.405387053125 0.38426820625 0.399221003125 0.3845148484375 0.3915751015625 0.36650998437500004 0.394781446875
0 0.30583605625 0.45718186875000005 0.306329340625 0.46359456093749996 0.33814615625 0.48998525156249995 0.3975868734375 0.4655676953125 0.396107021875 0.45742851093750003 0.36182378593750003 0.4374505109375 0.30583605625 0.45718186875000005
0 0.32729390937499997 0.41426616406249994 0.27278603125 0.43153110312500004 0.27426588281250003 0.43597065781250005 0.2981901546875 0.45570201718750003 0.35467116875000004 0.4369572265625 0.353437959375 0.43202438593750003 0.32729390937499997 0.41426616406249994
0 0.2947371671875 0.3955213734375 0.24417556093749998 0.41007325000000006 0.2449154875 0.415746015625 0.26563341406249996 0.4325176703125 0.31989465 0.41648594218749996 0.31890808125 0.41155310156249997 0.2947371671875 0.3955213734375
0 0.1706762515625 0.4285713984375 0.171169534375 0.4342441640625 0.1906542515625 0.4529889546875 0.252314746875 0.4347374484375 0.2510815359375 0.4300512515625 0.2311035359375 0.41155310156249997 0.1706762515625 0.4285713984375
0 0.221731140625 0.4857923390625 0.22321099218749998 0.49245167187499994 0.2498483265625 0.5240218453125001 0.32137450156249997 0.495164734375 0.32236106875 0.48677890625 0.28931104375 0.46236135 0.221731140625 0.4857923390625
0 0.4520947515625 0.5176091546875 0.45308131874999996 0.5255016968749999 0.5073425546875 0.5637312046875 0.5645634937499999 0.5282147593750001 0.5662899875 0.5208155 0.509808975 0.4897386109375 0.4520947515625 0.5176091546875
0 0.365523415625 0.55830508125 0.367249909375 0.566197625 0.4175648734375 0.6137995265625 0.4920507515625 0.569157328125 0.48983097343750004 0.5615114265625001 0.4385294421875 0.5245151296875 0.365523415625 0.55830508125
0 0.4350764546875 0.61932430625 0.4348298125 0.6267235671875 0.5033962828125 0.6893706296875 0.5805952234375 0.6324456609375 0.5801019390625 0.6220866968750001 0.5105489000000001 0.5740901671875001 0.4350764546875 0.61932430625
0 0.5944071734375 0.6210508015625 0.6501482625 0.57591531875 0.6501482625 0.569255984375 0.581581790625 0.5290533421875 0.52460749375 0.564076503125 0.523620925 0.570982478125 0.5944071734375 0.6210508015625
0 0.5931739640625 0.5285600578125 0.6600139406250001 0.568022775 0.6991806875 0.5391656625000001 0.6989340453125 0.53398618125 0.6698302921875 0.55667724375 0.5992906859375 0.524860428125 0.600819865625 0.5174611687499999 0.592927321875 0.5221473671875 0.5931739640625 0.5285600578125
0 0.566783271875 0.508976684375 0.5194280124999999 0.48332591875 0.517948159375 0.4897386109375 0.5744291734375 0.5205688578125 0.6032862859375 0.5050304125 0.6018064328125 0.49072517812500005 0.566783271875 0.508976684375
0 0.781115153125 0.6189790078125 0.6903509046875 0.5679241187499999 0.6856647078125 0.5745834515625 0.6851714234374999 0.5814894265625 0.7771688812499999 0.6327909593750001 0.8168782406249999 0.585682340625 0.8166315984375 0.57926965 0.7813617953125 0.61922565 0.781115153125 0.6189790078125
0 0.6175915203125 0.628351403125 0.618331446875 0.638957009375 0.7125486828125001 0.703330565625 0.767303203125 0.6416700703125 0.7685364125 0.634517453125 0.6745658171875 0.5824759953124999 0.6175915203125 0.628351403125