0 0.465486234375 0.6354311640625 0.371772771875 0.6311365015625 0.371645921875 0.641751078125 0.46597800468750006 0.645722815625 0.465486234375 0.6354311640625
0 0.5866913031250001 0.64111873125 0.48768416718749996 0.637540725 0.48814325781249995 0.6459601765625 0.586531771875 0.649861109375 0.5866913031250001 0.64111873125
0 0.3739928421875 0.5973878906250001 0.37278441562500003 0.581802565625 0.303754259375 0.5789498234375 0.26341008593750004 0.6280339265625 0.26449869062500003 0.6367545156250001 0.3535044203125 0.6395707125000001 0.374381128125 0.601750909375 0.3739928421875 0.5973878906250001
0 0.15595626875 0.6233548437499999 0.158276665625 0.6311175484375 0.24446865 0.63367073125 0.28705696718749996 0.5879808703125 0.284725678125 0.5795940984375 0.210396403125 0.5771459812499999 0.15595626875 0.6233548437499999
0 0.22877368593749997 0.5749524328125 0.299008403125 0.5752871234375 0.3293441453125 0.542920521875 0.32768594218749997 0.5373311562499999 0.264272384375 0.534380375 0.22488223125 0.56659289375 0.22877368593749997 0.5749524328125
0 0.274241109375 0.5332699859375001 0.3351202734375 0.53408010625 0.3584317546875 0.51057570625 0.356122253125 0.5034370671875 0.300854240625 0.5022168765624999 0.27288949218749997 0.527363140625 0.274241109375 0.5332699859375001
0 0.36990618125 0.5063177515625 0.34690128593749997 0.5295046703125 0.3488715234375 0.535088590625 0.3919647921875 0.5362091640625 0.3946641609375 0.5299194796875 0.40274434687499994 0.5279056703125 0.40195688125 0.518555565625 0.41048684375000005 0.5065457984374999 0.36990618125 0.5063177515625
0 0.316213803125 0.577483828125 0.37211677656250003 0.57931719375 0.37034964062500003 0.5674871625 0.391663653125 0.536838678125 0.343906225 0.5367359031250001 0.315916178125 0.5693736875 0.316213803125 0.577483828125
0 0.309955059375 0.47733348593749997 0.35579715156249997 0.4778503515625 0.3712353625 0.4644104546875 0.3719219265625 0.4584717796875 0.3281795640625 0.4575231515625 0.30999709375 0.4721962875 0.309955059375 0.47733348593749997
0 0.33582067968749996 0.4576531828125 0.37879144375 0.459668915625 0.3904389703125 0.4478756328125 0.3886606890625 0.4440872515625 0.3496628328125 0.44331921406249997 0.3350980078125 0.453978078125 0.33582067968749996 0.4576531828125
0 0.36830062343750003 0.476671040625 0.415368328125 0.478012428125 0.4270313609375 0.464650865625 0.42622567343749995 0.4597982796875 0.3824171375 0.459301234375 0.36788677187499996 0.47361407812499995 0.36830062343750003 0.476671040625
0 0.388344584375 0.45811629375 0.430019128125 0.46027280312499996 0.43920665937500003 0.44965814687499994 0.4380405875 0.44481184999999995 0.39908464062500004 0.44350911875000004 0.387194240625 0.45417095312500005 0.388344584375 0.45811629375
0 0.4012312109375 0.44257041875 0.440398803125 0.4456719171875 0.44762624375 0.4363532 0.446485334375 0.4329484328125 0.411857128125 0.43175040937500003 0.4010069875 0.4400508828125 0.4012312109375 0.44257041875
0 0.354014765625 0.443034090625 0.3931634859375 0.44505444375 0.40325826249999996 0.43478444375 0.4017538265625 0.43120577656250003 0.3673058109375 0.4300046046875 0.35272511875 0.4414343859375 0.354014765625 0.443034090625