0 0.3441873640625 0.5657931625 0.3431174375 0.5557861171875 0.327669428125 0.5525320703125 0.3283089984375 0.563460496875 0.2903287796875 0.6244201484375 0.1953137453125 0.6039410296875001 0.19310586093749998 0.5713507984375 0.15030216406250002 0.6080058375 0.1508544140625 0.6206761000000001 0.2913862171875 0.6500027828125 0.3441873640625 0.5657931625
0 0.329299853125 0.545436871875 0.3529560875 0.550412065625 0.3852674 0.49664201406249997 0.38454050781250004 0.487455421875 0.3671556171875 0.48382488281249997 0.3420730453125 0.5236733015625 0.330989828125 0.5225239765625 0.329299853125 0.545436871875
0 0.3456308921875 0.635923565625 0.349314178125 0.6014633609375 0.322117475 0.64572499375 0.3220019625 0.6592453640625 0.4647106640625 0.687713775 0.48394521562500004 0.5861753640625 0.4600704015625 0.5810320531250001 0.44155370156249996 0.6543178125 0.3456308921875 0.635923565625
0 0.48108872187499996 0.5052174593750001 0.47101699999999996 0.54798369375 0.4649778453125 0.5493223828125 0.463391359375 0.56006936875 0.46277331562499996 0.5710045984375001 0.485094540625 0.5750921453125 0.4974649140625 0.5101594765625 0.48108872187499996 0.5052174593750001
0 0.511611696875 0.46064760624999995 0.5019743390625 0.4585230359375 0.484961371875 0.4878796296875 0.482278865625 0.501679925 0.50160064375 0.5056869578125001 0.511611696875 0.46064760624999995
0 0.416025121875 0.4418162 0.3986872921875 0.43794354999999996 0.38055925468749996 0.46683213749999997 0.3671961171875 0.46448586562500005 0.3678555375 0.47014172656250003 0.36862948906250004 0.479086209375 0.39405653125 0.4850337578125 0.414808325 0.4493686859375 0.416025121875 0.4418162
0 0.43926493281249995 0.4011070671875 0.378495203125 0.389294628125 0.3778028875 0.3954415140625 0.441625928125 0.408349971875 0.457018396875 0.38345229375 0.455256153125 0.37959213125 0.4516244953125 0.378886209375 0.43926493281249995 0.4011070671875
0 0.5185898484375 0.4182850765625 0.461061678125 0.406600215625 0.45960845624999996 0.397272440625 0.4549488078125 0.41219597031250005 0.517117334375 0.42327527343750004 0.5185898484375 0.4182850765625
0 0.5942694984375 0.4322419359375 0.591685684375 0.41063399531250006 0.5345544140625 0.40078509375 0.531253865625 0.42552061874999997 0.5928037890625 0.43848974687500003 0.5942694984375 0.4322419359375
0 0.5969032671875001 0.3915475265625 0.64735636875 0.4008521 0.6487818187500001 0.3961040125 0.6424727828125001 0.383319778125 0.5958866453125 0.37351057499999996 0.5950395375 0.3778685640625 0.5969032671875001 0.3915475265625
0 0.59962826875 0.4124291359375 0.655508725 0.42354245468749996 0.656887115625 0.4190364796875 0.65040968125 0.40194812031250005 0.5989881390625 0.39245530156249997 0.597851859375 0.3970083390625 0.59962826875 0.4124291359375
0 0.6081038109375 0.4412125109375 0.6707163 0.4538856640625 0.6724711828125 0.44744280312500007 0.6624896703125 0.42640696250000004 0.604914440625 0.41496421406249995 0.60261466875 0.4190398328125 0.6081038109375 0.4412125109375
0 0.576164425 0.5279696953124999 0.6656982375 0.5456245640625 0.66750018125 0.5389395953125 0.6537577578125 0.4933031671875 0.5764774546875 0.47853265624999997 0.5737541312500001 0.484787271875 0.576164425 0.5279696953124999
0 0.5779447453125 0.606708346875 0.6896988578125 0.6276773703125 0.693175165625 0.6175489890625 0.67294850625 0.553566590625 0.5769786359375 0.535414453125 0.575096175 0.545098871875 0.5779447453125 0.606708346875
0 0.5858543390625 0.727593509375 0.73369651875 0.7580899249999999 0.737791428125 0.746071721875 0.703600640625 0.6401786765625 0.5847039890625 0.613298634375 0.5802257843749999 0.6259961078125 0.5858543390625 0.727593509375
0 0.7689102640625001 0.7669448515624999 0.9176738249999999 0.797871625 0.9287360734375 0.7862027015625 0.85153694375 0.670190871875 0.7312550984375 0.6465591921875 0.724725478125 0.6555915531250001 0.7689102640625001 0.7669448515624999
0 0.7155037531249999 0.631939559375 0.82756064375 0.6552287609375 0.8337336234375 0.64286071875 0.78711691875 0.573748615625 0.6938573265625 0.55587204375 0.6897420078125001 0.5641174078125 0.7155037531249999 0.631939559375
0 0.6871990078125 0.55005515 0.777936571875 0.5666877109375 0.7794759953125 0.5561828375 0.7503598359375 0.5120807093749999 0.6725953109375 0.497216075 0.670901096875 0.5059320515625 0.6871990078125 0.55005515