0 0.2228230734375 0.5292975515625 0.221404371875 0.538076459375 0.25577968906250004 0.5154013921875 0.33374684062500004 0.5451721187499999 0.33604358125 0.5374774984374999 0.25395804843750003 0.5067779125 0.2228230734375 0.5292975515625
0 0.3316953921875 0.55289251875 0.330006359375 0.5666030265625001 0.3598905796875 0.5536239484375 0.4172783390625 0.5762716828125 0.4180259921875 0.5691582484375 0.35166559375 0.54457545 0.3316953921875 0.55289251875
0 0.38365516093749996 0.6407472109375 0.4116632 0.6484024749999999 0.44036716406250004 0.6425400156250001 0.44117773906249996 0.6382761328125001 0.4111884625 0.628781728125 0.4107740265625 0.6327248234375 0.38365516093749996 0.6407472109375
0 0.4133473078125 0.6203104749999999 0.4107734859375 0.629281746875 0.4487716703125 0.6401615578125 0.4842390703125 0.6337414828125 0.48509646875 0.6273079828125 0.440805796875 0.612504996875 0.4133473078125 0.6203104749999999
0 0.41991641093750004 0.5836713312499999 0.41512776875 0.605094625 0.441607765625 0.6134953453125 0.48059305312499995 0.6029147265625 0.481290059375 0.59628315625 0.428121765625 0.5745671140625 0.42014192499999997 0.5780774765625 0.41991641093750004 0.5836713312499999
0 0.4532099140625 0.6100032796875 0.4529655609375 0.6157763671875001 0.494304028125 0.632806025 0.5373174515625 0.6235548390625001 0.539391796875 0.6176116671874999 0.49163866875 0.599545378125 0.4532099140625 0.6100032796875
0 0.3229457515625 0.45623181874999996 0.3206399359375 0.467355828125 0.3442197984375 0.47551735156249997 0.38681509062499997 0.43793876562499995 0.42119487187500004 0.45689681093749995 0.42719573281249995 0.42683835625000005 0.387313028125 0.406165290625 0.3229457515625 0.45623181874999996
0 0.6031896640625 0.41237361874999995 0.5912655296875 0.4014589359375 0.5905531749999999 0.3866077953125 0.50584185625 0.31121107187499997 0.4060364515625 0.3848321640625 0.4019565375 0.40202120625 0.42769706406249997 0.4166613234375 0.428139315625 0.4070463984375 0.49493396250000005 0.3663280875 0.565972346875 0.40959855625 0.5615683421875 0.43527830625 0.6031896640625 0.41237361874999995
0 0.6869523078124999 0.47516763749999996 0.6150243296875 0.41873235312499996 0.560356353125 0.44140241874999997 0.56308251875 0.46953653125 0.6094674171875 0.4499741078125 0.6563638296875001 0.48502397343750003 0.6576382921875 0.49993419218749996 0.688078221875 0.4860840171875 0.6869523078124999 0.47516763749999996
0 0.5785529875 0.26827301718749996 0.5361332375 0.2933670578125 0.5333260890625 0.3146681 0.58915885625 0.3620235734375 0.59042483125 0.32294269062500003 0.6505028687500001 0.2758352546875 0.5785529875 0.26827301718749996
0 0.762843575 0.3370864046875 0.7929881046875 0.32604677187500003 0.7975119671875001 0.3100410265625 0.7797878109374999 0.28942365 0.7362434515625 0.284846953125 0.7684629625 0.326878984375 0.762843575 0.3370864046875
0 0.86705145 0.416237253125 0.8094377984375001 0.33175393125 0.774857178125 0.3525570359375 0.7769317671875 0.376076121875 0.7947403000000001 0.3688547859375 0.8386810171875 0.421211853125 0.842085753125 0.43748260937500005 0.8707211984375001 0.42457941093749996 0.86705145 0.416237253125
0 0.6393131734375 0.54838178125 0.5890429921875 0.563033271875 0.580490278125 0.55659681875 0.56054383125 0.563729575 0.5603914249999999 0.5722044328125 0.609591453125 0.595833990625 0.677445125 0.57896974375 0.6780010437499999 0.5701681296875 0.6393131734375 0.54838178125
0 0.6218514296875 0.5915850375 0.6186244359375 0.6012134171875 0.6596949999999999 0.62140435625 0.7267230109375 0.6088833515625 0.7282592015625 0.601292271875 0.6903016015625 0.579582678125 0.6218514296875 0.5915850375
0 0.7597813437500001 0.5156357640625 0.7419873296875 0.5233639203125 0.7343951484375 0.5148134109375 0.66029580625 0.5313903796874999 0.6605282734375 0.54322820625 0.653398825 0.5443247140625 0.702965090625 0.5750069671875 0.7923222421875 0.55375779375 0.7938968109375 0.5458015796875 0.7597813437500001 0.5156357640625
0 0.8533446625 0.4789544296875 0.8552876734374999 0.49207954843749996 0.7798626625 0.5107321953125 0.82189706875 0.54985203125 0.949784171875 0.5237924734375 0.9502435968749999 0.5123965375 0.917566725 0.465031003125 0.8533446625 0.4789544296875
0 0.831985975 0.54869740625 0.834793025 0.5571141484375 0.8642582328125 0.5893753796875 0.980250496875 0.5676031515625 0.9790574937500001 0.55787938125 0.9541460515625 0.520928409375 0.831985975 0.54869740625
0 0.71097831875 0.572526675 0.7126899640625 0.5808282828125 0.750340546875 0.6054589578125 0.8324728578125 0.5897262875 0.8335474203125001 0.5795025093749999 0.7993749390625 0.5533915578124999 0.71097831875 0.572526675