0 1 0.496762871875 0.962009390625 0.5062141375 0.8612156531249999 0.45738049687500004 0.85393353125 0.466099121875 0.9612959625 0.5198271453125 1 0.5119577421875 1 0.496762871875
0 0.8605006859375001 0.4527690984375 0.8670626421875 0.4363835328125 0.8292270109375 0.44140362812499995 0.7664952484375 0.41049019531250003 0.76354558125 0.41716080624999996 0.8378512375 0.45690510156249997 0.8605006859375001 0.4527690984375
0 0.776509378125 0.3628865625 0.7831905640625 0.3442259546875 0.7583423375 0.33227769375 0.71621593125 0.3380544578125 0.713563328125 0.3451395265625 0.7581103265625 0.3657244609375 0.776509378125 0.3628865625
0 0.7636448203125 0.4040563234375 0.7733760421875 0.37072717499999996 0.7543561328124999 0.36364694375 0.70301033125 0.3712218296875 0.7010167171874999 0.3802425109375 0.75422670625 0.40964618281250004 0.7636448203125 0.4040563234375
0 0.7403403843749999 0.36951821093750004 0.7442696109375 0.359838540625 0.6995835125000001 0.341907825 0.647678078125 0.34565123125 0.6455851046875 0.35656778125 0.6896734421875 0.3786495359375 0.7403403843749999 0.36951821093750004
0 0.5154047703125 0.4015526125 0.546915178125 0.39890650625 0.55880473125 0.40984360468750003 0.58905188125 0.40670154375 0.5919808640625 0.39181380312499997 0.5606446734375 0.36653530624999997 0.49051962812500005 0.37618245156249996 0.4895744640625 0.3860171609375 0.508480225 0.40247896250000004 0.5154047703125 0.4015526125
0 0.5520831078125 0.367399946875 0.5530464515625 0.3626779390625 0.525374378125 0.339751475 0.46183810000000003 0.345489421875 0.4611760953125 0.353567971875 0.48481513125 0.3760444453125 0.5520831078125 0.367399946875
0 0.4749316484375 0.40526940156249996 0.4925280328125 0.40189634375 0.46877574062500005 0.377027684375 0.391500503125 0.38538635 0.3896112296875 0.3941164546875 0.40791715 0.427290171875 0.47345697031249995 0.419748228125 0.4749316484375 0.40526940156249996
0 0.46145362968750003 0.3798228 0.4638437890625 0.3706416953125 0.4412938265625 0.345597425 0.3712949109375 0.351712553125 0.37032010625 0.3612064578125 0.3860312625 0.3846991984375 0.46145362968750003 0.3798228
0 0.380763878125 0.4154443671875 0.3677317484375 0.3863650328125 0.27419964375 0.3953034609375 0.279871184375 0.4418939 0.30616025625 0.44112402812499996 0.305994078125 0.426081959375 0.380763878125 0.4154443671875
0 0.3603509734375 0.3753168359375 0.3509652671875 0.35406459687499997 0.26820320937500003 0.35784046406250003 0.27174345781250003 0.39501284062500003 0.3617184671875 0.38564936875 0.3603509734375 0.3753168359375
0 0.7135712140625 0.592677275 0.815900459375 0.5631720921875 0.822766846875 0.5506355484375 0.8001483046875 0.5265232359375001 0.79498755 0.542970321875 0.71697438125 0.5641969718750001 0.6775801765625 0.522965578125 0.6698650203125001 0.5516975453125 0.7135712140625 0.592677275
0 0.4894451734375 0.5339381249999999 0.48771862656250003 0.5486546125 0.5492611140625 0.641199396875 0.6804930203125 0.597924321875 0.6820697828125 0.58606585 0.664391375 0.5679441703125 0.6610840125 0.5763684359375 0.5689076078124999 0.603539840625 0.5233419453125 0.5433568875 0.5248168296875 0.5243284125 0.4894451734375 0.5339381249999999
0 0.3319912234375 0.70360135 0.5057897515625001 0.6501383453125 0.5079427062499999 0.63639949375 0.4645279765625 0.553402340625 0.46607101718750005 0.6150993203125 0.34654375000000004 0.6446584828125 0.3269957453125 0.56195684375 0.3074430328125 0.5704850140625 0.3319912234375 0.70360135
0 0.5033683484375 0.500817278125 0.47009161875 0.46133942031249997 0.4750526625 0.448703021875 0.44321506718750003 0.45467679375000003 0.44321709374999996 0.46375214062500003 0.4814879328125 0.526418653125 0.52814186875 0.5202660859375 0.5315450359375 0.49178578125000005 0.5033683484375 0.500817278125