0 0.6656521765625001 0.50231719375 0.5659187953125 0.45932811874999996 0.48063294375 0.5000636921875 0.47765591875 0.511370284375 0.5765702 0.573564240625 0.6650787671875 0.519064853125 0.6656521765625001 0.50231719375
0 0.5578559703125 0.57605525 0.4574816015625 0.5128767484375001 0.33092478281250004 0.569916040625 0.3361413625 0.5877169578125 0.42315907656249996 0.67926516875 0.5587451640625 0.5939317015625 0.5578559703125 0.57605525
0 0.4361497390625 0.49766576875 0.368752671875 0.4555551609375 0.26038743750000004 0.4966935890625 0.26256802343749996 0.5058900921875 0.3190059578125 0.5649296421875001 0.43925623125 0.5103090734375 0.4361497390625 0.49766576875
0 0.3515704859375 0.4466205109375 0.30721609375000003 0.4185367015625 0.20666678749999998 0.44453253125 0.20774376249999998 0.45663410156250006 0.2456592234375 0.49608492968749995 0.3546669078125 0.45868683125 0.3515704859375 0.4466205109375
0 0.32991130625 0.41265753125 0.3303458328125 0.42101877187500003 0.3793513515625 0.45104145781250005 0.456811203125 0.4248714953125 0.4580673453125 0.41417210156250006 0.4065711453125 0.39025307656249997 0.32991130625 0.41265753125
0 0.39520835781249997 0.4501875125 0.39511121875 0.4611552546875 0.4642291671875 0.5026586640625 0.547485503125 0.461381353125 0.5470257984375 0.45157765000000005 0.4780840984375 0.420171471875 0.39520835781249997 0.4501875125
0 0.6169682843750001 0.44112223437500003 0.7105124 0.4767162609375 0.7647518703125 0.442871365625 0.7659929062499999 0.431306496875 0.7465430671875 0.42472006875 0.746365359375 0.43107193437499997 0.7107854578125 0.4510278578125 0.64214914375 0.4288509140625 0.643977234375 0.41785295624999996 0.619089903125 0.430407734375 0.6169682843750001 0.44112223437500003
0 0.7978318265625 0.39509172812500004 0.79499685 0.4002100265625 0.7676177187500001 0.4176489671875 0.7497802109375 0.4121116890625 0.7477690406249999 0.41975001562500003 0.7579546109375 0.42249654375 0.7577077015625 0.4306889390625 0.7690830546874999 0.43458442656249996 0.8100061843749999 0.41125539531250005 0.8131254921875 0.40008854375 0.7978318265625 0.39509172812500004
0 0.52691069375 0.3988459015625 0.5278297515625 0.406822990625 0.5959278 0.43253804687499997 0.6467905765624999 0.40903551875 0.649116696875 0.3971026953125 0.6312757875 0.391370521875 0.631972734375 0.397791853125 0.59343015625 0.41230638124999996 0.5447798046875 0.39502481562499997 0.5447015609375 0.390542228125 0.52691069375 0.3988459015625
0 0.4557385515625 0.3757189109375 0.45564571562499995 0.38156916406249997 0.5090449859375 0.40286188125000005 0.543699871875 0.389000078125 0.543875340625 0.376714884375 0.5111013671875 0.3866447703125 0.47228762187499995 0.3744552734375 0.472000875 0.369196509375 0.4557385515625 0.3757189109375
0 0.4432228859375 0.33967818437499997 0.39241155625 0.3504259203125 0.35862634843749996 0.33915184374999996 0.358750021875 0.34623714843750003 0.3908624265625 0.3587730265625 0.4442680421875 0.3465933296875 0.4432228859375 0.33967818437499997
0 0.37596278125000004 0.35256193750000003 0.3458688765625 0.340915278125 0.2842970703125 0.3530834421875 0.285193575 0.360309334375 0.3139549953125 0.3750607578125 0.3781157109375 0.3611525765625 0.37596278125000004 0.35256193750000003
0 0.339431946875 0.342876540625 0.337816384375 0.3385906296875 0.311318903125 0.3299627015625 0.255386996875 0.3386427625 0.25611603125000004 0.3451012015625 0.28114313125 0.357760753125 0.2890558171875 0.35207592656250003 0.339431946875 0.342876540625
0 0.25667030625 0.34154779375 0.25691921562500003 0.3381537921875 0.3036282359375 0.33071324375 0.304333853125 0.3270031203125 0.2820005171875 0.31861065625 0.2274602421875 0.327574578125 0.2290865609375 0.3324766 0.248217565625 0.3427738640625 0.25667030625 0.34154779375
0 0.17503448125 0.3517550453125 0.23263112343749998 0.3413510984375 0.23257869531250003 0.33834754375 0.2153161984375 0.32917322968749996 0.151226165625 0.3383038421875 0.1538169828125 0.345500159375 0.16680298124999998 0.3568291375 0.174636921875 0.3554597921875 0.17503448125 0.3517550453125
0 0.26287636875 0.352841040625 0.24173761875 0.34227067031249997 0.176126121875 0.3525063671875 0.17548772031249998 0.3600672015625 0.19419696718749999 0.3726829578125 0.2638758203125 0.357137703125 0.26287636875 0.352841040625
0 0.29693928125 0.37119773437500003 0.2691020296875 0.3564301796875 0.19723720625000002 0.37031875937500003 0.1984713421875 0.3792335875 0.22251434374999998 0.39730295312499997 0.299575803125 0.381012534375 0.29693928125 0.37119773437500003