0 1 0.5007859781249999 0.9151852359375001 0.535485459375 0.9213911749999999 0.5447240765625 1 0.5128817609375 1 0.5007859781249999
0 0.8105601015625 0.588583425 0.8886035328125 0.56021593125 0.9279137140625 0.5693810625 0.9228995624999999 0.55655945 0.8937513328125 0.54668819375 0.8088994843749999 0.581264903125 0.8105601015625 0.588583425
0 0.7854089328125 0.6584730296875 0.7860122265625 0.66413163125 0.8229159781250001 0.6695368171875 0.8528413453124999 0.660986525 0.8303715921875 0.6564972078125 0.8285784359375 0.6458090265624999 0.7854089328125 0.6584730296875
0 0.73707015 0.62338655 0.78485310625 0.6324687328125 0.8174945749999999 0.620375221875 0.80882658125 0.592888109375 0.7995610890625 0.5889519171875001 0.7345373484375 0.61475265 0.73707015 0.62338655
0 0.7961798375 0.62760451875 0.7974758234375 0.6356730734375 0.824178915625 0.639406021875 0.8184559953124999 0.620741259375 0.7961798375 0.62760451875
0 0.7351470140624999 0.6559684640625 0.7777518171875 0.661985946875 0.8236091234374999 0.6449683328125 0.8209444734375 0.6383674890625 0.7844176171874999 0.6321377578125 0.7353328890624999 0.6496737687499999 0.7351470140624999 0.6559684640625
0 0.6745579203125 0.646116409375 0.7239333625000001 0.6543316 0.7718308 0.6376484328124999 0.76996946875 0.6308166921875 0.7229969046875 0.621706209375 0.6715234484375 0.64054270625 0.6745579203125 0.646116409375
0 0.6323963078125 0.585606103125 0.627867134375 0.5927939390625 0.578686371875 0.5855133875 0.567014834375 0.5814219765625 0.53090091875 0.6020849984375001 0.5301404109375001 0.6125154703125 0.59765451875 0.6214053015625 0.64676216875 0.5943836046875 0.64652679375 0.5876433375000001 0.6323963078125 0.585606103125
0 0.49096913437499995 0.641674271875 0.55113225 0.649414871875 0.5873344328125001 0.63127945 0.587833709375 0.6214204734375001 0.5228373937499999 0.6121615328125001 0.4887678484375 0.6350026578125 0.49096913437499995 0.641674271875
0 0.5479391421875001 0.573324728125 0.489604634375 0.5615836562500001 0.48031091249999996 0.5692190609375001 0.4536957765625 0.56396236875 0.42782956250000004 0.5882041499999999 0.4301387296875 0.597965053125 0.50507248125 0.609970028125 0.5493273171874999 0.5808682984375 0.5479391421875001 0.573324728125
0 0.3995285359375 0.6301385328125 0.468525325 0.6412260828125 0.5008901890625 0.6178821125 0.5000244734375 0.6091955515625 0.425681834375 0.59801349375 0.39808151718749996 0.620909896875 0.3995285359375 0.6301385328125
0 0.399740746875 0.5403455078125 0.3436431859375 0.52824513125 0.32096166249999997 0.5712152234375 0.3226797171875 0.5801532078125 0.4137785171875 0.5960926765625 0.446312778125 0.561495315625 0.39812789843749996 0.55052455625 0.399740746875 0.5403455078125
0 0.30127410625 0.6163302578125001 0.38241585625 0.6289620046875 0.40649893125 0.6019706234375 0.40625374843750006 0.5949495140625001 0.31542598593750004 0.5787193921875 0.29988593125 0.6087866875 0.30127410625 0.6163302578125001
0 0.9205869124999999 0.437274678125 0.836841525 0.398345309375 0.7955359859375 0.42666229062500005 0.803513803125 0.4532582578125 0.8384186515625001 0.4308921609375 0.895725921875 0.4570872046875 0.8987195234375 0.467115696875 0.9220816203125001 0.45484514374999996 0.9205869124999999 0.437274678125
0 0.783073553125 0.41554795312500004 0.785928859375 0.42161617500000004 0.8100788187499999 0.4066747109375 0.805534634375 0.3900918671875 0.6869905593750001 0.3387201328125 0.6172842375 0.4116449796875 0.6209944609375 0.4295786421875 0.5971210921875 0.4524406484375 0.6332552359375 0.46527694375 0.6285112921875 0.4429737125 0.7058112750000001 0.3856440875 0.783073553125 0.41554795312500004
0 0.60634803125 0.3586376875 0.612263071875 0.3892443546875 0.6586589843749999 0.342686384375 0.657041346875 0.3215956796875 0.52140826875 0.2602735421875 0.4901661421875 0.2613645421875 0.421377603125 0.385803625 0.4235679765625 0.39806299843750004 0.4440705796875 0.4048366625 0.4463112390625 0.3933036875 0.495847425 0.3105096015625 0.60634803125 0.3586376875
0 0.41568140624999994 0.40338461875 0.37263810625 0.482868003125 0.373083725 0.495628871875 0.395346446875 0.502341071875 0.39740271250000003 0.4855277375 0.4283975765625 0.4395075828125 0.45046054062499996 0.44049939531250004 0.451436984375 0.41799640312499997 0.41568140624999994 0.40338461875