0 0.2965784265625 0.42363056875 0.376782265625 0.4159660890625 0.37666912343750003 0.40683412499999994 0.30001226718749996 0.4164808328125 0.2836572515625 0.390888721875 0.2800839859375 0.3993649921875 0.2965784265625 0.42363056875
0 0.389027796875 0.41430253281249996 0.4552827265625 0.409195525 0.457403578125 0.3992254140625 0.39628746718749996 0.40648195937500003 0.3713454453125 0.3834744046875 0.370606896875 0.39305332656249997 0.389027796875 0.41430253281249996
0 0.442951865625 0.33560393906249997 0.4623208484375 0.34783272187500003 0.4618603484375 0.349661984375 0.462154340625 0.3545211578125 0.5082603140625 0.34971054375 0.5073377109375 0.34317587656250004 0.4848272765625 0.3327628125 0.442951865625 0.33560393906249997
0 0.5220577984375 0.39683896875 0.523187534375 0.38864234999999997 0.4918932984375 0.3724777984375 0.45941515624999996 0.3752336671875 0.45832924999999997 0.3957738140625 0.46686208906250004 0.4039130609375 0.5220577984375 0.39683896875
0 0.4859903265625 0.36808955781249997 0.46211113125000003 0.35538673125 0.4604244984375 0.3739860765625 0.48559993749999997 0.37180385 0.4859903265625 0.36808955781249997
0 0.494634596875 0.370512 0.49583604843750007 0.3743936015625 0.5436454015625001 0.3686890703125 0.5432534125 0.3622101734375 0.5160367703125 0.3480836171875 0.46881380000000006 0.3533133046875 0.4714955515625 0.3584234421875 0.494634596875 0.370512
0 0.5373781578125 0.39828679375 0.5890412281249999 0.3916461171875 0.5893336171875 0.3863121 0.5526352515624999 0.3679701265625 0.506640815625 0.3717195140625 0.505915809375 0.3786174859375 0.5373781578125 0.39828679375
0 0.688286703125 0.46864595624999994 0.6900975890625001 0.46053250781250005 0.632635628125 0.42990105468750006 0.5767426999999999 0.43903714843749997 0.57262100625 0.447865846875 0.6297841578125001 0.4813402796875 0.688286703125 0.46864595624999994
0 0.7163074859375 0.5462732640625 0.7813592171875 0.525963509375 0.78331903125 0.5133944515625 0.7072681359375 0.47122793749999997 0.642398534375 0.48676619375 0.642383365625 0.49602650625000005 0.7163074859375 0.5462732640625
0 0.8487450109375001 0.6303935078125 0.9079096703125 0.5992449625 0.9142748171875 0.5842645390625 0.8036737046875 0.5244141046874999 0.7368936140625 0.5490134671875 0.7351994093750001 0.559055434375 0.8487450109375001 0.6303935078125
0 0.7506575093750001 0.45565615312499996 0.7510881687500001 0.44548138281250005 0.693576884375 0.41835788125000006 0.646727984375 0.42652828437499996 0.6443185265625 0.434259440625 0.700832828125 0.46479129218750004 0.7506575093750001 0.45565615312499996
0 0.7927819203124999 0.5209848125 0.8427052515625 0.5048337671875001 0.8480402140625 0.49357757968750005 0.77187359375 0.45555079374999996 0.7151667640625 0.46939198125 0.71824405625 0.47961607656250005 0.7927819203124999 0.5209848125
0 0.9193087249999999 0.5906686515625 0.96635396875 0.56239819375 0.9731687609374999 0.5522556703125 0.86118933125 0.5024804031250001 0.8119319265625 0.5244502093750001 0.8140776828125 0.531382634375 0.9193087249999999 0.5906686515625
0 0.63333983125 0.6409240328125 0.62952113125 0.6494453859375 0.624934225 0.6679702796875 0.6578660015625 0.7062777125 0.7629292015625 0.6560755281249999 0.7653724078125 0.6378532953125 0.7357134296875001 0.613617125 0.7300005765625001 0.6378313703125 0.662175325 0.6703005625 0.63333983125 0.6409240328125
0 0.3311342953125 0.4695130265625 0.327914115625 0.479609653125 0.35573839375 0.5332701875 0.3837785109375 0.53010020625 0.387202815625 0.5077908 0.3658307203125 0.5091428062500001 0.3452569546875 0.46524009062499994 0.3311342953125 0.4695130265625
0 0.49635905156250004 0.568200515625 0.414095153125 0.590859475 0.3837240140625 0.5408893906250001 0.3872819265625 0.5344265640625 0.36493618906249997 0.5381950484375 0.3649757453125 0.55151293125 0.40777023593750006 0.6304957015625 0.47506821875 0.609862065625 0.4733603140625 0.588452565625 0.520017240625 0.5724862421875 0.49835976249999997 0.5457414843749999 0.49635905156250004 0.568200515625
0 0.615956565625 0.6895412249999999 0.5278473046875 0.7281055265624999 0.466324109375 0.64241399375 0.471048021875 0.6250461828125 0.4251316796875 0.6390603171875 0.42214148281249997 0.6537215265625 0.47053731406250004 0.7356179171874999 0.563508865625 0.7473122796875 0.63195363125 0.7119950390625001 0.63738305625 0.697107121875 0.6203557796875 0.6798589109375001 0.615956565625 0.6895412249999999