0 0.8848282328125 0.5313694515625 0.8858146781249999 0.5177214593749999 0.8655164078125 0.5173385890625 0.8660981812499999 0.5266906734375 0.8357216046874999 0.5535383828125 0.8167136078125001 0.547104725 0.8157053609375 0.5634545203125 0.845937490625 0.5726077015625 0.8848282328125 0.5313694515625
0 0.8346302328125 0.589239525 0.837141296875 0.5766992328125 0.8144150859374999 0.5695053078125001 0.8163348203125 0.5759471281249999 0.7776484546875 0.6099574046875 0.7234652421875001 0.5915556734375 0.7217484921875 0.623308340625 0.7851707015625 0.646093184375 0.8346302328125 0.589239525
0 0.5761058390625 0.6720102031249999 0.6541570109375 0.7190118296875 0.714122621875 0.708614759375 0.766726759375 0.6602575453124999 0.76676628125 0.6463098078125 0.721613603125 0.63097503125 0.7242063984375 0.6445058515625 0.6661073640625 0.6950825484375 0.590414646875 0.65445325625 0.591196715625 0.6480332359375 0.575545865625 0.659956315625 0.5761058390625 0.6720102031249999
0 0.47715281875000004 0.617975425 0.5545786140625 0.6610285765625 0.5886039203125 0.634502415625 0.5867455078125 0.6114110515625 0.554866115625 0.6344492578125001 0.500400875 0.60574851875 0.500718340625 0.5935556562500001 0.4762930984375 0.6068684640625001 0.47715281875000004 0.617975425
0 0.6264033828125 0.48415379999999997 0.6288708421875 0.477017115625 0.574552740625 0.4662820765625 0.5306412609375 0.48717845156250006 0.5313838093750001 0.49470617031249997 0.578382653125 0.507499915625 0.6264033828125 0.48415379999999997
0 0.5650398812499999 0.468688215625 0.5645057921875 0.46247665624999995 0.5220589999999999 0.45570781250000003 0.47992420156250004 0.4736244390625 0.480458290625 0.47983599843749997 0.523091740625 0.4906228046875 0.5650398812499999 0.468688215625
0 0.505195525 0.49120865937499997 0.4657938875 0.47811108593749996 0.4148628953125 0.5001192421875 0.41412850937499995 0.5096797843750001 0.4522834765625 0.5234245375000001 0.50614653125 0.5000525375 0.505195525 0.49120865937499997
0 0.434617521875 0.5226247500000001 0.39743128125 0.506477940625 0.334194340625 0.5331335171875 0.3354450953125 0.54103046875 0.3657289921875 0.561868303125 0.4353600703125 0.5301524671875 0.434617521875 0.5226247500000001
0 0.49277509531249997 0.5462434296875001 0.443856515625 0.5270078625 0.3780349421875 0.5572208828125 0.3773005578125 0.5667814250000001 0.42157987812500003 0.5907993046875 0.492870465625 0.5525244765624999 0.49277509531249997 0.5462434296875001
0 0.56757951875 0.5159568421875 0.5657292703125 0.509953740625 0.51699735 0.4947361359375 0.46114915468750006 0.5197717265625 0.461452984375 0.5273689328125 0.508108478125 0.5465132109375 0.56757951875 0.5159568421875
0 0.9529760359375 0.453833634375 0.9533397609375 0.44592621250000003 0.927424665625 0.4703479234375 0.8393259921875 0.46075194374999995 0.8379767265625 0.46535230624999996 0.9289697734375 0.478645646875 0.9529760359375 0.453833634375
0 0.8404101671875001 0.44718937031249995 0.840203134375 0.43567831874999996 0.8121050203125 0.4565208796875 0.7480853328125 0.4502683453125 0.7469501015625 0.45622006875 0.8181077999999999 0.46526695937499996 0.8404101671875001 0.44718937031249995
0 0.7437353921875001 0.42717699218750005 0.7077417625 0.42295011718750003 0.6763456859375 0.4390048578125 0.6775228765625 0.4464373453125 0.734382165625 0.45266959062499995 0.74398019375 0.4432995984375 0.7437353921875001 0.42717699218750005
0 0.695178015625 0.42817229375 0.695365475 0.4235250671875 0.6491051375 0.4186155109375 0.61750621875 0.43193185468750006 0.61654935 0.43900971406249994 0.6640428390625 0.44441658906250003 0.695178015625 0.42817229375
0 0.7319326734375 0.41242322343750004 0.7327356609375 0.4058314921875 0.6847693328125 0.40327002968750003 0.6577574890625 0.4149363453125 0.6589927375 0.4198199921875 0.7042808218750001 0.4244217828125 0.7319326734375 0.41242322343750004
0 0.742291015625 0.4063959640625 0.7411627843749999 0.40218799687500006 0.7604098968749999 0.3910588640625 0.71821693125 0.3885065 0.6924851046875 0.3995083265625 0.6942533421875 0.40338404843750003 0.731337434375 0.4072073328125 0.742291015625 0.4063959640625