0 0.3926978125 0.6630371890625 0.292287203125 0.6662110875 0.28132282656249996 0.6188911453125 0.249583840625 0.68467740625 0.2527577390625 0.6965073921875 0.40279658124999995 0.6901595953124999 0.41549217499999996 0.592922884375 0.40077682656249997 0.5834011890624999 0.40366218906249995 0.595231175 0.3926978125 0.6630371890625
0 0.5793807546874999 0.685543015625 0.5805349 0.672847421875 0.559760290625 0.5805158265625 0.55052713125 0.5799387546875 0.548507378125 0.658420609375 0.451847740625 0.662748653125 0.447519696875 0.584555334375 0.4405948265625 0.58513240625 0.43338142187499995 0.6916022765625 0.5793807546874999 0.685543015625
0 0.6206414359375 0.5222315078124999 0.6515148140625 0.5808043625 0.7597159 0.5758992468749999 0.7608700453125 0.5649348703125 0.7155698562499999 0.507804696875 0.6206414359375 0.5080932328125 0.6226611906249999 0.5115556671875 0.6206414359375 0.5222315078124999
0 0.706336696875 0.694776175 0.847430915625 0.68756276875 0.855798465625 0.6748671749999999 0.77818221875 0.58224704375 0.6616135812499999 0.5862865515625 0.6601709 0.5969623921875 0.706336696875 0.694776175
0 0.804727553125 0.5839782625 0.8029963359375 0.595231175 0.8811896546875 0.6904481312499999 0.9997780468749999 0.686408625 1 0.64774476875 0.9204305828124999 0.5784960734375 0.804727553125 0.5839782625
0 0.7830873359375 0.57387949375 0.88926866875 0.570417059375 0.8947508578125 0.5591641453125 0.82665630625 0.503476653125 0.7354788578125 0.5060734796874999 0.7325934953125001 0.5158837109375 0.7830873359375 0.57387949375
0 0.6174903890625 0.5064927890625001 0.7044580109374999 0.50304651875 0.7052688984375 0.49392404062499995 0.6744551953125 0.456015078125 0.5962046078125 0.4568259640625 0.5955964421875 0.46534027812499995 0.6174903890625 0.5064927890625001
0 0.7245274625 0.5034519625 0.812305971875 0.50000569375 0.8145359109375001 0.49149138125 0.771761625 0.45378513906249995 0.6939164812499999 0.455609634375 0.6920919859375 0.463921225 0.7245274625 0.5034519625
0 0.5311309328125 0.41628161874999997 0.5947855546875 0.4152680109375 0.5947855546875 0.40857819375000004 0.5822168078125001 0.3876978546875 0.5252520015625 0.38911690781249997 0.5252520015625 0.395604003125 0.5311309328125 0.41628161874999997
0 0.6093815203124999 0.4144571234375 0.6718198125 0.4144571234375 0.672833421875 0.407970028125 0.6537775781249999 0.3881032984375 0.5970154937500001 0.38911690781249997 0.5951909984375 0.39418495 0.6093815203124999 0.4144571234375
0 0.5905283984375 0.390130515625 0.6444523796875 0.3881032984375 0.64668231875 0.3828325328125 0.6308700234375 0.368033846875 0.5822168078125001 0.3686420125 0.579784146875 0.373101890625 0.5905283984375 0.390130515625
0 0.5785678171875 0.3698583421875 0.628234640625 0.36823656875 0.628640084375 0.3639794125 0.6160713375 0.35120794375000003 0.5702562265625 0.35201883125 0.5702562265625 0.3566814296875 0.5785678171875 0.3698583421875