0 0.025482221875 0.4922125515625 0.1344062265625 0.44824322812500006 0.13190796875 0.4372508984375 0.028979781249999996 0.4777226609375 0.00199860625 0.46722998125000004 0.000999303125 0.482719175 0.025482221875 0.4922125515625
0 0.155391584375 0.4382502 0.2348361578125 0.40427390625 0.2323379 0.396779134375 0.16088775 0.42525926406250003 0.1269114546875 0.41726484218750004 0.1324076203125 0.43075542968749997 0.155391584375 0.4382502
0 0.22102809843750001 0.3304545203125 0.22265091875 0.33532298125 0.2437475796875 0.3298053921875 0.243423015625 0.3233141125 0.2031770765625 0.31682283125 0.17915933906249998 0.32396324062500004 0.22102809843750001 0.3304545203125
0 0.23688824687499999 0.3606512171875 0.2371767828125 0.354014884375 0.22361557968749998 0.35170659375 0.227078015625 0.36267097187499997 0.23688824687499999 0.3606512171875
0 0.24814115937499998 0.3566117109375 0.2971923203125 0.33987660937499997 0.29603817499999996 0.33179759375 0.24900676875 0.3277580875 0.22073021874999998 0.336991246875 0.22274997187499998 0.351129521875 0.24814115937499998 0.3566117109375
0 0.24525579843749998 0.40018068125 0.30440572499999996 0.37450095625 0.30296304375 0.3664219421875 0.2492953046875 0.35488049374999997 0.22852069687499998 0.364113653125 0.23746531875 0.3964297109375 0.24525579843749998 0.40018068125
0 0.313927421875 0.37017291406249997 0.3603817546875 0.3514180578125 0.360670290625 0.3436275796875 0.312484740625 0.3349714921875 0.26516479843749996 0.3508409859375 0.26545333437499996 0.35747731875 0.313927421875 0.37017291406249997
0 0.14786834375 0.5442805671875 0.24440659375 0.5828958671875 0.286789240625 0.551815259375 0.28349281249999997 0.5216764890625 0.23875557500000003 0.5504025046875001 0.17329793124999998 0.52308924375 0.1681178296875 0.513199959375 0.144100996875 0.5282693453125 0.14786834375 0.5442805671875
0 0.2712489359375 0.597494334375 0.39651320156250003 0.6445861625 0.47609839374999996 0.5508734234375 0.47186012968749996 0.5376877109375 0.4365412578125 0.5277984265625 0.4393667671875 0.545222403125 0.383327490625 0.5989070890625 0.2914984234375 0.5631172984374999 0.2688943453125 0.5800703578124999 0.2712489359375 0.597494334375
0 0.43324482968750005 0.657771875 0.5947698031249999 0.72274918125 0.6432743875 0.603606853125 0.6446871421875 0.5871247125 0.6253794921875 0.5800609390625 0.59194429375 0.6638843953125 0.4812784953125 0.622914503125 0.4779820671875 0.578186684375 0.43418666562499997 0.6403478984375 0.43324482968750005 0.657771875
0 0.485516759375 0.5358040374999999 0.5344922624999999 0.4759974140625 0.5326085890625001 0.46516629375 0.5062371640625 0.45810251874999997 0.5071790015625 0.4694045578125 0.47233104687500005 0.503310675 0.43324482968750005 0.4990724109375 0.43418666562499997 0.5202637343750001 0.485516759375 0.5358040374999999
0 0.6404488781250001 0.552757096875 0.630088675 0.5480479125 0.6296177562499999 0.5753611734375 0.6536345906250001 0.5824249484374999 0.679064178125 0.5150836328125 0.6818896875 0.4990724109375 0.6602274453125 0.493421390625 0.6404488781250001 0.552757096875
0 0.43695894375 0.39937155468749996 0.47457417968750004 0.4061592671875 0.4824931765625 0.408704659375 0.5070986328125 0.390886915625 0.505684525 0.380705346875 0.44148408593750005 0.3705237796875 0.39849524375 0.3948464140625 0.398778065625 0.403613875 0.42451480625000004 0.408704659375 0.43695894375 0.39937155468749996
0 0.5147348078125 0.38296791875 0.544148225 0.36175631875 0.5413200125000001 0.3529888578125 0.48107907031249997 0.34620114687500003 0.4488374390625 0.36543299687499997 0.449968725 0.3722207078125 0.5147348078125 0.38296791875
0 0.507664275 0.41379544218750003 0.5070986328125 0.42935061562500004 0.5727131796875 0.44066346875000006 0.5817634609375 0.4276536875 0.58798553125 0.43133036406249997 0.6066517375 0.4072905515625 0.604954809375 0.39937155468749996 0.5274617671875 0.3869274171875 0.49663424375 0.41294697812500003 0.507664275 0.41379544218750003
0 0.5359464078125 0.3883415234375 0.6108940578125 0.401916946875 0.63069155 0.3773114921875 0.629560265625 0.366847103125 0.5611175046875 0.3575139984375 0.5339666578125 0.3818366328125 0.5359464078125 0.3883415234375
0 0.6685896078125 0.4457542515625 0.6657613953125 0.45932967500000005 0.704507915625 0.4669658515625 0.717517696875 0.4186034046875 0.628146159375 0.40276541093749996 0.604106346875 0.43444139843749996 0.6685896078125 0.4457542515625
0 0.7214771953125 0.4205831546875 0.7325072265625 0.389472809375 0.73307286875 0.3849476671875 0.65190315 0.369675315625 0.63408540625 0.39739180625000003 0.6349338703125 0.40389669687499996 0.7214771953125 0.4205831546875