0 0.36919157343750003 0.6394894015625 0.463439971875 0.64510685625 0.46312789062500004 0.6348081890625 0.3695036546875 0.6288786546875 0.36919157343750003 0.6394894015625
0 0.4855977078125 0.6457310171875 0.58390315625 0.651348471875 0.5842152375 0.642610209375 0.4852856265625 0.6373048359375 0.4855977078125 0.6457310171875
0 0.3713761390625 0.5795698890625001 0.302406284375 0.5755128390625 0.2612116203125 0.6238853625 0.2621478625 0.6326236234375 0.3510908875 0.6369927546875 0.37262446250000003 0.5995430609375 0.37231238125 0.5951739296875 0.3713761390625 0.5795698890625001
0 0.1538558296875 0.617331665625 0.1560403953125 0.6251336843749999 0.2421746921875 0.6291907359375 0.285553921875 0.5842511015625 0.28336935625000004 0.5758249203125 0.209094128125 0.5720799515625 0.1538558296875 0.617331665625
0 0.22750689531249998 0.570207465625 0.2977250734375 0.5717678703125 0.3286210703125 0.5399356296875 0.3270606671875 0.534318175 0.2637082671875 0.530261125 0.2237619265625 0.5617812843750001 0.22750689531249998 0.570207465625
0 0.2736948515625 0.5293248828125 0.33455060625 0.5311973671875 0.3582687453125 0.5081033890625 0.35608418125 0.50092553125 0.30084588125 0.498740965625 0.2724465296875 0.5233953484375 0.2736948515625 0.5293248828125
0 0.34828216093750003 0.532445690625 0.391349309375 0.534318175 0.3941580375 0.528076559375 0.40227213749999996 0.526204075 0.40164797500000005 0.5168416515625001 0.41038623750000003 0.50498258125 0.3698157359375 0.5040463390625 0.3464096765625 0.5268282359375001 0.34828216093750003 0.532445690625
0 0.314889515625 0.574264515625 0.370751978125 0.57707324375 0.36919157343750003 0.5652141734375 0.3910372296875 0.5349423375 0.34328886875000003 0.5340060953125 0.3147334765625 0.566150415625 0.314889515625 0.574264515625
0 0.31037958906249996 0.474020196875 0.3562056796875 0.4753370390625 0.371876096875 0.46216862187499996 0.3726662015625 0.45624283437499996 0.32894705625 0.45453094062500005 0.3105112734375 0.46888451406250004 0.31037958906249996 0.474020196875
0 0.33658473906249997 0.45479430781249996 0.379513778125 0.45755967656249996 0.391365353125 0.44597146875 0.389653459375 0.442152628125 0.3506749453125 0.44070410156250006 0.3359263171875 0.4511071515625 0.33658473906249997 0.45479430781249996
0 0.368727828125 0.4743761234375 0.41576495468749997 0.47653875 0.42765940156250004 0.463382771875 0.4269385265625 0.45851686249999996 0.3831453375 0.45725532968750005 0.368367390625 0.47131240312499995 0.368727828125 0.4743761234375
0 0.3890925609375 0.4561740171875 0.430723121875 0.45905751875 0.4400945046875 0.44860482343749997 0.439013190625 0.4437389140625 0.4000859125 0.44175650624999996 0.3880112484375 0.4522092015625 0.3890925609375 0.4561740171875
0 0.4022485390625 0.44085541250000004 0.44135603593750006 0.4446400078125 0.44874501093749997 0.43544884531249994 0.447663696875 0.4320246859375 0.413061671875 0.4302224984375 0.40206832031250006 0.43833234687499995 0.4022485390625 0.44085541250000004
0 0.3550311921875 0.4404949734375 0.3941386890625 0.4431982578125 0.404411165625 0.433106 0.4029694140625 0.42950162187499996 0.36854760937500003 0.4276994328125 0.3537696609375 0.43887300468749996 0.3550311921875 0.4404949734375