0 0.6990072671875 0.5247022234375 0.698676496875 0.514654734375 0.681021484375 0.5314642296875001 0.6203719999999999 0.5114787656249999 0.617230925 0.5167476734374999 0.6826962640625001 0.53788031875 0.6990072671875 0.5247022234375
0 0.6227257640625 0.5014720390625 0.6239544703125001 0.49128712031250005 0.6051557640625 0.505608909375 0.5527567046875 0.48693018749999994 0.549003021875 0.49363977343750004 0.6049554453125 0.5117280140625 0.6227257640625 0.5014720390625
0 0.529904784375 0.45959232187500004 0.551633728125 0.46763438593749995 0.554527790625 0.44936200312499996 0.5308854015625 0.45547570937500004 0.529904784375 0.45959232187500004
0 0.5357914703125 0.42864953437500003 0.5137359921875 0.43304292499999997 0.5136393234375001 0.437483234375 0.550835815625 0.4494470265625 0.572418865625 0.43806545156250004 0.5357914703125 0.42864953437500003
0 0.5445400109375 0.45205538437500004 0.545370175 0.4480120625 0.508408240625 0.43456730937500004 0.4821361421875 0.439894415625 0.48115017968749996 0.4437232953125 0.5205278718749999 0.4586892515625 0.5445400109375 0.45205538437500004
0 0.5521908843750001 0.468448278125 0.5219116734375 0.4583391328125 0.494274171875 0.46629643749999994 0.49238100625000003 0.4722588 0.540254103125 0.48989864218749996 0.549933234375 0.4827025265625 0.5521908843750001 0.468448278125
0 0.5100714640625 0.4612079265625 0.511204028125 0.45645344374999997 0.4728398953125 0.4410787296875 0.4407100703125 0.44984263281250003 0.439801146875 0.45558135625 0.481020840625 0.46970047187499997 0.5100714640625 0.4612079265625
0 0.44102823750000003 0.501903046875 0.442009540625 0.49367041875 0.39291871718750004 0.4736357390625 0.3429502125 0.48765948281249993 0.34205296406249996 0.49332448281249996 0.3937925390625 0.5170048578124999 0.44102823750000003 0.501903046875
0 0.3806758265625 0.4755680625 0.3812583515625 0.46985321406249997 0.3420891015625 0.45235780937500003 0.28819731718749997 0.4605982875 0.28930373593750003 0.467871109375 0.3336893640625 0.4890962640625 0.3806758265625 0.4755680625
0 0.37392789843749996 0.5222466578125 0.3761182421875 0.5145281421875 0.32590243124999996 0.491411725 0.2567172984375 0.5065858796875 0.2562158984375 0.5158623671875 0.309990421875 0.545026921875 0.37392789843749996 0.5222466578125
0 0.31511781875 0.4922845484375 0.3155850109375 0.4852609640625 0.272458271875 0.4642351984375 0.20352237343750001 0.47783574062499995 0.20447925156250002 0.48605272812500006 0.24946011875 0.5096304796875 0.31511781875 0.4922845484375
0 0.28641459999999996 0.551294015625 0.286900359375 0.540079346875 0.2354285890625 0.5106342765624999 0.14122499375 0.5350732046875 0.141353040625 0.5444493875 0.1924573140625 0.5802885984375 0.28641459999999996 0.551294015625
0 0.21942466875000002 0.5139066156250001 0.220621 0.50635328125 0.1766028703125 0.4787339859375 0.0869080109375 0.4971120640625 0.0876655 0.506587940625 0.1283028109375 0.53722055625 0.21942466875000002 0.5139066156250001
0 0.6442407296875 0.577159465625 0.6442443203125 0.5696423312500001 0.6314072921875 0.5632567921875 0.6044961875 0.5882739640625 0.59052038125 0.5840820703125 0.58744449375 0.6010043125 0.610580871875 0.6098124453125 0.6442407296875 0.577159465625
0 0.59865008125 0.6201885171875 0.5990396578125 0.61273251875 0.5864471671875 0.6048030359375 0.55104078125 0.6359923890625 0.5070647625 0.6163658796875 0.501933084375 0.6412715546875 0.5514315828125 0.6684991046875 0.59865008125 0.6201885171875
0 0.35618870625 0.669624821875 0.35719802968750003 0.6832374125 0.42420015937500005 0.7298553437499999 0.472975821875 0.7391633234375 0.5368600265625 0.678061253125 0.5365807203124999 0.6673339640625 0.5048147968750001 0.6480586703125 0.5012917890625 0.6653057640625 0.44472931562499995 0.7101580671875001 0.37350052499999997 0.6652447109375 0.37287359375 0.6592103859375 0.35618870625 0.669624821875
0 0.33516206875 0.667481534375 0.375926709375 0.647428228125 0.376629140625 0.6230080328125001 0.33641470625 0.6395874671875 0.286491859375 0.6075446859375 0.286885028125 0.592571553125 0.2580703578125 0.6046258359375 0.256805721875 0.6151085875 0.33516206875 0.667481534375