0 0.9034443390625 0.5632341953125 0.9032482171874999 0.55536113125 0.8790616968749999 0.5747755375 0.80294803125 0.5459528484375 0.8015614187500001 0.550143140625 0.8796848578124999 0.5815382234375 0.9034443390625 0.5632341953125
0 0.797717065625 0.5348133484375001 0.7990181234375 0.524217084375 0.77806195625 0.5315278953125 0.718182 0.5125474375 0.717835440625 0.517737540625 0.7766905703125 0.54269693125 0.797717065625 0.5348133484375001
0 0.72503863125 0.46514383437499995 0.7422065359375 0.46027491249999997 0.7041321218750001 0.44600676093749997 0.6801261281250001 0.449745365625 0.6783476390625001 0.45475965 0.7181454421875 0.4715650328125 0.723400796875 0.469012575 0.72503863125 0.46514383437499995
0 0.7160323156249999 0.502260140625 0.71961938125 0.4896189390625 0.6884182203125 0.476194715625 0.6568657875 0.4822044703125 0.6533740609375001 0.48933402031249995 0.7045569578124999 0.5081187218750001 0.7160323156249999 0.502260140625
0 0.69564615625 0.480267940625 0.7188183718750001 0.488055084375 0.7247867859375 0.46785729062500003 0.6971734234375 0.4749321078125 0.69564615625 0.480267940625
0 0.7130665859375 0.4697440171875 0.7123730968750001 0.463554103125 0.6751226765625 0.449677828125 0.64493184375 0.4564361703125 0.6456956609375 0.46205331406249994 0.68634754375 0.476637940625 0.7130665859375 0.4697440171875
0 0.6739235234375001 0.4799961546875 0.6737977296875 0.47155032031250005 0.6345426078124999 0.4574278984375 0.60144768125 0.461794740625 0.5995285375 0.4679545671875 0.6431599203125 0.4866841703125 0.6739235234375001 0.4799961546875
0 0.5990452421875 0.5145502296875 0.5991706703124999 0.5064259437499999 0.5535596 0.4825113140625 0.5053417078125 0.4940330859375 0.5037491890625 0.5022679390625 0.5513247156250001 0.5243888531249999 0.5990452421875 0.5145502296875
0 0.5421353953125 0.48661969374999997 0.539216071875 0.47724944999999996 0.503568321875 0.4597908171875 0.45759619687499997 0.46722778906249995 0.4552851765625 0.474211609375 0.4944851953125 0.49588554374999994 0.5421353953125 0.48661969374999997
0 0.5320543484375 0.5297079859375 0.53321475 0.5202572640625001 0.48821161718750006 0.4961265765625 0.426819990625 0.5060308171875 0.42494616093750004 0.5165567546875 0.46917569375 0.5469879234375 0.5320543484375 0.5297079859375
0 0.47707043125000004 0.4968959609375 0.47769322656249996 0.48708852656249996 0.44422091718749995 0.4661178640625 0.38640657031250003 0.4752985265625 0.38491954375000004 0.4826742234375 0.4203664640625 0.506503665625 0.47707043125000004 0.4968959609375
0 0.45217525625 0.5482252234375 0.4516876734375 0.537990746875 0.41164843281249996 0.5089461890625 0.33358626875 0.5220362015625 0.33353624375 0.531913965625 0.37276671875 0.567545390625 0.45217525625 0.5482252234375
0 0.3992384265625 0.509445090625 0.3983941296875 0.499748221875 0.3677454359375 0.477089334375 0.29300933125 0.48913422031250003 0.294094696875 0.49450014218750005 0.32568810312499996 0.52367049375 0.3992384265625 0.509445090625
0 0.8223700296875001 0.616427846875 0.823570671875 0.6090169859375 0.8090603484375001 0.601711984375 0.7786237390624999 0.627045146875 0.7582048109375 0.61814255 0.7535878453125 0.6344364375 0.7808901765625 0.648835459375 0.8223700296875001 0.616427846875
0 0.7039085390625 0.704513059375 0.7628325296875 0.66261919375 0.7640179453125 0.6482295890625001 0.7457795359375 0.6381412109375 0.7452571546875 0.6447632421875 0.7040082203125 0.6681874109375 0.6586835390625 0.6443079453125 0.6512581843749999 0.6692688015625 0.7039085390625 0.704513059375
0 0.5014068078125 0.6796737828125 0.579119165625 0.75229823125 0.6095815234375 0.7551664296875 0.6397419015625 0.7344505984375 0.68309595 0.70808716875 0.6851053578124999 0.6940894421875 0.646362465625 0.66869249375 0.64597095625 0.6860866078125001 0.5822385859375 0.7221574234375 0.5198355296875 0.662168734375 0.505611959375 0.6714690171875 0.5014068078125 0.6796737828125
0 0.41951192343750004 0.6080669203125 0.48695935312499994 0.6672214640624999 0.524857215625 0.6497813015625 0.5270623796875 0.6270865171875 0.4885866703125 0.6421301046875 0.44405045000000004 0.6023587781249999 0.44577347187500005 0.5883258875 0.4213505890625 0.59782736875 0.41951192343750004 0.6080669203125