0 0.34060824375 0.439073721875 0.3411778609375 0.4471582625 0.40588542031249997 0.4315782265625 0.4049690765625 0.423548603125 0.34060824375 0.439073721875
0 0.48371366875 0.4135646546875 0.4776890296875 0.4091874984375 0.42668578124999995 0.4215307109375 0.41516198437499996 0.4048738375 0.41018075156249995 0.407084484375 0.420502846875 0.429618478125 0.48371366875 0.4135646546875
0 0.5536221234375 0.397160878125 0.5526508640625 0.38878452812500003 0.5320572625 0.37320874531250003 0.48048762343750007 0.38421996875 0.48069328437500003 0.3944947 0.4928007015625 0.4103482875 0.5536221234375 0.397160878125
0 0.526708846875 0.3708570328125 0.5100767546875 0.3578526265625 0.47810577656250003 0.364693453125 0.48055977031249997 0.3824314203125 0.52528748125 0.375347246875 0.526708846875 0.3708570328125
0 0.5056759171875 0.3525074375 0.49172826093750005 0.342987528125 0.465596715625 0.3485480546875 0.47649920625000003 0.3635262125 0.5053873328125 0.35966163125 0.5056759171875 0.3525074375
0 0.5620480375 0.3471332140625 0.5626661187499999 0.3420593796875 0.54647335625 0.3318287859375 0.5030054859375 0.3401351171875 0.5035201875 0.34787293125 0.51533256875 0.3573756125 0.5620480375 0.3471332140625
0 0.5378074265625 0.3741135625 0.587203446875 0.3624947234375 0.5870936437500001 0.357008959375 0.565739303125 0.3455895671875 0.5208741234375001 0.357060084375 0.5212075671874999 0.36156160625 0.5378074265625 0.3741135625
0 0.6227677609375 0.38096190937499996 0.6214776734374999 0.37281662656250003 0.59542576875 0.35929479531249997 0.5448218671875 0.3716742375 0.5454191921875 0.3778418390625 0.56630785625 0.3935097953125 0.6227677609375 0.38096190937499996
0 0.615203221875 0.47068249375000004 0.694104734375 0.45112846875 0.6919951890625 0.442052915625 0.6486180640625 0.41430902812500003 0.5817945484375 0.43161402656250003 0.5800219890625 0.44164050312500003 0.615203221875 0.47068249375000004
0 0.7068190624999999 0.44440988125 0.7816664078125 0.426842209375 0.782679446875 0.416263909375 0.7280713999999999 0.39399548281249996 0.664630090625 0.4114369125 0.664409153125 0.4185291578125 0.7068190624999999 0.44440988125
0 0.6815441 0.5267149515625 0.770365190625 0.5018931609374999 0.7739489921875 0.490571634375 0.7086170625 0.45151841875 0.627888015625 0.47438643437500005 0.6282026125 0.4827381 0.6815441 0.5267149515625
0 0.7881009031249999 0.49505138593750003 0.8721245984375001 0.4696451890625 0.8728098031249999 0.45911881406250005 0.7968507 0.425109375 0.7247655203125001 0.445264096875 0.7250638234375 0.45563470156249997 0.7881009031249999 0.49505138593750003
0 0.7793368265625 0.6073391781249999 0.8920512437499999 0.56999550625 0.8965666265625 0.5581903687499999 0.79466066875 0.5003975546875 0.700613546875 0.5304158421875 0.699272671875 0.541046065625 0.7793368265625 0.6073391781249999
0 1 0.51044493125 0.9065666921875 0.4685588734375 0.821283578125 0.49450060156250003 0.81464540625 0.505633775 0.9161390234375 0.56718855625 1 0.5388752328125 1 0.51044493125
0 0.3656706375 0.732820559375 0.510443975 0.68791365625 0.48965283125000003 0.6306476453125 0.4937320359375 0.665653234375 0.3938893765625 0.6951413734375 0.37346666093750003 0.6217004984375001 0.35282935625 0.6239923671875001 0.3656706375 0.732820559375
0 0.49760712656250006 0.5883639640625 0.5415109015625 0.68055124375 0.6742226328125 0.636577953125 0.6368319828125 0.5824294234375 0.6402838421875 0.61655761875 0.547436678125 0.64396101875 0.515230515625 0.5762934921875 0.49226285625 0.5823731078125001 0.49760712656250006 0.5883639640625