0 0.4532504828125 0.4359895015625 0.4537911390625 0.44103563125 0.45883726718749995 0.44283781875 0.46406361562500004 0.44211694375 0.4970436703125 0.43544884531249994 0.4965030140625 0.432385125 0.4761382796875 0.42391483750000003 0.439553846875 0.42860052812499994 0.4532504828125 0.4359895015625
0 0.4883931640625 0.45725532968750005 0.5278610984375 0.44824438593749993 0.5267797843750001 0.4439191328125 0.5013689234375 0.43418731250000003 0.464424053125 0.44283781875 0.46370317656250004 0.446081759375 0.4883931640625 0.45725532968750005
0 0.5237160640625 0.473294809375 0.5673290328125 0.463382771875 0.5671488140625 0.45833664374999994 0.5356105109375 0.446982853125 0.4957821375 0.455813578125 0.49542169999999996 0.45977839375 0.5237160640625 0.473294809375
0 0.45415157656250005 0.4606794890625 0.47758003125000004 0.455633359375 0.47721959375 0.4520289828125 0.4534307015625 0.44085541250000004 0.45415157656250005 0.4606794890625
0 0.5116414 0.4743761234375 0.5116414 0.46824868124999997 0.48334703437500004 0.4559937984375 0.45415157656250005 0.4608597078125 0.4543317953125 0.47798050156249994 0.4626218640625 0.48356728593750004 0.5116414 0.4743761234375
0 0.3977486984375 0.4889507 0.3774114984375 0.47389335 0.3781936984375 0.4846486 0.3957931984375 0.4963816 0.45172049843749995 0.48640855 0.4509382984375 0.48132425 0.3977486984375 0.4889507
0 0.3003648 0.49149285000000004 0.31581325 0.5100701 0.3811269484375 0.4983371 0.3795625484375 0.49383945 0.3163999 0.50518135 0.30095145 0.48543079999999994 0.3003648 0.49149285000000004
0 0.6664741203125 0.5146339515625 0.71294270625 0.501690646875 0.7137914484375 0.496173828125 0.66414008125 0.47707714843750004 0.6200055328125 0.4870498578125 0.6195811625000001 0.494264159375 0.6664741203125 0.5146339515625
0 0.558047415625 0.5084805765625 0.604516003125 0.5326697046875 0.6569257796875 0.5180289171875 0.65735015 0.5118755421875 0.6102450078125 0.49044482343749995 0.5574108609375 0.5027515734375 0.558047415625 0.5084805765625
0 0.6798417953125 0.5746824 0.737768390625 0.55452479375 0.7392536875 0.5445520828125 0.6755980890625 0.5180289171875 0.619793346875 0.53373063125 0.6202177171875001 0.5424302296875 0.6798417953125 0.5746824
0 0.748802028125 0.5479470484375 0.7942096875 0.5318209625 0.7954828 0.5250310328125 0.731615015625 0.500417534375 0.68493424375 0.515058321875 0.6847220578125001 0.5229091796875001 0.748802028125 0.5479470484375
0 0.860199325 0.59356689375 0.9077288390625 0.5714996203125 0.9096385078125 0.5619512796875 0.8203084828125 0.5305478515625001 0.773415525 0.5483714187500001 0.7721424140625001 0.5583441296875 0.860199325 0.59356689375
0 0.702333440625 0.581684515625 0.789329425 0.6270709578125 0.8485291328125 0.5988503078125 0.8498022437499999 0.588453228125 0.7577138109375 0.5524029406250001 0.7040309234375 0.572560546875 0.702333440625 0.581684515625
0 0.69484460625 0.6386514265625001 0.6349588546875 0.6624358390625 0.5992822375 0.6386514265625001 0.598857515625 0.662860559375 0.6400555156250001 0.692591075 0.7224515140625 0.6496941890625 0.72330095625 0.640775034375 0.6939951640625 0.6216625609374999 0.69484460625 0.6386514265625001
0 0.598008071875 0.6828224765625001 0.52410650625 0.716800209375 0.47526351718750004 0.6607369515625 0.47313990937500006 0.64757058125 0.4370385703125 0.66498416875 0.43576440468750005 0.6717797140624999 0.4880051671875 0.73761156875 0.5338751046875 0.7405846203124999 0.6137227734375 0.7015102296875 0.614572215625 0.688343859375 0.6001316812499999 0.67602693125 0.598008071875 0.6828224765625001
0 0.38182475625 0.6033995296875 0.42302275624999996 0.6569144578125 0.47186574531250003 0.640775034375 0.47313990937500006 0.6140175718750001 0.4310924671875 0.624210890625 0.39796417812499996 0.589383715625 0.3801258703125 0.594905096875 0.38182475625 0.6033995296875
0 0.3452986953125 0.5545565406249999 0.3733303234375 0.5898084375 0.3971147359375 0.585561221875 0.3962652921875 0.5689970765625 0.3788517046875 0.5715454078125 0.360163953125 0.5422396140625 0.348271746875 0.5460621078125001 0.3452986953125 0.5545565406249999