0 0.27188038593749997 0.47998882343749993 0.3408505 0.464041315625 0.3394396171875 0.45579649062499994 0.2739648359375 0.47400262499999996 0.258340384375 0.4534021328125 0.254846946875 0.4631023671875 0.27188038593749997 0.47998882343749993
0 0.3557047484375 0.45771839999999997 0.413205646875 0.444797828125 0.4121102328125 0.437087175 0.355871209375 0.4521444359375 0.3366817296875 0.43624309375000003 0.3363100984375 0.4468374953125 0.3557047484375 0.45771839999999997
0 0.4231942828125 0.44048384374999994 0.47360193125 0.4255562359375 0.47273875624999995 0.42116673593750004 0.44460963124999997 0.408671675 0.4126735 0.4173015390625 0.4146010984375 0.436912996875 0.4231942828125 0.44048384374999994
0 0.43421458125 0.40717363906250004 0.4062209296875 0.39661591875 0.4118432109375 0.4173595984375 0.4353351671875 0.4112670234375 0.43421458125 0.40717363906250004
0 0.3924776546875 0.3870085265625 0.4092130796875 0.39167871249999997 0.4110226640625 0.3976707296875 0.41463993437499996 0.3976959015625 0.45373319375000004 0.38800933125000003 0.45292807812499997 0.38445011875 0.43014839531250004 0.376865196875 0.3924776546875 0.3870085265625
0 0.44421093125000005 0.410924484375 0.4862711703125 0.3999179765625 0.48604475156250004 0.392702790625 0.45834139687500003 0.3862965125 0.42120482968750006 0.396124375 0.4206009609375 0.40339762031250004 0.44421093125000005 0.410924484375
0 0.48238093125 0.4238298828125 0.5263010984375 0.411580853125 0.525559859375 0.40495789843749996 0.494045703125 0.39575881874999996 0.45558338125000003 0.406513734375 0.45470274843749997 0.413806334375 0.48238093125 0.4238298828125
0 0.56838625 0.47649831562499995 0.6190377765624999 0.4571037953125 0.618670065625 0.4518453 0.5714365906250001 0.432620778125 0.52147988125 0.45001990000000003 0.522118534375 0.45915307343749995 0.56838625 0.47649831562499995
0 0.62845353125 0.45255175468750003 0.671195053125 0.43537905156249995 0.6716382796875 0.42978573437499995 0.623665459375 0.41589711874999996 0.58174069375 0.42884096562499996 0.58208323125 0.43771673125 0.62845353125 0.45255175468750003
0 0.7066728109375 0.47739679218750003 0.75054655625 0.45652940624999994 0.7505581921875 0.448741340625 0.687742765625 0.43338757499999997 0.644981890625 0.4502835140625 0.6458005421874999 0.4580135203125 0.7066728109375 0.47739679218750003
0 0.6470893578125 0.5082624234375 0.6995679234375001 0.4831778203125 0.6996182671875 0.4759432796875 0.6369886546875 0.45529231406250004 0.58537136875 0.4728075546875 0.5840726828125 0.48207620156250003 0.6470893578125 0.5082624234375
0 0.750941075 0.5496707328125 0.8016294109375 0.518870875 0.8014088109375 0.5077616546875 0.71766009375 0.47940964687500004 0.667691746875 0.504596834375 0.6666698234374999 0.513846128125 0.750941075 0.5496707328125
0 0.8113277484375001 0.51040545 0.8555755890625001 0.4831152328125 0.85479564375 0.4759387515625 0.77208428125 0.454467109375 0.7309505296875 0.47458666406249994 0.7312156546875 0.48235537656250005 0.8113277484375001 0.51040545
0 0.3134282265625 0.5124099453125 0.3140094625 0.525195859375 0.34522631875 0.5555486203125 0.37207828906249996 0.5458498781250001 0.36854278125 0.531080646875 0.3488577296875 0.5358984312499999 0.326886865625 0.5080275546874999 0.3134282265625 0.5124099453125
0 0.3724048328125 0.550519684375 0.3540739140625 0.5568069953125 0.354633378125 0.5692815875 0.4005432015625 0.6173774890625 0.4527188515625 0.5940199109375001 0.448088315625 0.568064909375 0.40357160625 0.5846300640625001 0.3706609828125 0.5568984859375 0.3724048328125 0.550519684375
0 0.50896630625 0.6575721578125 0.455389696875 0.615660584375 0.45631892812499997 0.5960278828125001 0.41691462343749996 0.614130534375 0.4159400203125 0.6276275124999999 0.48646319531250004 0.6978974921875001 0.5908587437499999 0.638033171875 0.5918066468750001 0.6241543796875 0.573690559375 0.61199235 0.5727506828125 0.6204990515625 0.50896630625 0.6575721578125
0 0.5751057859375 0.577362115625 0.5746384640625 0.5981135578125001 0.6118211609374999 0.6250569125000001 0.689145271875 0.5785960375 0.6904402625 0.5696808250000001 0.6647493234375 0.5534443125 0.664263328125 0.568441846875 0.609818734375 0.596420875 0.5751057859375 0.577362115625