0 0.3766991046875 0.46841336718750004 0.3525469140625 0.5056806953125 0.35416815156250003 0.51367201875 0.3662310515625 0.5162108078125 0.3841280171875 0.48405671562499997 0.3996829125 0.48485940625 0.3991033328125 0.4789632828125 0.3983904078125 0.4703461703125 0.3766991046875 0.46841336718750004
0 0.41558104062499995 0.395950146875 0.3861347484375 0.44516947812499996 0.3831576421875 0.4505692 0.3826071125 0.462601734375 0.3984022875 0.46511411718750006 0.421829675 0.4244617328125 0.46915051406249997 0.429766384375 0.4682395546875 0.4161957890625 0.46480960624999995 0.4059680046875 0.41558104062499995 0.395950146875
0 0.5935642984375 0.33676439375 0.59257280625 0.3279373671875 0.4747601125 0.29423336875 0.431298315625 0.37132529999999997 0.42636727656250006 0.37699963125 0.42811393906250006 0.3911999734375 0.464928425 0.3997246578125 0.4622745015625 0.38261321875 0.5040213312499999 0.32344598593749996 0.5796610078125 0.3459412859375 0.5821905609375 0.3533068203125 0.5935642984375 0.33676439375
0 0.7044423734375 0.35834212499999996 0.6180719046875 0.330381096875 0.5845395109375 0.36647606875 0.5893424953124999 0.3864735203125 0.619126771875 0.35738102656250004 0.6816579296875 0.37698635468749997 0.6839313609375 0.3896182703125 0.7075937546875 0.36835999375 0.7044423734375 0.35834212499999996
0 0.31447427499999997 0.575041384375 0.31522548437500003 0.5821587187499999 0.327275175 0.5597927781250001 0.391975459375 0.5611605140625 0.3926131265625 0.5568367750000001 0.32728705625 0.554560725 0.31447427499999997 0.575041384375
0 0.393762759375 0.574538028125 0.3944445203125 0.581357084375 0.40866468906250003 0.5624862828125 0.46463417656250006 0.5641628078125 0.46336742343750004 0.5590855343750001 0.40710763749999995 0.5573115125 0.393762759375 0.574538028125
0 0.4617605421875 0.6185026703125 0.4972816546875 0.6183509140625 0.5166758640625 0.6067742 0.5167037203125 0.603036253125 0.4758194359375 0.6024204828124999 0.4617605421875 0.6185026703125
0 0.4824141703125 0.5981745140625 0.48306440781250004 0.6018171609375 0.5214100562499999 0.6030663078125 0.546250275 0.589894421875 0.5450978796875 0.5856308640625 0.5038279984375 0.5842395015624999 0.4824141703125 0.5981745140625
0 0.512495134375 0.5799788703125001 0.5127956953125 0.584085553125 0.5538515203125 0.5859218921875 0.5828431375 0.5698155078125 0.5815192046875 0.5643313796875 0.537441646875 0.5626431234375 0.512495134375 0.5799788703125001
0 0.47086238125 0.5848618890624999 0.49985473750000003 0.58548939375 0.5257696390625 0.56815584375 0.5263656265625001 0.5615721046875 0.47599462812500004 0.5593853578125 0.46861330468749995 0.5688588796875 0.47086238125 0.5848618890624999
0 0.5675966453125 0.52037331875 0.5684140249999999 0.5271733140625 0.6209483265625 0.531960275 0.6642972 0.5048467765625 0.6629967234375 0.4975614859375 0.6088775140625 0.49133770156249995 0.5675966453125 0.52037331875
0 0.6317494406249999 0.52615505625 0.6316174890624999 0.5330884734375 0.676116565625 0.5367919515625 0.724029559375 0.51263274375 0.7229409421875 0.505870865625 0.6758123281249999 0.5001858890624999 0.6317494406249999 0.52615505625
0 0.69109765625 0.48987812656249996 0.6914128796875 0.496057209375 0.7387892734375 0.5035052296875 0.801186346875 0.4721934109375 0.7995002734375001 0.46413252656250004 0.7499583796875 0.455052684375 0.69109765625 0.48987812656249996
0 0.6225016953125 0.47905063906249995 0.624844603125 0.48784899531250003 0.6818096078125 0.4946409125 0.7396066390625 0.45913517812500004 0.7361809796875 0.449520909375 0.6806784578125 0.43837453125000003 0.6225016953125 0.47905063906249995
0 0.6997691781250001 0.43762766875 0.7582611781249999 0.44918368906249995 0.8403368906249999 0.4004466890625 0.8412481015625 0.40004203125000004 0.8374918265625 0.3910274171875 0.7754993953125 0.37208039843749996 0.6984731 0.4284055953125 0.6997691781250001 0.43762766875
0 0.7721925187500001 0.443215140625 0.773067078125 0.45042199375 0.82345860625 0.46062710625000003 0.9082716218750001 0.41759049062500003 0.9039134921875001 0.40921365156249995 0.854020453125 0.392715096875 0.7721925187500001 0.443215140625