0 0.595481690625 0.610503859375 0.561395496875 0.587916621875 0.5593421125 0.60475438125 0.599177784375 0.63514448125 0.6782331125 0.5932554234375 0.6755637109375 0.5805244359375 0.6513337671875 0.5686148015625 0.649691059375 0.582577821875 0.595481690625 0.610503859375
0 0.48500957031249997 0.66307051875 0.43654968125 0.610503859375 0.4381923890625 0.5994155796875 0.401642134375 0.6133785984375 0.40246348750000005 0.6252882328125 0.46940384375 0.7012634828125 0.5745371625 0.6437686984375001 0.5737158078125 0.6318590640624999 0.5601634671875 0.619538753125 0.48500957031249997 0.66307051875
0 0.39014317656249997 0.5817564671875 0.3589317234375 0.5468489203125 0.3425046421875 0.5525983984375 0.3425046421875 0.5632760015625 0.3872684375 0.6121465671874999 0.4381923890625 0.5932554234375 0.43408561875 0.567382771875 0.39014317656249997 0.5817564671875
0 0.3420939640625 0.5300111609375 0.315810634375 0.5008530921875 0.30472235468750003 0.5066025703125 0.3039010015625 0.5115306953125 0.3363444859375 0.5484916281250001 0.35811036875 0.5402780875000001 0.35811036875 0.5254937140625 0.3420939640625 0.5300111609375
0 0.26856064687500003 0.46911864531249997 0.33514593125 0.45441439531250005 0.3337587390625 0.4499753765625 0.26717345312499996 0.46162780156250005 0.2519143265625 0.443039409375 0.24969481718750003 0.44470404218750004 0.25024969375 0.45053025468749996 0.26856064687500003 0.46911864531249997
0 0.34957274374999997 0.451917446875 0.408944621875 0.44109733906250004 0.4064476734375 0.43471624843749995 0.3523471296875 0.443039409375 0.33181666718749997 0.429167475 0.33209410625 0.438600390625 0.34957274374999997 0.451917446875
0 0.41782265937499996 0.43749063593750004 0.4691488171875 0.42639308906249995 0.4685939390625 0.42139919218750005 0.4400177546875 0.40752725781250004 0.40977693750000005 0.41418578593750005 0.4114415703125 0.42611565 0.41782265937499996 0.43749063593750004
0 0.48191099687500005 0.425283334375 0.5238042375 0.41585041875 0.5235267984374999 0.4097467671875 0.49522805312499996 0.3986492203125 0.45222505625 0.40724981875 0.45222505625 0.4116888375 0.48191099687500005 0.425283334375
0 0.4427921421875 0.40835957343749996 0.483575628125 0.40114616875 0.4846853828125 0.39559739375 0.4583287078125 0.3861644796875 0.41837753749999995 0.39393276250000003 0.41920985312500003 0.3980943421875 0.4427921421875 0.40835957343749996
0 0.45277993437499997 0.38671935625 0.4533348109375 0.38366753125 0.43224947187499996 0.375621809375 0.3953501265625 0.381448021875 0.41199644687500003 0.39421020156250003 0.45277993437499997 0.38671935625
0 0.5637554078125 0.4807710703125 0.6142492484375001 0.464957065625 0.6125846171875 0.45968573125 0.5687493046875 0.44054246093750005 0.5149262 0.45274976406249995 0.517145709375 0.4602406078125 0.5637554078125 0.4807710703125
0 0.621185215625 0.46273755625 0.666407721875 0.44914306093749995 0.6675174765625 0.443039409375 0.6197980234375 0.425283334375 0.5759627109375 0.43693575781250005 0.5787370968750001 0.4435942875 0.621185215625 0.46273755625
0 0.5781822203125 0.48992654687500004 0.63921873125 0.519057609375 0.6902674484375 0.49769483125 0.6908223265625 0.488261915625 0.6272888671875 0.46606682031249996 0.5781822203125 0.48271314218750005 0.5781822203125 0.48992654687500004
0 0.699422925 0.49214605625 0.7427033609375 0.4746674203125 0.743813115625 0.46828632968750006 0.680834534375 0.447200990625 0.640605925 0.46246011718749996 0.6403284859375 0.4674540140625 0.699422925 0.49214605625
0 0.65697480625 0.5254386984375 0.739651534375 0.566499625 0.7882033046875 0.5387557562499999 0.7898679375000001 0.529322840625 0.708023525 0.4951978828125 0.6555876125 0.5196124875 0.65697480625 0.5254386984375
0 0.72134058125 0.4982497078125 0.8042947484375 0.5312649109375001 0.8445233578125 0.5093472546875 0.8453556734375001 0.499914340625 0.7654533328124999 0.4741125421875 0.722727775 0.4910363015625 0.72134058125 0.4982497078125