0 0.2897092484375 0.546295709375 0.28981324375 0.5549135609375 0.3063013609375 0.5371637640625 0.3698227046875 0.5496608171874999 0.3723295734375 0.544235809375 0.3065325015625 0.5274521984375 0.2897092484375 0.546295709375
0 0.369022925 0.559620403125 0.367333890625 0.5706446609375 0.38460962187500003 0.5537696000000001 0.4408838859375 0.5667203093750001 0.44231155937500005 0.5606831031249999 0.3863433953125 0.547192796875 0.369022925 0.559620403125
0 0.45072613281249996 0.5644579249999999 0.443348371875 0.5674051062500001 0.44402100468750005 0.575774940625 0.44202587187500003 0.587338796875 0.4741367921875 0.594855865625 0.50236418125 0.5810551328125 0.502100465625 0.5754849234375 0.45072613281249996 0.5644579249999999
0 0.46484736406250005 0.592384596875 0.44251801718749995 0.58741420625 0.441248209375 0.607615171875 0.46503673125 0.596828040625 0.46484736406250005 0.592384596875
0 0.4414927484375 0.6110059062500001 0.42580322031250006 0.61630613125 0.46205127968750004 0.625595009375 0.485696359375 0.61754491875 0.48484226250000007 0.6136999984375 0.44512623125 0.60612945 0.4412261421875 0.6080362546875 0.4414927484375 0.6110059062500001
0 0.4520952796875 0.6020611640625 0.45281696718750003 0.6084325859375 0.48981802500000005 0.6154386078125 0.5153690125 0.6072772796875 0.5160769828125 0.6018252640624999 0.4738896203125 0.5930696015625 0.4520952796875 0.6020611640625
0 0.48291994843749997 0.589953821875 0.48510439375000003 0.596613021875 0.5249647625 0.605457853125 0.5568642078125 0.5929845968749999 0.5573174984375 0.5883637140625 0.5119049125 0.5766944640625 0.48291994843749997 0.589953821875
0 0.5515771375 0.5416942375 0.551095834375 0.550878065625 0.5992676453125 0.5648345671875 0.6480992828125001 0.5480229624999999 0.6498307234375 0.5392222062500001 0.5955244000000001 0.5211335625 0.5515771375 0.5416942375
0 0.6121673453125 0.5610648625 0.6136857234375 0.56844816875 0.655857140625 0.5817726515625 0.70437209375 0.5649444484374999 0.7069374109375001 0.55841026875 0.6600655296875 0.5438867843749999 0.6121673453125 0.5610648625
0 0.61375928125 0.524629640625 0.6662982765625001 0.5400852328125 0.730362578125 0.5174033140625001 0.7301607265625 0.50913634375 0.673853371875 0.48681463750000004 0.6123902734375 0.51439618125 0.61375928125 0.524629640625
0 0.675599628125 0.5443833375 0.72367185625 0.56023994375 0.7856037046875 0.5418920171875 0.7869354796875 0.53465808125 0.7383958484375001 0.5156014453125 0.6769314015625 0.537149403125 0.675599628125 0.5443833375
0 0.6947047078125 0.4888600703125 0.7550127703125 0.5136143203125 0.8371585453125 0.47917786875 0.8366068140625 0.47152767031250004 0.7799468921875 0.4377555609375 0.6940354531249999 0.47739306875 0.6947047078125 0.4888600703125
0 0.764377815625 0.504578515625 0.7644303 0.5156956390625 0.811003440625 0.5359194296875 0.8949178890624999 0.5101496171875 0.8963326468749999 0.5013322625 0.8488081093750001 0.4750250953125 0.764377815625 0.504578515625
0 0.3419506 0.487630015625 0.3432948125 0.49602713906250007 0.3549865171875 0.4999110703125 0.37602090781249997 0.47305959218750004 0.3933940078125 0.47634912968750004 0.3946386609375 0.4582741 0.3723793515625 0.451754675 0.3419506 0.487630015625
0 0.3817569078125 0.43737706875000004 0.3802144265625 0.44978624375000004 0.3941543234375 0.4561670484375 0.42761091249999994 0.419260865625 0.4721463359375 0.4376534578125 0.4754022640625 0.4095728703125 0.4261684 0.3900419 0.3817569078125 0.43737706875000004
0 0.6118128828125 0.371519890625 0.611825903125 0.3599227015625 0.5066421531249999 0.301476384375 0.4397289765625 0.37528875156249997 0.43846751875 0.3880100375 0.4756975703125 0.4039381015625 0.4753661359375 0.38756476093750003 0.524600409375 0.3389954375 0.5964393 0.375472296875 0.5974714031249999 0.38415044374999996 0.6118128828125 0.371519890625
0 0.5986341515625 0.4187076125 0.6363397125 0.397190553125 0.6885405062500001 0.42252725937499996 0.6909789921875 0.438416265625 0.7146383796875 0.42389499218750004 0.7158221234375 0.412656540625 0.6338987046875 0.37000092812499996 0.5970219343750001 0.398401190625 0.5986341515625 0.4187076125