0 0.7046358578125 0.4270698234375 0.7016968421875001 0.4194542671875 0.687596078125 0.44149701874999997 0.622977003125 0.433682396875 0.6211892671875 0.4425309109375 0.6881403203125 0.44928003437499997 0.7046358578125 0.4270698234375
0 0.624465390625 0.424854815625 0.623753690625 0.414677028125 0.6062408140625 0.43094217031250004 0.550616778125 0.427010709375 0.5510772890625 0.43359633750000004 0.6089014140625 0.43887800468749993 0.624465390625 0.424854815625
0 0.5478954468749999 0.40625723750000003 0.513036765625 0.4027609328125 0.48858917812499997 0.41732717656249996 0.48982624374999995 0.4244107546875 0.5410216984375 0.43170956718750003 0.54767515625 0.4243214734375 0.5478954468749999 0.40625723750000003
0 0.5227700093750001 0.404058271875 0.5467340609375 0.407327428125 0.546341834375 0.3875753140625 0.5225119375 0.400367653125 0.5227700093750001 0.404058271875
0 0.545402425 0.381212653125 0.5594887328125 0.3740465359375 0.5209222296875 0.3705622625 0.5008569421875 0.3806189140625 0.5017103265625 0.3857513671875 0.5420335281249999 0.38960728906250003 0.5456037109375 0.387626928125 0.545402425 0.381212653125
0 0.5346127093749999 0.3930931359375 0.5344630390625 0.3874169828125 0.4961081671875 0.3834234234375 0.4721922453125 0.39498555625 0.4716382015625 0.40120540625 0.5146850625 0.40511811406250003 0.5346127093749999 0.3930931359375
0 0.505662390625 0.4104466828125 0.5044081203124999 0.40311706249999996 0.46283750625 0.39910112343750004 0.43197564374999997 0.41386865312500004 0.43307507031250003 0.4189839015625 0.4772093234375 0.42430403906249997 0.505662390625 0.4104466828125
0 0.4449606109375 0.4616677734375 0.444513284375 0.45527070312499995 0.3922648453125 0.44705654375000003 0.345274353125 0.47160544687500006 0.346740253125 0.4784257796875 0.40209603125 0.48864785 0.4449606109375 0.4616677734375
0 0.3826416875 0.45440505625 0.38087813125 0.44686380468750003 0.3364686 0.437607009375 0.288585140625 0.459993153125 0.289261303125 0.466126978125 0.336920984375 0.47589823437499995 0.3826416875 0.45440505625
0 0.3831508609375 0.48997262499999994 0.327989509375 0.4789952265625 0.2698135890625 0.5097656625 0.27122270312499996 0.519309653125 0.32767790625000004 0.5346469734375 0.38708920468749997 0.50032873125 0.3831508609375 0.48997262499999994
0 0.3215304796875 0.4856279921875 0.3194176515625 0.47662769843749997 0.2719179875 0.46560903124999997 0.21114401562500001 0.49458318749999997 0.21238108125 0.5016667671875 0.2618094921875 0.51551749375 0.3215304796875 0.4856279921875
0 0.30841787656249997 0.5350047890625 0.249593459375 0.5176079421875001 0.1671867546875 0.558973553125 0.1689967546875 0.5707147109374999 0.2294470890625 0.5936844796875 0.309666971875 0.5457961921875001 0.30841787656249997 0.5350047890625
0 0.23677176718749998 0.5251801171875 0.23495659375 0.5169007421875 0.1886062859375 0.5011040640625 0.10543222031249999 0.538567425 0.10819714843749999 0.5462859 0.1568598859375 0.5668657625 0.23677176718749998 0.5251801171875
0 0.6590974921874999 0.49146902187499997 0.6570253609375001 0.4853624640625 0.643699484375 0.4830040609375 0.6266779765625 0.512490384375 0.609095603125 0.5104296234375 0.609958753125 0.5274785140625 0.6327341046875 0.5285180984375 0.6590974921874999 0.49146902187499997
0 0.624825521875 0.547167440625 0.626666453125 0.5358518937500001 0.6096931328124999 0.5330904953125 0.5833297453124999 0.570139571875 0.5345872671875 0.56005799375 0.5347818046875 0.5863663109374999 0.5890149 0.5996832109375 0.624825521875 0.547167440625
0 0.4060608734375 0.6559077703125 0.51663030625 0.6985035140625 0.5773892703125 0.6169341937499999 0.5744860125 0.603647225 0.5361075078125 0.59120896875 0.5395213562500001 0.607092425 0.49397962968750003 0.66160475625 0.4203576453125 0.63450855625 0.41948072812500004 0.6266733 0.40372087656250005 0.6412653203125 0.4060608734375 0.6559077703125
0 0.38263995624999997 0.6174045921875 0.32102727343750004 0.5973651953125 0.319784025 0.5842911703125 0.2952753359375 0.6008110656250001 0.2954447328125 0.6126440859375 0.38061121875000004 0.6448554484375 0.4167377390625 0.6156782921875 0.4135437203125 0.59352800625 0.38263995624999997 0.6174045921875