0 0.46177514999999997 0.5994558249999999 0.4030715671875 0.6250601578125 0.3544011875 0.5932432703125 0.3536620265625 0.5850100015625 0.337197971875 0.5976096 0.337753584375 0.609345190625 0.4025564765625 0.6572259625 0.4658049734375 0.6230799625000001 0.46472434218750003 0.5990250609375 0.47507587031250004 0.5913730312500001 0.46149486093750003 0.5824667484375 0.46177514999999997 0.5994558249999999
0 0.58773343125 0.6631909359375 0.5309240515625 0.7067493015624999 0.4621278421875 0.65613816875 0.4635547296875 0.6378807359375 0.4234430921875 0.65881135625 0.42169483750000003 0.67423160625 0.5089244374999999 0.7408506078125 0.527181871875 0.7422774953125 0.600072821875 0.6788794328125001 0.602562078125 0.6672584703125 0.586744765625 0.6551481578125 0.58773343125 0.6631909359375
0 0.5905872078125001 0.6266760687499999 0.588075378125 0.647696984375 0.6190918375 0.6657744734375 0.6769615921875001 0.6199213953125 0.6790066453125 0.607807096875 0.6579837390625001 0.5963640859375 0.655864984375 0.6098846921875001 0.6148915015624999 0.6382910515625 0.5905872078125001 0.6266760687499999
0 0.5300543906249999 0.4728906859375 0.48674543437500006 0.486093384375 0.486263078125 0.495297271875 0.4913496796875 0.49664963437500004 0.497004909375 0.49233142812499997 0.537769803125 0.5069543453125 0.5445668921875 0.5119251484375 0.5800822218749999 0.49722821875 0.5804936421875 0.48937784375 0.5300543906249999 0.4728906859375
0 0.5891998359375 0.4941772515625 0.62326234375 0.48130430625000004 0.6242009828125 0.4737530078125 0.575585715625 0.458718671875 0.5418932187500001 0.4697108859375 0.5388740796875 0.47552447343750004 0.5891998359375 0.4941772515625
0 0.5558370890625 0.5144159171875 0.5543144859375 0.5227509484375 0.5901641718749999 0.5379306078125 0.5959328953125 0.53144678125 0.627593209375 0.5436924265624999 0.6594180140625 0.5269019609375001 0.658774996875 0.518453434375 0.5976778859375 0.49815036875 0.5558370890625 0.5144159171875
0 0.6046594062499999 0.4996020375 0.669218903125 0.52117234375 0.6999183328125 0.5051372390625 0.7003865015625 0.49620405468750006 0.6377798218749999 0.47880778125 0.6057836265625001 0.4936891421875 0.6046594062499999 0.4996020375
0 0.6653945625000001 0.557888584375 0.6638577703124999 0.5664943171875 0.722162734375 0.5882797296875 0.7580741453125001 0.5608455921875 0.75879883125 0.552197296875 0.6798767609375 0.52498825 0.6398894734375 0.5473227515625 0.6653945625000001 0.557888584375
0 0.766792225 0.555059228125 0.7947976671875 0.533454015625 0.7938981359375 0.5247205984375001 0.7190803156250001 0.5020697843749999 0.6902048671875 0.5195577109375 0.6894234375 0.529288815625 0.766792225 0.555059228125
0 0.3698117390625 0.4213520296875 0.370071115625 0.42469894999999996 0.3982684453125 0.42037961875 0.3976436484375 0.41570919999999995 0.3729807578125 0.40789494687500005 0.34522459375 0.41209247031249996 0.3698117390625 0.4213520296875
0 0.3710619484375 0.43344651250000005 0.3949794625 0.44165648593749995 0.4342513765625 0.433424803125 0.43507188125 0.42883013124999997 0.405737959375 0.41888702499999997 0.3698887125 0.4254140265625 0.3710619484375 0.43344651250000005
0 0.37067299062500003 0.4629912921875 0.37083389843750003 0.46821710625 0.37827434375 0.472809934375 0.42783697812500004 0.45903062187500004 0.42861899687499994 0.45240495000000003 0.3927048515625 0.44081264375 0.37039539062500004 0.44616518125000004 0.37067299062500003 0.4629912921875
0 0.384854153125 0.43851715 0.3706132078125 0.43371285156250006 0.3709047265625 0.4447426015625 0.38487810625 0.443590859375 0.384854153125 0.43851715
0 0.4371626625 0.4580700875 0.479918453125 0.4497311328125 0.48123253125 0.44124929062499996 0.4444133296875 0.4303341875 0.40563621875000005 0.4401860015625 0.40559200000000006 0.44656048437500007 0.4371626625 0.4580700875