0 0.5842858718749999 0.6667881609374999 0.5461990890624999 0.6160057828125 0.5476417703124999 0.5989821453124999 0.5133059578125 0.6105235953125 0.5133059578125 0.6211994359374999 0.56783930625 0.6973730015624999 0.6558428562499999 0.6552467109375 0.656708465625 0.6445708703124999 0.6443014078125 0.6338950296875 0.64170458125 0.64226258125 0.5842858718749999 0.6667881609374999
0 0.6763289296874999 0.64918745 0.7501942046875001 0.611677740625 0.7516368859375 0.6033101890625 0.7323049578124999 0.5868636234375 0.729419596875 0.5992706828125 0.6780601468749999 0.6240847984375 0.6552657843749999 0.603021653125 0.6497835953125 0.622930653125 0.6763289296874999 0.64918745
0 0.50234158125 0.57676485625 0.475219175 0.5369468562499999 0.4628121171875 0.540409290625 0.4628121171875 0.5493539140625 0.5020530453125 0.6047528703125 0.5482188421874999 0.585998015625 0.5473532328124999 0.56522340625 0.50234158125 0.57676485625
0 0.45790700156249997 0.5173263921875 0.4351126390625 0.482124971875 0.4250138703125 0.484144725 0.4244367984375 0.4922237390625 0.454733103125 0.5337729578125 0.47579624843749996 0.526271015625 0.4755077109375 0.5115556671875 0.45790700156249997 0.5173263921875
0 0.5679880234375 0.39004781875 0.5400036453125 0.37202398125 0.5132050453125 0.3762927859375 0.51415366875 0.403091384375 0.521031184375 0.4068858765625 0.5670394 0.396332446875 0.5679880234375 0.39004781875
0 0.654787028125 0.47589819999999994 0.7074356046875 0.4588229859375 0.7079099171875 0.4528940921875 0.663798946875 0.42443540312500005 0.6135219281250001 0.4379532796875 0.6118618375 0.4445936421875 0.654787028125 0.47589819999999994
0 0.7176333015624999 0.45573996250000004 0.7624557390625 0.44032483750000007 0.764827296875 0.4327358546875 0.7164475234375 0.40807165625 0.6720993984375 0.41992944374999996 0.67138793125 0.42633264843749996 0.7176333015624999 0.45573996250000004
0 0.7894914953125001 0.49985093125 0.8373969562499999 0.48040415937500003 0.8390570468749999 0.47376379843749994 0.7821396671875 0.441747771875 0.7328112703125 0.4576372078125 0.731862646875 0.46380325781250004 0.7894914953125001 0.49985093125
0 0.66806775 0.48751883281249997 0.7211906390625 0.527835309375 0.7788194859375001 0.504594046875 0.7790566421875 0.498665153125 0.72142779375 0.46166885625000004 0.6706764640625 0.4794555375 0.66806775 0.48751883281249997
0 0.8115469796875001 0.590444428125 0.8710730734375 0.5617485828125 0.8724960078124999 0.554871065625 0.7966061671875 0.507439915625 0.7418231890625 0.5299697125 0.7415860328125 0.537321540625 0.8115469796875001 0.590444428125
0 0.883168015625 0.5565311562499999 0.9347731078124999 0.5328155812500001 0.9376189765625 0.5238036625 0.861254825 0.4830128734375 0.8108355125 0.5034082671875 0.8087011109375 0.5095743171875 0.883168015625 0.5565311562499999
0 0.5786600328125 0.3959767125 0.6220595343750001 0.3848303921875 0.621822378125 0.3789014984375 0.5909921312499999 0.36064050625 0.551149965625 0.37083820312500004 0.5504384984375 0.37581847343749997 0.5786600328125 0.3959767125