0 0.704030978125 0.4775734296875 0.7045760921875 0.46809111562499994 0.6838460937499999 0.48500131562500004 0.62378370625 0.46455054531249995 0.622643303125 0.4694203953125 0.6854220890625 0.492040453125 0.704030978125 0.4775734296875
0 0.6288449296875 0.4550193875 0.6304664359375 0.4426279625 0.608353815625 0.45619546718750004 0.5565046453125 0.4402918109375 0.55449639375 0.44529035781250004 0.608403325 0.46550091250000003 0.6288449296875 0.4550193875
0 0.5621874984375 0.3936834046875 0.5762334328125001 0.389117115625 0.5416297 0.377662890625 0.518696075 0.3815071953125 0.518198471875 0.3859269515625 0.554506225 0.4004988296875 0.561593540625 0.398649609375 0.5621874984375 0.3936834046875
0 0.534048784375 0.4126678734375 0.5589286515625 0.4201537703125 0.561770409375 0.3992442328125 0.5356069437500001 0.407026528125 0.534048784375 0.4126678734375
0 0.5539967890625 0.43534211093749997 0.5567428609375 0.41976835625 0.52888920625 0.4083774765625 0.49666663906249997 0.41537310781250003 0.4976480109375 0.422589115625 0.54427425625 0.44095245156249996 0.5539967890625 0.43534211093749997
0 0.55068109375 0.3998243546875 0.5132804421875 0.385059771875 0.48647350781250004 0.388502825 0.48459394843750003 0.39436921875 0.5228624468749999 0.4090051078125 0.5492833015625 0.402958509375 0.55068109375 0.3998243546875
0 0.51571111875 0.412815071875 0.5158226421875 0.405791771875 0.4796917578125 0.3918145171875 0.44465643593750004 0.3971873078125 0.44404664218749995 0.40384103437499996 0.486076259375 0.421112140625 0.51571111875 0.412815071875
0 0.4454611078125 0.4507910703125 0.447748896875 0.44323394218749995 0.39630133125 0.42078866093749995 0.3461666734375 0.434238046875 0.345277521875 0.44108652968750006 0.39777910781250003 0.466583453125 0.4454611078125 0.4507910703125
0 0.38656531875 0.42544036093750004 0.38672792500000003 0.41910061093750006 0.3422198484375 0.3988342125 0.2918121734375 0.4084144046875 0.29008756875 0.4163892578125 0.33626655 0.4344029140625 0.38656531875 0.42544036093750004
0 0.37915892812499996 0.462026528125 0.32674835 0.4378193375 0.262954034375 0.45650226250000003 0.26122943125 0.4644771171875 0.3164380390625 0.49268030781250005 0.3800503421875 0.4714179203125 0.37915892812499996 0.462026528125
0 0.3168489796875 0.44339749531250006 0.3179738421875 0.4334063640625 0.2762809421875 0.4098153046875 0.2075447609375 0.4222136859375 0.20640199531249998 0.4341121890625 0.2512919984375 0.4576301421875 0.3168489796875 0.44339749531250006
0 0.2245164578125 0.459595734375 0.22620450781249998 0.4500223296875 0.1849837875 0.4255592640625 0.09156145 0.4425206015625 0.0910721234375 0.4507132703125 0.135127428125 0.48077088593750006 0.2245164578125 0.459595734375
0 0.2954748625 0.490576040625 0.24231833281249998 0.45795836875000007 0.150095471875 0.4789522609375 0.147771884375 0.49032413124999996 0.2032177125 0.5262112578125 0.29325942656250004 0.4959169796875 0.2954748625 0.490576040625
0 0.645562771875 0.531103846875 0.648846721875 0.5226852640625 0.6330769484375 0.5141461453125 0.609756221875 0.5402661109375 0.5932681109375 0.533759759375 0.5888560765624999 0.55061715625 0.6112578515625 0.5603256765625 0.645562771875 0.531103846875
0 0.5995359421875001 0.5737347125000001 0.60228534375 0.5601832015625 0.5873578546875 0.5550317453125 0.554798196875 0.5845613125 0.5099533296875001 0.563337459375 0.5014976921875001 0.5888393953125 0.55213313125 0.6139635250000001 0.5995359421875001 0.5737347125000001
0 0.361452571875 0.6156121109375 0.3634254984375 0.628916578125 0.4625430671875 0.6975002234375001 0.53796785 0.626941728125 0.538869125 0.6116247218749999 0.5027101125 0.5962512828125 0.5014597843749999 0.611506740625 0.4493759625 0.6537894046875 0.3821891609375 0.6102708984375 0.3812642453125 0.6032696125 0.361452571875 0.6156121109375
0 0.2648416234375 0.559347321875 0.3389083203125 0.6148760984375 0.3811596765625 0.589574775 0.38399000625 0.567399809375 0.3451254625 0.5857403078125001 0.2926410453125 0.55273214375 0.2930904046875 0.5358958312500001 0.2671399625 0.5503950453125 0.2648416234375 0.559347321875