0 0.19017179687500002 0.3051659109375 0.222029971875 0.3516503734375 0.2325975953125 0.32074206875 0.32967545781249996 0.3255524609375 0.35058401250000004 0.3942649671875 0.34713775 0.4046554828125 0.362901590625 0.40551055312499995 0.36652507343749996 0.3961214078125 0.33731813593750004 0.30111521875 0.19398453437500002 0.2930703109375 0.19017179687500002 0.3051659109375
0 0.3710140890625 0.41324791875000005 0.346876246875 0.411930903125 0.34257834374999996 0.43450045781249996 0.353581378125 0.43625884218750005 0.36749575156250003 0.48124130625 0.3852279203125 0.48223401718750003 0.3883077078125 0.4735485828125 0.3710140890625 0.41324791875000005
0 0.36928283125 0.30011150781249996 0.365895078125 0.3132010796875 0.38070932343749997 0.362993559375 0.3860705 0.328754253125 0.4834856 0.335813425 0.4824036078125 0.4113945078125 0.50679609375 0.41260570625000004 0.51449701875 0.30954886406250004 0.36928283125 0.30011150781249996
0 0.48442366562499994 0.4461499578125 0.4830834859375 0.490065721875 0.5001807625 0.48953057031249997 0.505037709375 0.42360874062500004 0.4824191265625 0.42177984999999996 0.48018586562500004 0.4325024328125 0.47893676718749995 0.4432938359375 0.48442366562499994 0.4461499578125
0 0.48233681875 0.5078150953125 0.4911720375 0.5405746671875 0.5010308890624999 0.541016821875 0.5030179953125 0.4949210984375 0.483317496875 0.49379074999999994 0.48233681875 0.5078150953125
0 0.362529565625 0.4999318453125 0.376044625 0.5011241546874999 0.38607804687499997 0.53372026875 0.40382742031249996 0.5344669375 0.4046068140625 0.526856865625 0.39379291875 0.4870360921875 0.36769294218750004 0.48619997968749995 0.3646303609375 0.49463937343750003 0.362529565625 0.4999318453125
0 0.3539827203125 0.5754854218750001 0.4157390546875 0.5798038453125 0.4219262953125 0.6044664359375 0.42561691250000006 0.604724509375 0.42831819375 0.6014519828125 0.41989420468749994 0.5734188078125 0.354904925 0.5693688015625 0.3539827203125 0.5754854218750001
0 0.434396915625 0.5887731015625 0.4382148265625 0.5801392843750001 0.4968070359375 0.5837419609375 0.49667625624999995 0.5785406875 0.433758534375 0.5731520734375 0.434396915625 0.5887731015625
0 0.5076982937500001 0.60477758125 0.5654319453125 0.6100509328125 0.573520265625 0.58984800625 0.5737215515625 0.5834337296875 0.5109122328125 0.580030653125 0.5076982937500001 0.60477758125
0 0.560191203125 0.64256795 0.5598815140625 0.6469966921875 0.6074190765624999 0.6495791093750001 0.6168219406250001 0.6388633859375 0.6166739578125 0.6339081531249999 0.5655318031250001 0.62983745625 0.560191203125 0.64256795
0 0.5678614343749999 0.6248082312500001 0.5677805828125 0.6295002171874999 0.6199069015625 0.6336397328125 0.6305864156250001 0.6188101296874999 0.630421225 0.6141009375 0.573568509375 0.610372653125 0.5678614343749999 0.6248082312500001
0 0.578164125 0.604760146875 0.5793306859375 0.6092921171875 0.6379056890625 0.6131408375 0.652991565625 0.5954051812500001 0.6529640156250001 0.588727659375 0.589204940625 0.5847636781250001 0.578164125 0.604760146875
0 0.5673036765624999 0.533783340625 0.568315390625 0.5405296828124999 0.6467853203125 0.5462640796875 0.671871059375 0.5057394765625001 0.6718607140625 0.49881591406250003 0.580808275 0.4926961515625 0.5673036765624999 0.533783340625
0 0.58420978125 0.4758741546875 0.5835215875 0.485715803125 0.6809194828125 0.49302101406250004 0.7170167984375 0.43645380781250004 0.7162803609374999 0.425770809375 0.6029069953125 0.4171012375 0.58420978125 0.4758741546875
0 0.61010235 0.399061065625 0.611141615625 0.41248492968750006 0.7329440296875 0.4172935203125 0.7933769296875 0.32385791875000003 0.792532090625 0.311189384375 0.6418344578124999 0.3023822890625 0.61010235 0.399061065625
0 0.7573382 0.40787333437499995 0.7613075828125 0.41828791406250004 0.8836072515625 0.42659269687499995 0.98820195625 0.33451448125 0.980536784375 0.3203800453125 0.8288377812500001 0.311750171875 0.7573382 0.40787333437499995
0 0.6998715109375 0.4871761859375 0.701712546875 0.49620571875 0.79642119375 0.503075634375 0.859337 0.44838375937499997 0.8565754453125001 0.4348394625 0.7423091109375 0.4283326484375 0.6998715109375 0.4871761859375
0 0.6666131109375 0.5385025359375 0.6659937359375 0.54736001875 0.7449557484375 0.553128825 0.7844942703125 0.51806525625 0.7857261624999999 0.5075198953125 0.6937755828125 0.50010110625 0.6666131109375 0.5385025359375