0 0.5612456609375001 0.5525504140625 0.59719753125 0.536643565625 0.6458242859375 0.56483404375 0.6649580281249999 0.5603963703125 0.6655396953125 0.551632953125 0.5965755140625 0.513498590625 0.56150775 0.5339106375 0.5612456609375001 0.5525504140625
0 0.46051725781249997 0.5324600687500001 0.46548012656250004 0.5207630734375 0.506500715625 0.49215214218750003 0.5650925453125 0.5224082078125 0.5738196656250001 0.5168767546875 0.5761503859375 0.5076183578125 0.492467934375 0.4642035765625 0.43399411718750003 0.5103262375 0.43401327968750003 0.519831615625 0.46051725781249997 0.5324600687500001
0 0.4209251328125 0.54425084375 0.4597259203125 0.5561353062500001 0.461772346875 0.536664853125 0.4241369203125 0.5201511921875 0.3841062890625 0.5522602328125 0.3814580203125 0.5645399062500001 0.3932608625 0.5684956828125001 0.4209251328125 0.54425084375
0 0.65379839375 0.6019885859375 0.6522802000000001 0.609974759375 0.7042629171875 0.6320692515624999 0.773535525 0.609142971875 0.7740819078125 0.6007152515625 0.7219217625 0.5738504296875 0.65379839375 0.6019885859375
0 0.716435728125 0.62927579375 0.7164014578125 0.636060309375 0.7616349421875 0.6577848359375 0.8321273546875 0.6393990390625001 0.83083596875 0.6290811328125 0.7843655453125 0.6062083828125 0.716435728125 0.62927579375
0 0.7402924515625 0.6606327375000001 0.7411392484375 0.652575996875 0.6955176484375001 0.6345441453125 0.64286961875 0.6510719968750001 0.6404149 0.6582809234375 0.6855415203125 0.6745637234374999 0.7402924515625 0.6606327375000001
0 0.6328702749999999 0.655790921875 0.6868429468749999 0.63634764375 0.6863116687499999 0.6284854703125 0.6375095125 0.6084222968749999 0.5835721234375 0.627529878125 0.5831668734375001 0.6346148078125 0.6328702749999999 0.655790921875
0 0.6173757734375 0.65789585 0.6181872875 0.6501748093749999 0.567654225 0.6336631749999999 0.528504659375 0.6509309609375 0.528841371875 0.6574150609375 0.571883240625 0.6741575578125001 0.6173757734375 0.65789585
0 0.5858222390625001 0.6674768624999999 0.5831558218749999 0.6766999765625 0.6261795421875 0.6903859109375 0.671584375 0.67818785625 0.672219471875 0.672145303125 0.6284356421874999 0.6560036359375 0.5858222390625001 0.6674768624999999
0 0.4650584203125 0.6924142875 0.464436684375 0.69646490625 0.5031888640625 0.7081818640625 0.5368466062499999 0.6993715328125 0.5345703828125 0.6930563421875 0.4925633859375 0.6806052921875 0.4650584203125 0.6924142875
0 0.45387642812499995 0.6943749875 0.48076955468750004 0.68465766875 0.48245197187500005 0.677974553125 0.43546582031250003 0.6644121765625 0.427896090625 0.6693005203125 0.42530727031250004 0.6864722859375 0.45387642812499995 0.6943749875