0 0.632659290625 0.4775928875 0.6305435484374999 0.4667083296875 0.6181588062500001 0.463258590625 0.603073021875 0.4975682359375 0.5837340265625001 0.49923553906249996 0.5893769390625 0.513199753125 0.6106192515625 0.5170195750000001 0.632659290625 0.4775928875
0 0.6091851703125 0.5290125109375 0.6033628796875 0.5184300703125 0.5881335625 0.5197168953125 0.5680308187499999 0.5583486468750001 0.5221974734375 0.5593088390625 0.526574353125 0.5839782359375 0.579462040625 0.5891773625 0.6091851703125 0.5290125109375
0 0.40408248281250003 0.6705260421875 0.525657425 0.6933326203125 0.569461178125 0.606600784375 0.565173053125 0.59530176875 0.5283096203125 0.5907531140625 0.4936778125 0.664406290625 0.41708464375 0.6491723171875 0.411486109375 0.6418932921875 0.39941388125 0.655117346875 0.40408248281250003 0.6705260421875
0 0.4092630203125 0.6067812499999999 0.3730916453125 0.6380773375000001 0.312656796875 0.6284881421875 0.308704771875 0.6146136140625 0.28549025 0.6329320578125001 0.2884679625 0.6482510625 0.377468525 0.6627467359375 0.4112211109375 0.6319208109375001 0.4092630203125 0.6067812499999999
0 0.418173346875 0.47828510468749996 0.41509461718749996 0.46675100468749997 0.3619378640625 0.46662454374999995 0.319406071875 0.4974835171875 0.32105165 0.5059492828125001 0.3791913765625 0.5080357 0.418173346875 0.47828510468749996
0 0.3529566234375 0.47422740937499996 0.3499336015625 0.46728448125 0.302835153125 0.4638885859375 0.2585567640625 0.49006670156250004 0.25834340624999996 0.4997305359375 0.3123734546875 0.502197428125 0.3529566234375 0.47422740937499996
0 0.363905421875 0.519792621875 0.3608823984375 0.5128496953125 0.304702625 0.5057803046875 0.24681784218749997 0.5458990499999999 0.252796853125 0.5572877546874999 0.3134110765625 0.563495175 0.363905421875 0.519792621875
0 0.2953182515625 0.51346153125 0.2922281953125 0.5040214515625 0.2417479703125 0.5004461796874999 0.18371779531250002 0.53766464375 0.186091275 0.5455705562500001 0.237758240625 0.553098784375 0.2953182515625 0.51346153125
0 0.2881034671875 0.566741021875 0.22742220937500002 0.55803645 0.1484395796875 0.6122969281249999 0.1508017328125 0.622296859375 0.2182238875 0.635548225 0.2947320203125 0.577166740625 0.2881034671875 0.566741021875
0 0.21504786562499997 0.567553959375 0.21348064843749998 0.5594913234375001 0.16086202656249998 0.5492195359375 0.07820683125 0.5975000703125 0.0811288390625 0.60822790625 0.138719109375 0.6225536671875 0.21504786562499997 0.567553959375
0 0.6675090703125 0.40315277031249996 0.663818734375 0.39742679999999997 0.65414799375 0.4194956078125 0.5894688171875 0.42154390937499997 0.5904687109375 0.4277928484375 0.6565965859375 0.4254629484375 0.6675090703125 0.40315277031249996
0 0.58936605625 0.40996594374999995 0.586595634375 0.402342946875 0.5711994015624999 0.4203700375 0.517879603125 0.42450583281250004 0.5195464125 0.42976603124999996 0.576320990625 0.42903945 0.58936605625 0.40996594374999995
0 0.5142464640625 0.42349383124999995 0.51042476875 0.40383291093749996 0.47985861406249997 0.4056936140625 0.45413197343749995 0.42250708125 0.454551225 0.42908366249999996 0.5064451062499999 0.42866146406250005 0.5142464640625 0.42349383124999995
0 0.487510209375 0.40528017656250004 0.510091309375 0.40432728124999995 0.5070916265625 0.3855804640625 0.4867977296875 0.3994049234375 0.487510209375 0.40528017656250004
0 0.517722034375 0.3695536390625 0.4814013109375 0.37274769218750003 0.46045794375 0.3843358546875 0.462998625 0.38856708281249996 0.5054703843749999 0.387184259375 0.5048902187500001 0.37977985 0.517722034375 0.3695536390625
0 0.49762298437499997 0.3932199515625 0.496335675 0.386597325 0.45642785625000004 0.38791131874999996 0.43484035624999995 0.40392022031249997 0.43547238125 0.40938156093750006 0.4791916984375 0.40668235468749997 0.49762298437499997 0.3932199515625
0 0.46869408437500004 0.41344797031249997 0.467406778125 0.406825346875 0.42525605625 0.407716209375 0.3995580140625 0.42688666093750005 0.40130527968749996 0.43256077499999995 0.44495074375000004 0.4305202546875 0.46869408437500004 0.41344797031249997