0 0.7972258078125 0.540763903125 0.7046265421875 0.496388078125 0.69923988125 0.501005215625 0.695648775 0.5081874296875 0.790556609375 0.5551283328125 0.8336498953125 0.5166521828125 0.8351889421875001 0.5079309234375 0.7972258078125 0.540763903125
0 0.6882100515625 0.507674415625 0.6302393203125 0.546407071875 0.629213290625 0.5571803937500001 0.7251471546875 0.6154076328125 0.7808093171875 0.565645146875 0.781065825 0.5546153171875 0.6882100515625 0.507674415625
0 0.538794340625 0.6095592578125 0.5386660859375 0.6180240109375 0.6366520125 0.6960023390625001 0.7112957421874999 0.6292590453125 0.7128347875000001 0.6161771546875 0.6166444156249999 0.5582064234375 0.538794340625 0.6095592578125
0 0.5163499203125 0.5995041578125 0.5925326953125001 0.5494851640625 0.5927892031249999 0.5423029484375 0.52173658125 0.49869664687500004 0.4481188828125 0.5343512109375 0.447862375 0.5456375484375 0.5163499203125 0.5995041578125
0 0.6048450625 0.5415334265625 0.6651243625000001 0.5051093390625 0.6635853171874999 0.4966445859375 0.5943282484375 0.46124652812500005 0.5353314874999999 0.4904884015625 0.5368705328125001 0.5002356921875 0.6048450625 0.5415334265625
0 0.607666646875 0.46355509687499996 0.6761541921875 0.4984401390625 0.7130912953124999 0.4750979421875 0.7112957421874999 0.46919826562500005 0.680514821875 0.4868972953125 0.61510536875 0.457655421875 0.6130533078125 0.4512427296875 0.605358078125 0.4568858984375 0.607666646875 0.46355509687499996
0 0.5209670578125001 0.43015780000000003 0.4647918796875 0.4509349203125 0.46658743437499994 0.4588866578125 0.5171194421875 0.489924084375 0.5776552500000001 0.46401681093749997 0.5768857281249999 0.4545773296875 0.5209670578125001 0.43015780000000003
0 0.3793748296875 0.48479393125000003 0.379118321875 0.49402820781249995 0.42862429999999996 0.5332738796875 0.503011521875 0.498901853125 0.5022419984375001 0.48812853125 0.4494014203125 0.45606507343749997 0.3793748296875 0.48479393125000003
0 0.589454603125 0.45632158125 0.61510536875 0.444265721875 0.6166444156249999 0.42810573906249993 0.580476834375 0.44400921406249994 0.53097085625 0.422719078125 0.532509903125 0.43118383125 0.589454603125 0.45632158125
0 0.4906991546875 0.374803446875 0.462226803125 0.3853202609375 0.436063021875 0.3732644015625 0.43580651406250004 0.366851709375 0.4255462078125 0.37403392343749997 0.4240071625 0.3789075703125 0.46043124999999996 0.39635009062500004 0.5078851671875 0.38224216875 0.5073721515625 0.37505995468750003 0.49249470781250004 0.3681342484375 0.4906991546875 0.374803446875
0 0.37629673750000003 0.38301169218750003 0.3196085453125 0.397376121875 0.321147590625 0.405327859375 0.3521850171875 0.4273875171875 0.4101557484375 0.40840595 0.409899240625 0.4017367515625 0.37629673750000003 0.38301169218750003
0 0.34012915781249997 0.3627475875 0.2890841328125 0.375829478125 0.2890841328125 0.3824986765625 0.3139653765625 0.39942818281250003 0.36937103125 0.38557676875 0.36834500000000003 0.3778815390625 0.34012915781249997 0.3627475875
0 0.309861253125 0.3465876046875 0.260868290625 0.35813044843749997 0.260355275 0.3627475875 0.2816454109375 0.3789075703125 0.3349990046875 0.36505615625 0.33422948125 0.36043901875 0.309861253125 0.3465876046875
0 0.188276621875 0.373520909375 0.188276621875 0.3796770921875 0.20597565156250003 0.39686310625 0.2675374890625 0.3812161390625 0.265485428125 0.3753164625 0.2470168765625 0.3601825109375 0.188276621875 0.373520909375
0 0.2129013578125 0.3945545375 0.2129013578125 0.4004542125 0.23444800156249998 0.42200085625000006 0.299600946875 0.40430182812500004 0.2985749171875 0.3967348515625 0.2742066890625 0.3796770921875 0.2129013578125 0.3945545375
0 0.2365000625 0.41994879531249996 0.24060418593750002 0.42995259375000006 0.2662549515625 0.454320821875 0.3367945578125 0.4322611625 0.334742496875 0.42443767968749996 0.30242253125 0.40224976718749994 0.2365000625 0.41994879531249996
0 0.388352596875 0.3609520328125 0.417850978125 0.3753164625 0.4334979453125 0.3704428171875 0.4345239765625 0.3619780640625 0.422211609375 0.3647996484375 0.3993824265625 0.35659140312500004 0.3998954421875 0.349665696875 0.388352596875 0.3550523578125 0.388352596875 0.3609520328125