0 0.2560143765625 0.46754083125 0.3408592171875 0.44558969531250003 0.33937936562500004 0.4376971515625 0.2587274375 0.4591550046875 0.22691062187500002 0.43301095468749995 0.22740390625 0.441890065625 0.2560143765625 0.46754083125
0 0.35713758906250004 0.440163571875 0.425704059375 0.42265199062500003 0.425704059375 0.4154993734375 0.3662633421875 0.43202438593750003 0.33789951406249996 0.4159926578125 0.33814615625 0.429804609375 0.35713758906250004 0.440163571875
0 0.4251363375 0.358675603125 0.4251363375 0.36264041874999997 0.455953765625 0.3563327578125 0.455593328125 0.35200750468750003 0.42765940156250004 0.3431767796875 0.3990046 0.3478624703125 0.4251363375 0.358675603125
0 0.45289004374999997 0.3819238375 0.4984854203125 0.37183158125000004 0.49830520156249997 0.36534370156249996 0.46370317656250004 0.35525144375 0.42477590000000004 0.36209976093749996 0.42639786874999996 0.371290925 0.45289004374999997 0.3819238375
0 0.42910115312499997 0.40841601406250005 0.4287407140625 0.4140027984375 0.4363099078125 0.4183280515625 0.49145688437499996 0.40228857187499995 0.49145688437499996 0.3956204734375 0.4537911390625 0.38102274375 0.4265780875 0.3866095296875 0.42910115312499997 0.40841601406250005
0 0.5020897984375 0.4001259453125 0.551469771875 0.3871501859375 0.5500280203125001 0.38102274375 0.508217240625 0.367326109375 0.465325146875 0.3799414296875 0.46496470937499995 0.385708434375 0.5020897984375 0.4001259453125
0 0.319340653125 0.52502120625 0.378121940625 0.5815416765625 0.41994708750000004 0.5651507390625 0.41712106406249994 0.5346296859375 0.38094796406250003 0.5498902125 0.3425140453125 0.508065065625 0.31821024375 0.5137171125 0.319340653125 0.52502120625
0 0.3945128765625 0.60471506875 0.4860760375 0.6883653625 0.578204403125 0.6222364140625001 0.580465221875 0.6075410921875 0.5934649296875001 0.5979326125 0.5544658046875 0.5708027859375 0.55616141875 0.596802203125 0.48098919531249995 0.6324100984375 0.41881667812499995 0.5849329046875 0.4193818828125 0.5753244234375 0.3922520578125 0.5871937234375 0.3945128765625 0.60471506875
0 0.6058994328125 0.5928457703125 0.683332475 0.544238165625 0.68559329375 0.5334992765625 0.6567678546875 0.5165431359375 0.6539418312499999 0.5312384578125 0.6036386140625 0.56119430625 0.5595526468750001 0.5368905046875 0.5539006 0.564585534375 0.6058994328125 0.5928457703125
0 0.6262468015625 0.73866858125 0.5714219468749999 0.6855393390625 0.5742479703125001 0.646540215625 0.5137710671875 0.6878001578124999 0.514336271875 0.7092779375 0.5539006 0.73866858125 0.6262468015625 0.73866858125
0 0.7488962203125 0.7002346609375001 0.7124596671875 0.73866858125 0.75624388125 0.73866858125 0.7760260453125001 0.7200168265625 0.7732000218749999 0.7036258906249999 0.7443745828125 0.689495771875 0.7488962203125 0.7002346609375001
0 0.7901561625 0.69966945625 0.8562851125 0.621671209375 0.8608067500000001 0.61375834375 0.833676925 0.5979326125 0.8285900828124999 0.61375834375 0.7794172734375 0.6612355375 0.7624611328124999 0.6521922625000001 0.7579394953125 0.6753656546875 0.7901561625 0.69966945625
0 0.5951439765625001 0.4466195578125 0.643607275 0.46644545156249995 0.6843605015625001 0.44882243437499997 0.6847276484375 0.44001092656249996 0.6190084796875001 0.41614642343749997 0.5676080125 0.4345037328125 0.5668737203124999 0.4429480953125 0.5859653218750001 0.45212675 0.5951439765625001 0.4466195578125
0 0.6975777640625 0.44074521874999995 0.7375967 0.42312220156249997 0.7368624078125 0.41541213125 0.671510384375 0.39595338281250003 0.62855428125 0.4117406703125 0.6307571578125 0.4216536171875 0.6975777640625 0.44074521874999995
0 0.7346595296875 0.509768703125 0.7431038921875001 0.5020586328125 0.7599926171875 0.5116044343749999 0.7970743828125 0.48516990781249997 0.796340090625 0.47709269218749994 0.7096935890625 0.4466195578125 0.6571916843750001 0.4719526453125 0.6641674609375 0.4737883765625 0.6626988765624999 0.4855370546875 0.7346595296875 0.509768703125
0 0.8492091421874999 0.5578648546875 0.9116239953124999 0.578425040625 0.94907290625 0.53473464375 0.9498071984375 0.5233531124999999 0.8253446390624999 0.48406846875 0.7794513656250001 0.5185802109375001 0.8525134578125 0.5450147375000001 0.8492091421874999 0.5578648546875
0 0.95384580625 0.5266574281249999 0.982483209375 0.49251283125 0.9846860875000001 0.48296703125 0.871605059375 0.44918958125 0.8389290484374999 0.47819412968749997 0.8352575859375 0.486271346875 0.95384580625 0.5266574281249999
0 0.80331586875 0.47819412968749997 0.8400304875 0.45579821249999997 0.8400304875 0.44551811875 0.7599926171875 0.4212864703125 0.7199736828125001 0.4418466578125 0.7174036593750001 0.4499238734375 0.80331586875 0.47819412968749997