0 0.3334960234375 0.459121565625 0.398439984375 0.44613277343749996 0.3977378875 0.440515996875 0.335251265625 0.4496432578125 0.3184009390625 0.4261230109375 0.3155925515625 0.4370055125 0.3334960234375 0.459121565625
0 0.4124819234375 0.44718591874999997 0.4711070125 0.4352502703125 0.46794757656249997 0.42717615625 0.4075672453125 0.43560131875 0.3952805484375 0.41734679999999996 0.39457845156250004 0.42998454375 0.4124819234375 0.44718591874999997
0 0.470404915625 0.4261230109375 0.478830078125 0.4313887375 0.531136296875 0.4240167203125 0.5286789578125 0.41699575156249996 0.5027013734375 0.4022517171875 0.4700538671875 0.40821954062500004 0.470404915625 0.4261230109375
0 0.47193994375 0.4078345 0.494706896875 0.404751475 0.494706896875 0.40048267187500003 0.4712284765625 0.38743910625 0.47193994375 0.4078345
0 0.47051700937499996 0.384118925 0.470754165625 0.3890991953125 0.47502296875 0.39028497500000003 0.5158137578125 0.382933146875 0.5162880703125 0.37937580937500004 0.49280965 0.3717868265625 0.45818491093749997 0.3760556296875 0.47051700937499996 0.384118925
0 0.500398634375 0.4042771640625 0.544746759375 0.3990597375 0.54616969375 0.39099644218749996 0.5217426515625 0.3815102125 0.48284910937500003 0.388387728125 0.4821376421875 0.39455377812500003 0.500398634375 0.4042771640625
0 0.539292178125 0.42324962343749994 0.5867233281249999 0.4142377046875 0.586249015625 0.4085459671875 0.5549444578125 0.39526524531249996 0.5146279796875 0.4040400078125 0.5139165125 0.4078345 0.539292178125 0.42324962343749994
0 0.6227397109374999 0.48350982968749995 0.675749784375 0.47064330625000006 0.6747204625000001 0.4621514015625 0.629172971875 0.43847699999999995 0.5766775578125001 0.452630175 0.5759055671875 0.4613794109375 0.6227397109374999 0.48350982968749995
0 0.687072325 0.46678335000000004 0.7359651125 0.45391682656250004 0.734678459375 0.4479982265625 0.6847563515624999 0.42844111093750004 0.6407528421875 0.4369330171875 0.639466190625 0.44465292968750003 0.687072325 0.46678335000000004
0 0.635091571875 0.4938030484375 0.6976228734375 0.5251973640625 0.7575808703125 0.506412240625 0.7573235406250001 0.49689101406249997 0.694277578125 0.4680700015625 0.6376648765625 0.4827378390625 0.635091571875 0.4938030484375
0 0.7663301062500001 0.5020376234375 0.8170242062499999 0.4845391515625 0.815994884375 0.47501792500000006 0.751147609375 0.45237284375 0.7040561359375 0.465754028125 0.7050854578125 0.473988603125 0.7663301062500001 0.5020376234375
0 0.8033856921875 0.581552734375 0.867203646875 0.554018375 0.8692622906249999 0.542181175 0.7799686203125 0.5043535968749999 0.722841259375 0.5251973640625 0.7194959625 0.532659946875 0.8033856921875 0.581552734375
0 0.88007016875 0.55195973125 0.9297349484374999 0.526741346875 0.9325655828125001 0.5182494421875 0.8414706000000001 0.48479648124999997 0.7943791265625 0.5010083015625 0.79283514375 0.512330840625 0.88007016875 0.55195973125
0 0.364611 0.5012878187500001 0.391318175 0.5345750218750001 0.4157029875 0.5318655984375 0.4153159265625 0.5136737546875 0.3994464453125 0.51831848125 0.38009342031250004 0.48967600312500004 0.3661592421875 0.49238542656249995 0.364611 0.5012878187500001
0 0.39983350624999997 0.550444503125 0.439313678125 0.6019235515625 0.4907927265625 0.5872152515625 0.49195390781250004 0.5581857140625 0.4424101625 0.5709587109375 0.41415474531249996 0.536510325 0.398672325 0.53999386875 0.39983350624999997 0.550444503125
0 0.452086675 0.61314830625 0.51401635625 0.696366315625 0.6251027234375 0.6495319937499999 0.6262639046875 0.639081359375 0.6103944234374999 0.6232118796874999 0.609620303125 0.63134015 0.5368529265624999 0.654950840625 0.490405665625 0.60811651875 0.49195390781250004 0.5937952796875 0.4536349171875 0.6042459140625 0.452086675 0.61314830625
0 0.6475522328125 0.6417907828125 0.7369632109375 0.60347179375 0.7342537859375 0.5891505546875 0.71103015625 0.5721198921874999 0.7118042765625 0.5876023125 0.652196959375 0.612374184375 0.6134909078125 0.584505828125 0.611942665625 0.6116000640625 0.6475522328125 0.6417907828125