0 0.31612559687499997 0.5111224359375 0.38242549375 0.49959201875000003 0.3800233234375 0.49382680937499995 0.31852776718750003 0.50295505625 0.302193009375 0.4842181296875 0.3007517078125 0.490463771875 0.31612559687499997 0.5111224359375
0 0.3977993828125 0.4962289796875 0.45064712656249994 0.48565943125000005 0.45112756093749995 0.4798942234375 0.39347547656250004 0.48613986562499995 0.377621153125 0.47268771249999997 0.3785820203125 0.48037465625 0.3977993828125 0.4962289796875
0 0.4532490359375 0.434313225 0.45350554374999996 0.4402129 0.4588922046875 0.4427779765625 0.4968553375 0.43636528593749996 0.4968553375 0.4322611625 0.47607821718750004 0.4230268875 0.439397621875 0.42892656406249996 0.4532490359375 0.434313225
0 0.5117327828125 0.47586746562500004 0.5091677046875 0.46740271250000004 0.48531249374999996 0.4545773296875 0.454275065625 0.45970748281249996 0.45299252812499996 0.47586746562500004 0.4617137890625 0.48381920312500004 0.5117327828125 0.47586746562500004
0 0.47607821718750004 0.45278177499999994 0.454275065625 0.44123893125 0.4532490359375 0.45945097500000004 0.47633472499999996 0.456629390625 0.47607821718750004 0.45278177499999994
0 0.50249850625 0.43508274687500004 0.463252834375 0.44123893125 0.463252834375 0.446369084375 0.48454297031250004 0.456629390625 0.528149271875 0.4489341609375 0.528149271875 0.4450865453125 0.50249850625 0.43508274687500004
0 0.56611240625 0.45893795937500004 0.53764005625 0.446369084375 0.4958293078125 0.454320821875 0.4955728 0.46124652812500005 0.5232756265625 0.473558896875 0.5676514515625 0.4648376359375 0.56611240625 0.45893795937500004
0 0.604332046875 0.53460771875 0.656659609375 0.519217259375 0.6574291328124999 0.5120350453125 0.606384109375 0.49023189375 0.55816066875 0.5035702921875 0.55816066875 0.5102394921875 0.604332046875 0.53460771875
0 0.6697415 0.5153696453125 0.7125782796875 0.5025442625000001 0.7146303406250001 0.4951055390625 0.6635853171874999 0.47663698749999994 0.6207485375 0.4868972953125 0.620235521875 0.497670615625 0.6697415 0.5153696453125
0 0.6828233921875 0.574879421875 0.7369465078124999 0.5512807171875 0.7379725390625 0.5453810406249999 0.67410213125 0.51870424375 0.6199790140625 0.5353772421875 0.6199790140625 0.5402508874999999 0.6828233921875 0.574879421875
0 0.7482328453125 0.548715640625 0.7954302546875 0.531786134375 0.7959432703125 0.522551859375 0.7300208015625 0.4989531546875 0.6859014828125 0.5135740906249999 0.6851319609375001 0.522551859375 0.7482328453125 0.548715640625
0 0.7885045468749999 0.6287460312500001 0.8462187703125 0.6002736796875 0.848527340625 0.5910394046875 0.7595191812500001 0.5517937328125 0.7033440046874999 0.5720578374999999 0.7018049578125 0.5841136984374999 0.7885045468749999 0.6287460312500001
0 0.860070184375 0.59257845 0.90726759375 0.5705187921875 0.907780609375 0.56179753125 0.81979848125 0.5302470890625 0.7754226562500001 0.547433103125 0.7738836109375 0.5571803937500001 0.860070184375 0.59257845
0 0.6378152328125 0.664540471875 0.6008475796875 0.63940246875 0.5983830703125 0.6620759625 0.6402797421875001 0.6921429859375 0.7235801859375 0.653203725 0.723087284375 0.6398953703125 0.6949918687500001 0.6256012109375 0.696470575 0.63940246875 0.6378152328125 0.664540471875
0 0.435232496875 0.6739056109375 0.49684524999999996 0.7407754375 0.5431780421875 0.7379828749999999 0.6166204453125 0.703972634375 0.6121843265625 0.6881997703125 0.598875971875 0.6739056109375 0.5964114609375 0.6847494562499999 0.5205045484374999 0.7133377734375 0.4756504625 0.6596114515625 0.4756504625 0.6467959984375 0.435232496875 0.660104353125 0.435232496875 0.6739056109375
0 0.38298488124999996 0.6048993265625 0.42241704375 0.6561611375 0.4751575609375 0.63940246875 0.4756504625 0.6137715625 0.429317671875 0.6256012109375 0.39826484375 0.5891264609375 0.381506175 0.5960270890625 0.38298488124999996 0.6048993265625
0 0.3465101296875 0.5541304171875 0.37608425156249997 0.5886335593750001 0.3977719421875 0.58666195 0.39826484375 0.567438771875 0.38002746875 0.5708890859375 0.35784687656249997 0.5418078656249999 0.34798883593749996 0.5457510812499999 0.3465101296875 0.5541304171875