0 0.648764684375 0.4558557171875 0.6332435203125 0.44580729531249996 0.6324293109375 0.45325205156250004 0.5802275703124999 0.463901559375 0.5719833265625 0.4499260625 0.5590505453125 0.453193715625 0.5592586421875 0.4594347234375 0.5751222828125 0.47770809999999997 0.6516223906249999 0.46409427656249996 0.648764684375 0.4558557171875
0 0.4757560640625 0.4977767109375 0.5525521453125 0.48310032343750003 0.5503266484375 0.47423635781250006 0.5394464015625 0.45574808281249996 0.5294189453125 0.4584509984375 0.5329757703125 0.4715788296875 0.4802830078125 0.48358007187499996 0.47838069687500007 0.4686230875 0.4720387640625 0.4696045765625 0.47439128124999996 0.4907555078125 0.4757560640625 0.4977767109375
0 0.377257359375 0.5184304703125 0.45294381406250006 0.5032159953125 0.454660115625 0.48102290937500003 0.4527708515625 0.472596103125 0.4432344203125 0.4739472828125 0.4425404265625 0.49493662031249996 0.3895250359375 0.503985475 0.3837625640625 0.4872662484375 0.375072121875 0.5110662296874999 0.377257359375 0.5184304703125
0 0.274664303125 0.5180206171874999 0.2733329765625 0.5137567515625 0.2520329390625 0.534731365625 0.2489864296875 0.534569771875 0.24597337343749998 0.537165515625 0.1771266796875 0.54878915 0.17588947500000002 0.5450095046875 0.16956739062499998 0.5512635609375 0.17089191718750002 0.556785040625 0.23694101406249998 0.5436951375 0.238285946875 0.5454437750000001 0.24956421406249998 0.5440052765625001 0.274664303125 0.5180206171874999
0 0.24072010000000002 0.5515033390624999 0.23786239375 0.54326478125 0.156849509375 0.5595146078125001 0.105352015625 0.60093199375 0.11000541875 0.6080677296875 0.20224270781250003 0.5913949078125 0.24072010000000002 0.5515033390624999
0 0.4647652921875 0.52654648125 0.4635552984375 0.5177363796875001 0.3741224109375 0.5346178562499999 0.35997003906249997 0.5755600624999999 0.361664253125 0.5842760390625 0.46621571875 0.5624457421875 0.4647652921875 0.52654648125
0 0.46696814375000006 0.5753649171874999 0.4630478734375 0.566830384375 0.3526925609375 0.5885325421875 0.3277379421875 0.654690253125 0.332431325 0.66784841875 0.4673339203125 0.64187726875 0.46696814375000006 0.5753649171874999
0 0.4892728734375 0.5117323578125 0.49301058124999997 0.5361316515625 0.497353846875 0.5558905859375 0.5991950359375 0.53433585625 0.5981800921875 0.525236584375 0.5768227421875001 0.49421187031249997 0.4892728734375 0.5117323578125
0 0.597590378125 0.491180084375 0.5984709406250001 0.4982954109375 0.62566559375 0.5322056 0.7272176124999999 0.510455821875 0.724992115625 0.5015918578125 0.684662828125 0.47249610625000005 0.597590378125 0.491180084375
0 0.6359754203125 0.5309553484375 0.636008315625 0.5427580953125 0.6811446796875 0.5952915 0.8139088187500001 0.566720925 0.812941215625 0.553341059375 0.7428068046875 0.50792810625 0.6359754203125 0.5309553484375
0 0.49492594062500006 0.5576188156249999 0.5074976062500001 0.63005010625 0.6412100578125 0.600541421875 0.639058834375 0.5868891125 0.6036471484375 0.5339729703125 0.49492594062500006 0.5576188156249999
0 0.0265707234375 0.6848390421875 0.140769946875 0.6616359296875001 0.1957051640625 0.6017109781250001 0.191737834375 0.5929343328125001 0.093104746875 0.6116041453125 0.023323478124999998 0.6681334203125 0.0265707234375 0.6848390421875