0 0.1864473703125 0.5197442359375 0.26694006875 0.4987997078125 0.2648866828125 0.4905861671875 0.1901434640625 0.510709340625 0.15893200937500002 0.49346090625 0.15975336406250001 0.5041385093749999 0.1864473703125 0.5197442359375
0 0.28131376406249997 0.49346090625 0.346200734375 0.4774445015625 0.3445580265625 0.4708736703125 0.282956471875 0.484015334375 0.259958559375 0.4749804390625 0.2636546515625 0.48647939687499997 0.28131376406249997 0.49346090625
0 0.34178847968750004 0.4214169484375 0.34328886875000003 0.42921896875 0.376597490625 0.420516715625 0.3762974125 0.4166157046875 0.3498905765625 0.40941384062499997 0.3204829640625 0.41541539531250005 0.34178847968750004 0.4214169484375
0 0.3537915875 0.47393054218749997 0.40540494843749997 0.45952681406250007 0.40480479375 0.4505244828125 0.3696957046875 0.44182223125000003 0.3441891015625 0.44752370625 0.3459895671875 0.46672867812499996 0.3537915875 0.47393054218749997
0 0.344489178125 0.447823784375 0.3621937625 0.443622696875 0.36009321875 0.43942160937499997 0.34178847968750004 0.43372013281250005 0.344489178125 0.447823784375
0 0.37149617031250004 0.4424223859375 0.4141072015625 0.4316195890625 0.4141072015625 0.42651826875000004 0.382899121875 0.41721586093749996 0.3441891015625 0.428318734375 0.34478925625 0.4328199 0.37149617031250004 0.4424223859375
0 0.4126068125 0.45592588125000005 0.45941893125 0.443622696875 0.45941893125 0.43762114375000005 0.4237096875 0.4280186578125 0.3822989671875 0.4385213765625 0.3831992 0.4466234734375 0.4126068125 0.45592588125000005
0 0.244775040625 0.567046409375 0.294451153125 0.6031016515625 0.32209350625 0.5906826234375 0.322894734375 0.5706519328125 0.298056678125 0.5810678921875 0.26120020625 0.55102185625 0.244775040625 0.55663045 0.244775040625 0.567046409375
0 0.31087631875 0.6211292734375 0.3721702328125 0.668401703125 0.43626844374999996 0.6335483015625 0.433464146875 0.6027010390624999 0.446684403125 0.5934869203125 0.43506660156250004 0.5818691203124999 0.43426537343750005 0.60069796875 0.376576984375 0.6323464609375 0.32569903125 0.5998967421875 0.3277021 0.5922850796875 0.3092738640625 0.60430349375 0.31087631875 0.6211292734375
0 0.3942039921875 0.6808207328125 0.47392614218749995 0.7407754375 0.5135869093750001 0.7397109625 0.586098009375 0.67681459375 0.5844955546875 0.66159126875 0.568871615625 0.654780834375 0.568871615625 0.662392496875 0.506776475 0.706059403125 0.43586782968750004 0.6627931109375 0.43386476093750004 0.6427624203125 0.3958064484375 0.6667992484374999 0.3942039921875 0.6808207328125
0 0.6037250171874999 0.6595882 0.6626152484375 0.6099120874999999 0.6642177031250001 0.5986949 0.6397802609375 0.5878783265624999 0.6397802609375 0.5978936734375 0.5989176515625 0.631945846875 0.5716759125 0.6235329562499999 0.5684710015625 0.6383556671874999 0.6037250171874999 0.6595882
0 0.518394275 0.5009451296874999 0.5236022546875 0.5073549500000001 0.563263021875 0.490929784375 0.5636636359375 0.4809144390625 0.511583840625 0.46569111406249997 0.46551325156249995 0.48211628125 0.46671509375 0.49253223906250004 0.518394275 0.5009451296874999
0 0.5684710015625 0.48371873593750003 0.6081317687500001 0.468896025 0.608932996875 0.4612843625 0.5564525875 0.4484647203125 0.5224004125 0.4616849765625 0.5211985718750001 0.47089909375000005 0.5684710015625 0.48371873593750003
0 0.5720765265625001 0.5285874828125 0.5796881890625001 0.5221776625000001 0.6029237890625 0.5277862546875001 0.6101348390625 0.534997303125 0.6473919234375 0.5157678406249999 0.6457894671875 0.506153109375 0.5816912578125 0.4865230328125 0.5372231249999999 0.5077555640625 0.53562066875 0.5169696828125 0.5720765265625001 0.5285874828125
0 0.6542023578125 0.5073549500000001 0.68585085 0.488926715625 0.6846490078125 0.48211628125 0.62495755 0.46649234218749996 0.5885016921874999 0.48211628125 0.588101078125 0.4885261015625 0.6542023578125 0.5073549500000001
0 0.64588626875 0.5519234859375 0.7095250640625 0.5763025265625 0.74593531875 0.542425159375 0.7468851515625 0.5345098859374999 0.66361648125 0.51044745625 0.624040115625 0.53799260625 0.6471527125 0.5459078796875 0.64588626875 0.5519234859375
0 0.754800425 0.537359384375 0.7801292984375 0.5113972890625 0.782662184375 0.504748459375 0.7031928453125 0.48480197187499996 0.6743812515625 0.5069647359375 0.6746978625 0.51298034375 0.754800425 0.537359384375