0 0.3917629828125 0.4019561109375 0.4283477953125 0.4202209234375 0.4283338671875 0.4032584265625 0.385091503125 0.377949596875 0.3117304328125 0.429160840625 0.3159314546875 0.441471615625 0.3414322109375 0.4503395890625 0.341361009375 0.4362804515625 0.3917629828125 0.4019561109375
0 0.4257168734375 0.388684353125 0.495005396875 0.3363181109375 0.5495103375 0.3825871703125 0.5492311953125 0.3937929953125 0.5838073453125 0.37547969999999997 0.5815406953125 0.3637589359375 0.5058402484375 0.296507971875 0.4084974296875 0.3663867265625 0.41076408124999997 0.37810749062500004 0.4257168734375 0.388684353125
0 0.634307328125 0.4363083859375 0.6499112796875 0.42859980625 0.64861000625 0.4180017921875 0.59822405 0.374950834375 0.5499819296874999 0.3999072359375 0.557211171875 0.42508654687499997 0.5990743609375 0.4054647546875 0.634307328125 0.4363083859375
0 0.6827124796875 0.47670622968750004 0.6930174250000001 0.4696482859375 0.69323206875 0.46465679687500006 0.6565260078125 0.43192523125 0.63592334375 0.44273014374999997 0.6377251046875 0.457404315625 0.6530715875 0.45096863281250005 0.6827124796875 0.47670622968750004
0 0.669180759375 0.525155159375 0.6710985921875 0.529392034375 0.7357674875 0.509711759375 0.7531782296875 0.5263019765625 0.755178328125 0.5243792625 0.7539175499999999 0.5186641 0.7334777296875 0.5024458078125 0.669180759375 0.525155159375
0 0.6008110890625 0.553395975 0.6534940375 0.53854165625 0.6755620328124999 0.5498081578125 0.674137078125 0.540479365625 0.6551657828125 0.5293916828125 0.59755509375 0.54736675 0.6008110890625 0.553395975
0 0.54075099375 0.57418749375 0.5708047390625001 0.5844734671875 0.600008675 0.5741791421875 0.596902565625 0.5625410703125 0.589182778125 0.5520285296874999 0.5395916484375001 0.5692984421875 0.54075099375 0.57418749375
0 0.48764766875000004 0.59244769375 0.5170879312500001 0.6000137718749999 0.5587222406250001 0.586236534375 0.558181259375 0.581830603125 0.5270598421875 0.57195524375 0.48662845 0.58642335 0.48764766875000004 0.59244769375
0 0.5279239421875 0.6017580234375 0.5552337406250001 0.6079085546874999 0.59394040625 0.595329353125 0.592607125 0.5913002265625 0.5679495984375 0.58398546875 0.5283491984375 0.5961153625 0.5279239421875 0.6017580234375
0 0.61831768125 0.6049146984375 0.600240121875 0.594276321875 0.5606735328125 0.6066815890624999 0.560494715625 0.6097782875 0.5824034140625 0.6151943828124999 0.61831768125 0.6049146984375
0 0.39316764531250004 0.5537343859375 0.43900919375 0.567392784375 0.49094341249999995 0.5487170859375 0.48782754375000004 0.54155256875 0.43906323281250004 0.5268554296875 0.3908730078125 0.5487052109375 0.39316764531250004 0.5537343859375
0 0.3406729234375 0.576951259375 0.390200603125 0.5887594453125 0.4322891015625 0.571851696875 0.428723925 0.5655809109375001 0.3842592296875 0.5517534578125 0.3410305578125 0.570757859375 0.3406729234375 0.576951259375
0 0.31143170625 0.5254757546875 0.312030546875 0.5349059828125 0.3777953390625 0.5491928578125 0.42450727656250004 0.5266860203125 0.4236281828125 0.5195263828125001 0.35949644531249997 0.49805093906250003 0.31143170625 0.5254757546875
0 0.2618691546875 0.5611906249999999 0.326947959375 0.5744436390625001 0.365017090625 0.55439561875 0.36468385937500003 0.5494051328125 0.3030206984375 0.5320989421875 0.262192978125 0.554721853125 0.2618691546875 0.5611906249999999
0 0.20922178125 0.4966562703125 0.2087191390625 0.5062217421875 0.29411228125 0.5301180140625 0.343181953125 0.49949506093749996 0.3410950625 0.493881334375 0.25403052656249997 0.463202228125 0.20922178125 0.4966562703125
0 0.1569055234375 0.532709253125 0.1572289953125 0.542173290625 0.239680203125 0.5580451203125001 0.2800248046875 0.536040571875 0.2805225640625 0.5287118765625001 0.194163184375 0.506052334375 0.1569055234375 0.532709253125