0 0.5737144421875 0.67239469375 0.4656728671875 0.6334176703125001 0.46635667343750004 0.591705415625 0.4157549234375 0.65051285625 0.41849015312500004 0.661453775 0.583971553125 0.7325697484375 0.6352571109375 0.597175875 0.61405908125 0.5923892234375 0.6147428890625 0.599227296875 0.5737144421875 0.67239469375
0 0.64619803125 0.5882863781250001 0.6762855578125 0.5082809078125 0.6564551421875 0.4993914109375 0.631838075 0.5602502734375 0.61747811875 0.562985503125 0.625 0.5834997265624999 0.64619803125 0.5882863781250001
0 0.46362144375 0.5110161375 0.420541575 0.5000752187499999 0.425328228125 0.5246922859375001 0.47729759375 0.541103665625 0.5320021875000001 0.480244803125 0.5306345734375 0.46793626875000005 0.5005470453124999 0.46451723125 0.5019146609375 0.472722921875 0.46362144375 0.5110161375
0 0.3706236328125 0.6088006015625 0.2837800875 0.5759778453125 0.281728665625 0.5691397703125001 0.2584792125 0.5855511484375 0.260530634375 0.6005949125 0.382932165625 0.65051285625 0.4656728671875 0.558882659375 0.464989059375 0.5438388953125 0.42737965000000006 0.5315303609375001 0.432850109375 0.5534121984375 0.3706236328125 0.6088006015625
0 0.2263402625 0.555463621875 0.166849015625 0.5260599015625 0.1627461703125 0.5151189828125 0.1353938734375 0.530162746875 0.1394967171875 0.546574125 0.2324945296875 0.5834997265624999 0.2776258203125 0.5527283921875 0.270787746875 0.5246922859375001 0.2263402625 0.555463621875
0 0.2330105078125 0.4083095515625 0.2296474703125 0.3996617390625 0.16334757187499999 0.4260856109375 0.12683458593750002 0.4169573640625 0.13019762343750002 0.433292121875 0.154699759375 0.4385768953125 0.2330105078125 0.4083095515625
0 0.0249825703125 0.4919050734375 0.1364432671875 0.446263840625 0.13019762343750002 0.4385768953125 0.025463004687500002 0.480855090625 0 0.47172684374999996 0.000480434375 0.48037465625 0.0249825703125 0.4919050734375
0 0.3050756140625 0.378522640625 0.30363431093750004 0.37131613125 0.2555909078125 0.3602661484375 0.22772573281250003 0.3689139609375 0.23589311249999997 0.3962987 0.244060490625 0.40062260624999996 0.3050756140625 0.378522640625
0 0.3166060296875 0.37275743281249996 0.36272769843749997 0.35498137343749997 0.35984509375 0.3477748625 0.3137234265625 0.339607484375 0.267121325 0.3545009390625 0.26808219218749996 0.3597857140625 0.3166060296875 0.37275743281249996
0 0.22003878906250002 0.3410487859375 0.22532356406249998 0.35354007187500003 0.25366917187500004 0.3602661484375 0.301232140625 0.3420096546875 0.3007517078125 0.3376857484375 0.25655177500000004 0.3290379359375 0.22003878906250002 0.3410487859375
0 0.4468036546875 0.370835696875 0.45016669218749994 0.37756177343749997 0.514544853125 0.388131321875 0.542410028125 0.3674726578125 0.541449159375 0.36122701562500004 0.483797075 0.351618334375 0.4468036546875 0.370835696875
0 0.3953972125 0.3996617390625 0.395877646875 0.4087899859375 0.47947316874999996 0.41503562812499994 0.5068579093750001 0.3948573984375 0.5049361734375 0.3876508875 0.44007757812500004 0.37708133906249997 0.3953972125 0.3996617390625
0 0.53328178125 0.3938965296875 0.6072686218750001 0.4073486828125 0.6317707578125 0.383807415625 0.6293685890625 0.37371830156249997 0.563549125 0.3641096203125 0.533762215625 0.387170453125 0.53328178125 0.3938965296875
0 0.49292532187500004 0.419359534375 0.5039753046875 0.432331253125 0.5654708609375 0.44434210468749996 0.5842077890625 0.4395377640625 0.6067881890625 0.41263345781250005 0.60438601875 0.4073486828125 0.52799700625 0.39197479375 0.49292532187500004 0.419359534375
0 0.719209753125 0.4256051765625 0.7326619062499999 0.3900530578125 0.653870725 0.37756177343749997 0.6336924953125 0.4078291171875 0.719209753125 0.4256051765625
0 0.6015034140625 0.4400181984375 0.6601163671875 0.45683338906250004 0.662038103125 0.46452033437500007 0.701914128125 0.47412901406249996 0.7168075828125 0.424644309375 0.62696641875 0.4073486828125 0.6015034140625 0.4400181984375