0 0.3509130171875 0.43058046875 0.3518945640625 0.4405558125 0.364185575 0.448430146875 0.388284059375 0.420251990625 0.40284458437500004 0.42338014687500003 0.40423988125 0.4074318328125 0.3844271125 0.4007537046875 0.3509130171875 0.43058046875
0 0.3921173703125 0.3835018515625 0.3909904 0.3963831828125 0.406616725 0.4014588609375 0.43901135625 0.3702979734375 0.48516959687499994 0.3866981328125 0.48846625781249997 0.3560819625 0.43465585000000007 0.3353037734375 0.3921173703125 0.3835018515625
0 0.629731021875 0.323938415625 0.6286727328125 0.307775440625 0.5546583265625 0.2635964171875 0.509213303125 0.2602385859375 0.45255919218749996 0.3214178171875 0.45332607812500003 0.3338467484375 0.48644199375 0.35096012656250003 0.487729959375 0.33623860625 0.5428583640625 0.285433453125 0.6131693109375 0.322489453125 0.6159373828125 0.3332391890625 0.629731021875 0.323938415625
0 0.653630415625 0.31923033125 0.6149177421875 0.344893728125 0.6141052546875 0.36831013281249997 0.64921429375 0.3485123796875 0.7060074328125 0.377586715625 0.7057852640625 0.3942557578125 0.7341700171875 0.38066871406249997 0.7363627859374999 0.3697349046875 0.653630415625 0.31923033125
0 0.5600248859375 0.5030707140625 0.611857075 0.5200173609375 0.65673223125 0.50363301875 0.65639619375 0.49457676875 0.6067440578125 0.47528205156250003 0.5601752640625 0.49490328906250003 0.5600248859375 0.5030707140625
0 0.6186842859375 0.5225892890625 0.6616561625 0.5376324015625 0.71335853125 0.5238199859375 0.71348441875 0.5159325046875 0.6694417406250001 0.5002315312500001 0.618505734375 0.5149572625000001 0.6186842859375 0.5225892890625
0 0.686266434375 0.49493336406250005 0.6862874999999999 0.501141165625 0.7319714046875 0.5206528875 0.7955791328124999 0.503086540625 0.797384696875 0.495346015625 0.7510323999999999 0.47380119218749994 0.686266434375 0.49493336406250005
0 0.7792474546875 0.473730890625 0.8222509296875 0.49808570625000004 0.9137314125 0.4744952390625 0.91222660625 0.4659009140625 0.8684707265625 0.437248934375 0.776361809375 0.46473366875 0.7792474546875 0.473730890625
0 0.7083836 0.43565504375 0.7085621515625 0.44328707031250003 0.7624940625 0.47170097968749997 0.8542145343750001 0.44220763906249994 0.855778603125 0.4307788265625 0.799852040625 0.39936951718749997 0.7083836 0.43565504375
0 0.6767399015625 0.49748496875 0.7430413515625001 0.4747946015625 0.7425828546875 0.467138084375 0.6860684828125 0.442447484375 0.62290595625 0.4679512734375 0.6221956843750001 0.476069715625 0.6767399015625 0.49748496875
0 0.44797419843749997 0.5593819421874999 0.4337121453125 0.5655663750000001 0.4695436703125 0.5742277359375 0.491124715625 0.5671590765625 0.49143908906249995 0.563565765625 0.4536265015625 0.55358766875 0.44907815156249997 0.5554765703125 0.44797419843749997 0.5593819421874999
0 0.473162615625 0.541575871875 0.45065945156250004 0.5352240078125 0.448775521875 0.5524009859375 0.4730704546875 0.5448074859375 0.473162615625 0.541575871875
0 0.4595648875 0.5510581015625 0.4594230890625 0.55485708125 0.49761391875000005 0.5648682703125 0.523355640625 0.5581636234375 0.52345723125 0.552646003125 0.4821009703125 0.5417861687500001 0.4595648875 0.5510581015625
0 0.45188385468750003 0.5212290046875 0.4502977546875 0.53500179375 0.48067784375 0.5428050765625 0.5091925203125001 0.5327222171875 0.5087929296875 0.526398471875 0.46044859843749997 0.512640428125 0.45188385468750003 0.5212290046875
0 0.49290688125 0.5402541624999999 0.49158071562499994 0.54452123125 0.533010275 0.556721465625 0.5627660750000001 0.5477000359375 0.56370688125 0.541302990625 0.5178613390625 0.5294786859375 0.49290688125 0.5402541624999999
0 0.37715482499999997 0.5171684609375 0.3980407640625 0.5027973593749999 0.4495434109375 0.5153071640625 0.45073009375 0.5104561859375 0.3963432984375 0.4938826640625 0.37833670625 0.5058377078125 0.37715482499999997 0.5171684609375
0 0.30018445 0.49080579375 0.3012908890625 0.4977630875 0.31990025625 0.48109654687500003 0.38006940624999996 0.49474571406249995 0.38060599375000004 0.49079070468749997 0.31630214218749997 0.4743023984375 0.30018445 0.49080579375