0 0.5887582499999999 0.6153232156249999 0.58433345625 0.6361861984375 0.6196730453125 0.6704046078125 0.7044987109374999 0.6396400546875001 0.7074922828125 0.63003466875 0.6827539859375 0.6105705328125001 0.6827171671875 0.622718690625 0.621321553125 0.645281815625 0.5887582499999999 0.6153232156249999
0 0.59320889375 0.6767991328125 0.595311165625 0.6638760609375 0.5828256328125 0.6528917578125 0.5809030890625 0.6593857062499999 0.5019371406250001 0.6815901171875 0.46122323125 0.6229987921875 0.46509410000000007 0.60976560625 0.42448116718750006 0.6186410453125 0.42465059531250005 0.628826875 0.48004735624999995 0.7152494890625001 0.59320889375 0.6767991328125
0 0.3936149703125 0.5442207171875 0.3770781015625 0.548186634375 0.37972621875 0.5583849859375001 0.41444928125 0.6126266390625 0.46444735000000004 0.6017616125 0.4658785734375 0.5905040140625 0.467193409375 0.57799418125 0.417904690625 0.5844697531249999 0.3936149703125 0.5442207171875
0 0.3615817546875 0.5006111296875 0.36376125937500003 0.4952018296875 0.3485826875 0.4955396546875 0.3483075671875 0.5058209109375 0.370947221875 0.54331945625 0.394737603125 0.5392149734375 0.39509597812499997 0.525076153125 0.37876042499999996 0.5272255312499999 0.3615817546875 0.5006111296875
0 0.3186986390625 0.4584927296875 0.3858465546875 0.45426864062499994 0.3835591828125 0.44789453124999995 0.31938181875 0.45199271718749995 0.30716548593750004 0.4306646859375 0.30589509375 0.4375411015625 0.3186986390625 0.4584927296875
0 0.4016284375 0.45209382343750004 0.4574813640625 0.4479969453125 0.4566595875 0.4433103 0.400772175 0.44565107031249995 0.3860251375 0.4296430953125 0.3857583765625 0.43739170781250003 0.4016284375 0.45209382343750004
0 0.4673735484375 0.446626990625 0.5189217609375001 0.44284438125000003 0.5186130234374999 0.437444946875 0.49402487500000003 0.4212788734375 0.46246631093749996 0.422452675 0.4608257015625 0.4318093765625 0.4673735484375 0.446626990625
0 0.49767405781249996 0.42199100781250004 0.5370092109375 0.4176914671875 0.537715815625 0.41513700625 0.5150724703125 0.40235171875000003 0.474676428125 0.40423962031249994 0.47341123749999997 0.407940203125 0.49767405781249996 0.42199100781250004
0 0.5309409281249999 0.44312187343750004 0.573423609375 0.44013892343750005 0.5749734578125001 0.43373000156249997 0.54652531875 0.4178154078125 0.5044873578125 0.42073556874999996 0.5038269515625 0.4270189140625 0.5309409281249999 0.44312187343750004
0 0.5082185015625 0.39878355 0.487354365625 0.3878282171875 0.4530533015625 0.3890423640625 0.468319234375 0.40532393593749994 0.5075291390625 0.4022160640625 0.5082185015625 0.39878355
0 0.6039970484375 0.510391584375 0.65813061875 0.501979621875 0.6596084484375 0.49392653593749997 0.6128540296875 0.4681757125 0.561908684375 0.47629135468749995 0.5618986859375 0.48239399374999997 0.6039970484375 0.510391584375
0 0.6712667328124999 0.49915084218750005 0.7164382640625 0.4919016515625 0.7179054671875 0.485952171875 0.669354390625 0.46127534375 0.6254537734375 0.4684476390625 0.62530124375 0.47390388124999994 0.6712667328124999 0.49915084218750005
0 0.7470140203125 0.5414191515625 0.7928094406249999 0.530236565625 0.794846146875 0.5228736375 0.7339903875 0.49311503749999996 0.68672650625 0.5022490328125 0.6859057 0.5080559828125 0.7470140203125 0.5414191515625
0 0.6779045453125 0.558149271875 0.7332096296875 0.5445986375 0.7364297328125 0.53799150625 0.6781808109374999 0.5034555671875001 0.6191392515625 0.514508759375 0.620334528125 0.5211590234375 0.6779045453125 0.558149271875
0 0.778197440625 0.62320275 0.8362512703125 0.6015221390625001 0.8384848953124999 0.5922856578125 0.755757890625 0.5463371390625 0.695818628125 0.5619263671875 0.6960280578125 0.5699463171875 0.778197440625 0.62320275
0 0.8491023171875 0.5974005640625 0.9018536890625001 0.57810925 0.9012504218749999 0.5738364015624999 0.8171656140625 0.5327965031249999 0.7683026203125001 0.5451299796875 0.7675805875 0.55199966875 0.8491023171875 0.5974005640625