0 0.3448676640625 0.5516357328125 0.370586609375 0.588460584375 0.39630555312500004 0.5796927625 0.3951365109375 0.56624876875 0.37643182343750003 0.5691713765624999 0.361234265625 0.53936078125 0.3460367078125 0.5411143468749999 0.3448676640625 0.5516357328125
0 0.37818538749999997 0.6013200578125 0.42260901874999995 0.6533424671875 0.472877865625 0.6369758671875 0.47229334375 0.6106724 0.4237780625 0.6229473515625 0.3980591171875 0.58495345625 0.3770163453125 0.5907986703125 0.37818538749999997 0.6013200578125
0 0.43429944843749996 0.66970906875 0.490413509375 0.7407754375 0.5202241046875 0.7392671234375 0.614332059375 0.6989351421875 0.61082493125 0.6860756703125 0.5962118953125 0.673216196875 0.593873809375 0.679645934375 0.5237312328125 0.7112100921875 0.472877865625 0.660941246875 0.4752159515625 0.643990125 0.4348839703125 0.656849596875 0.43429944843749996 0.66970906875
0 0.59608411875 0.661094725 0.6370555328124999 0.68607729375 0.7194980140625 0.6486034390625 0.7174994078125 0.6381107593750001 0.6915175359375 0.620123309375 0.6895189296875001 0.6351128515625 0.635556578125 0.6595957703125 0.5995816781250001 0.6361121546875 0.59608411875 0.661094725
0 0.6007324359374999 0.5294449140624999 0.6544001749999999 0.5150181015624999 0.6541116390624999 0.5086703046875 0.6076573062499999 0.4873186234375 0.5556123546875 0.499207671875 0.5551437109374999 0.5075161593749999 0.6007324359374999 0.5294449140624999
0 0.6774830749999999 0.56955145 0.7328820312500001 0.5507965953125 0.7346132484375001 0.5415634359375 0.6714238140625 0.5138639578124999 0.6168904656249999 0.528867840625 0.6166019296874999 0.5375239281249999 0.6774830749999999 0.56955145
0 0.6619021171874999 0.510401521875 0.710664740625 0.4979944640625 0.71008766875 0.49135813125 0.6613250453124999 0.473468884375 0.6177560734374999 0.484144725 0.6168904656249999 0.49135813125 0.6619021171874999 0.510401521875
0 0.74413494375 0.5453144062499999 0.791743421875 0.5291563781249999 0.79116635 0.5202117546875 0.727976915625 0.4985715375 0.6829652625 0.5101129859375 0.6812340453125 0.518192 0.74413494375 0.5453144062499999
0 0.7865497703125001 0.62495040625 0.843102871875 0.5934999578125 0.84367994375 0.5842667984375 0.7542337125 0.54819976875 0.6997003640624999 0.5683973046874999 0.69854621875 0.57965021875 0.7865497703125001 0.62495040625
0 0.857241146875 0.5911916671874999 0.9016699562499999 0.5681087687499999 0.9036897093749999 0.5591641453125 0.8145320140625 0.5271366234375 0.770391740625 0.5456029421874999 0.769237596875 0.55397049375 0.857241146875 0.5911916671874999
0 0.30944399218749996 0.506705959375 0.378059834375 0.4954942203125 0.3773871296875 0.4901125859375 0.3143771578125 0.5004273859375 0.2973353140625 0.4829370734375 0.2971110796875 0.49100952500000006 0.30944399218749996 0.506705959375
0 0.3926350953125 0.49257916875 0.4489180234375 0.482488603125 0.4471241453125 0.4782281421875 0.391962390625 0.48742176875 0.3755932515625 0.4692587515625 0.37514478281249997 0.48047049062499997 0.3926350953125 0.49257916875
0 0.450039196875 0.4311388390625 0.4502634328125 0.43696894375 0.4556450671875 0.44033246562499995 0.49331650937499993 0.4322600125 0.49331650937499993 0.42867225624999994 0.4733596140625 0.4208240390625 0.4381547546875 0.424860265625 0.450039196875 0.4311388390625
0 0.508788709375 0.470604159375 0.509237178125 0.46544675937499996 0.4803108921875 0.45109573437500006 0.45048766718750005 0.45670160312499997 0.4507119015625 0.4728465078125 0.460353996875 0.4811431953125 0.508788709375 0.470604159375
0 0.45138460625 0.45670160312499997 0.47403231874999996 0.45356231718749995 0.4733596140625 0.44840491718750003 0.44981496249999997 0.43965976093750003 0.45138460625 0.45670160312499997
0 0.482553240625 0.45356231718749995 0.5235882046875 0.44593833437499997 0.5247093781250001 0.4414536390625 0.49914661406249994 0.4322600125 0.46259634531250005 0.4380901171875 0.461475171875 0.4432475171875 0.482553240625 0.45356231718749995
0 0.5646231687500001 0.4571500734375 0.533454534375 0.443920221875 0.4926438046875 0.45109573437500006 0.4926438046875 0.45692583906250006 0.5202246828125 0.46993145625 0.564847403125 0.46275594218749994 0.5646231687500001 0.4571500734375