0 0.33852645937500003 0.48521182031250004 0.3413441421875 0.49530727499999994 0.3549542859375 0.49759107656249996 0.373046759375 0.46707113125 0.387739484375 0.4671044953125 0.385426015625 0.450643303125 0.36329609375 0.4474585875 0.33852645937500003 0.48521182031250004
0 0.3689129140625 0.4326805875 0.36605074531250004 0.442175434375 0.3857374421875 0.44290580156250003 0.4098211921875 0.4052489640625 0.45779963749999997 0.4131940703125 0.4539438546875 0.3857587515625 0.40116422968750004 0.37848840625 0.3689129140625 0.4326805875
0 0.470071340625 0.271583328125 0.4130615125 0.35863116562499997 0.41478549375 0.3758746328125 0.4511261703125 0.375663296875 0.49280929999999995 0.30895467499999996 0.5699359234375 0.3351850421875 0.5810398078125 0.31963588593750003 0.5845025875000001 0.3044611875 0.470071340625 0.271583328125
0 0.6086790375 0.3122542953125 0.576772509375 0.344016246875 0.5832754312499999 0.37038010625 0.6086123109375 0.341639746875 0.6732224953125 0.3584383015625 0.6721065484375 0.3753814640625 0.69419568125 0.3533924203125 0.6961791796875 0.342622203125 0.6086790375 0.3122542953125
0 0.5561404546875 0.5007905703125 0.5586689546875 0.508828375 0.6073332828125 0.5166770875 0.6502028156249999 0.48827039687499996 0.6523791 0.4788719453125 0.5949910828125 0.4736481296875 0.5561404546875 0.5007905703125
0 0.6115709109374999 0.46222539218750003 0.612824040625 0.4711418703125 0.6695150546875 0.48135965625 0.7314076421875 0.4439845765625 0.7283971671875 0.43251735625 0.6696485046875 0.422588753125 0.6115709109374999 0.46222539218750003
0 0.6876964937500001 0.41165910937500005 0.686999490625 0.4166530796875 0.7471940703125 0.43686992656249996 0.8269418578125001 0.3871934375 0.8271680109374999 0.3738724765625 0.7639295921875 0.356881134375 0.6876964937500001 0.41165910937500005
0 0.7602258468749999 0.4350384296875 0.8146553015625001 0.449071209375 0.888808509375 0.40437756875 0.8893238453125001 0.3931142578125 0.8365553390624999 0.3809463390625 0.758683534375 0.4240643015625 0.7602258468749999 0.4350384296875
0 0.682932409375 0.4822716921875 0.727492559375 0.4858011953125 0.78779835 0.457042290625 0.784980665625 0.446946834375 0.7310220640625 0.4412410453125 0.678839353125 0.47305490937499994 0.682932409375 0.4822716921875
0 0.6220260078125001 0.5167104515625 0.6626636515625 0.5221900890625 0.711791403125 0.49849930468750003 0.7090701140625 0.4890897328125 0.65951599375 0.48486322499999995 0.6176326484375 0.51033359375 0.6220260078125001 0.5167104515625
0 0.30002454218749997 0.5578223296875 0.305791621875 0.563891565625 0.3184354265625 0.5419667640625 0.3785729828125 0.546783065625 0.38155550312500003 0.536535690625 0.31322577812499997 0.532870725 0.30002454218749997 0.5578223296875
0 0.3800707578125 0.553943725 0.380521396875 0.5676398859375 0.3930974765625 0.5452331921875 0.453513746875 0.5485360906250001 0.453875815625 0.5406226375000001 0.3925634859375 0.5379370812500001 0.3800707578125 0.553943725
0 0.48017411875000005 0.566902690625 0.45684792500000004 0.56526686875 0.460927084375 0.5872984625 0.479337971875 0.5714428984375 0.48017411875000005 0.566902690625
0 0.4872181609375 0.56715245 0.5144242984375 0.55105005 0.5138645515625 0.5451257359375 0.4649195296875 0.5424543125 0.455085690625 0.5482021734375 0.4575676609375 0.5658623 0.4872181609375 0.56715245
0 0.500325128125 0.5672204265625 0.5437305671875 0.569306071875 0.5705143671874999 0.5540816171875 0.5693109890625 0.5455191328125 0.5241829265625 0.544767034375 0.4989626484375 0.561408928125 0.500325128125 0.5672204265625
0 0.51270313125 0.58539979375 0.534933771875 0.5727252828125 0.533876478125 0.5671437578125 0.49062145937499996 0.566128421875 0.470179975 0.5818258359375 0.51270313125 0.58539979375
0 0.48584412187500003 0.6000890953125 0.5048218859375 0.589508921875 0.5040697734374999 0.58415736875 0.463678559375 0.584103865625 0.4488186015625 0.598743984375 0.48584412187500003 0.6000890953125