0 0.520552984375 0.595495190625 0.5154249125 0.636896671875 0.40301023750000003 0.6604578921875001 0.3725640109375 0.5822925 0.3741928390625 0.5756161421875 0.352534934375 0.5774060140625 0.3844781984375 0.7186198140625 0.5582465765625 0.6712264968749999 0.56247786875 0.6607727234375 0.520552984375 0.595495190625
0 0.364595575 0.5652904750000001 0.3748992828125 0.5460227390625 0.361059746875 0.5413156078125 0.3451521671875 0.4776229859375 0.32427756093750004 0.4836661109375 0.34293766875 0.5670803484375 0.364595575 0.5652904750000001
0 0.578674671875 0.5111329625 0.534491371875 0.5159718453125001 0.5019002078125 0.47272191093749993 0.504396525 0.46478641249999997 0.47412596875 0.4639848015625 0.471058646875 0.475983215625 0.51676094375 0.5438632125 0.57050856875 0.534844284375 0.578674671875 0.5111329625
0 0.7272639046875 0.6183317671874999 0.7065247359375 0.5988444046875 0.7035416031249999 0.6053304296875 0.61297516875 0.625747471875 0.5590628515625 0.562237853125 0.5675254359374999 0.5413303093749999 0.528569021875 0.5482848390624999 0.52579818125 0.56308703125 0.594981196875 0.6653407687499999 0.7231387609375 0.6329436234375 0.7272639046875 0.6183317671874999
0 0.8262819453124999 0.57217194375 0.76327745625 0.5930099281250001 0.7235450734375 0.5563521625 0.7128716749999999 0.583163746875 0.753281209375 0.619916678125 0.850513025 0.596293228125 0.8568599625 0.5806125703125 0.8318675421874999 0.5619085078125 0.8262819453124999 0.57217194375
0 0.8504882468750001 0.487231165625 0.875487428125 0.48540786249999995 0.8810910953125 0.4697001171875 0.8436630453125 0.473657903125 0.7816858640625 0.4382640234375 0.7771520125 0.4463596328125 0.8504882468750001 0.487231165625
0 0.9973895953125 0.5500853359375 0.999068896875 0.541588546875 0.972583290625 0.5470841921875 0.8747519296874999 0.49064120468750005 0.8674972515625001 0.49738411562499996 0.9715211890625 0.5580935015625 0.9973895953125 0.5500853359375
0 0.767279384375 0.4372096359375 0.7759690484374999 0.43406448906249995 0.7878681640625 0.40808293593749995 0.7614777125 0.39564119999999997 0.7123640046874999 0.3998972953125 0.7099337765625 0.40683308125 0.767279384375 0.4372096359375
0 0.74917485625 0.393426990625 0.750861871875 0.3883273734375 0.706786065625 0.36709310156249997 0.6599765734374999 0.3687621 0.65611906875 0.375497296875 0.6993179359374999 0.39951925625 0.74917485625 0.393426990625
0 0.7648723234375 0.364583171875 0.7198990000000001 0.3669953828125 0.7188214703125 0.3712103453125 0.763380746875 0.395908653125 0.7923865859375 0.39319298125 0.79935838125 0.38155875781250004 0.7648723234375 0.364583171875
0 0.536695975 0.3553173859375 0.4782676875 0.3568089375 0.47644694374999996 0.3628600703125 0.5011658078125001 0.38719576718750004 0.566388440625 0.3856887890625 0.5706548390624999 0.379496215625 0.536695975 0.3553173859375
0 0.5764462328125 0.3866171640625 0.5107478390625 0.388057278125 0.507841853125 0.394926203125 0.5321518203125 0.41871927812500004 0.6158030218749999 0.424168665625 0.6175491875 0.41519611875000006 0.5764462328125 0.3866171640625
0 0.48226919375 0.3835697109375 0.455981615625 0.3565877671875 0.3894654328125 0.3569426390625 0.3856825078125 0.36659924843749997 0.4066698796875 0.3933214515625 0.48180886406249995 0.3902971921875 0.48226919375 0.3835697109375
0 0.5182288109375001 0.4211289265625 0.48730966093749994 0.3891296578125 0.4095244296875 0.3937226328125 0.4064101390625 0.398621659375 0.42502643281249997 0.42840671874999997 0.44291237812500006 0.43577198125 0.5054810515625 0.4324365453125 0.5182288109375001 0.4211289265625
0 0.284904 0.35874277499999996 0.2932773390625 0.39582108125 0.3804362984375 0.39011971875 0.3646668421875 0.35733866718749996 0.284904 0.35874277499999996
0 0.38716378125 0.3905800484375 0.295789859375 0.3952038828125 0.30365143125 0.4462797734375 0.34447665625 0.44231427500000003 0.3474495046875 0.4349695921875 0.4078322640625 0.4264753921875 0.38716378125 0.3905800484375