0 0.356710434375 0.5697365421875 0.35757044375 0.580287684375 0.38984337343750003 0.611528553125 0.41341680781249995 0.598014415625 0.40970400937499996 0.5850404890625 0.3919006390625 0.5914784234375 0.37129417343750004 0.5651153625 0.356710434375 0.5697365421875
0 0.3966011046875 0.6125968312500001 0.39975624375 0.622701846875 0.45329003125 0.6652920296875 0.49951240312499995 0.6396343812499999 0.4939196828125 0.613925715625 0.44863793437500005 0.63523229375 0.4161419421875 0.602843859375 0.3966011046875 0.6125968312500001
0 0.62642714375 0.658433365625 0.563596009375 0.7028014359375 0.5040852124999999 0.66315945 0.503145915625 0.646073640625 0.4660086484375 0.6663925515625 0.46788857031250003 0.679127290625 0.5365317593750001 0.7381809031250001 0.56550685 0.731012171875 0.650190071875 0.6734645578125 0.6442936765625 0.6615105421874999 0.6274954203124999 0.6516756328125 0.62642714375 0.658433365625
0 0.6635183312499999 0.63079813125 0.62372350625 0.6146103109375 0.62505710625 0.6398012468750001 0.6700426578124999 0.6565071015624999 0.743820090625 0.6039909796875 0.73985610625 0.5940724328125 0.710919428125 0.5813730374999999 0.71181768125 0.59646853125 0.6635183312499999 0.63079813125
0 0.6045000515625001 0.5096832734375 0.6544289984375 0.48528123437500004 0.652934546875 0.47910512031249997 0.6032596171875 0.4670096328125 0.554439415625 0.4886108921875 0.5555647171875 0.49685615 0.6045000515625001 0.5096832734375
0 0.687493253125 0.5344082265625001 0.7382957796875 0.5054273328125001 0.7382334203124999 0.4960334796875 0.67091964375 0.48090003281250004 0.6202511015625001 0.5060337046875001 0.6216195265625 0.5145858109375 0.687493253125 0.5344082265625001
0 0.6609122234375 0.47931803593750005 0.7064115609375 0.457834584375 0.7045788203125001 0.45143028906250005 0.653298675 0.44317406562499995 0.6125672343749999 0.4619671125 0.6130939125 0.4692131546875 0.6609122234375 0.47931803593750005
0 0.74829589375 0.49789870937499997 0.7919465734375 0.4729534234375 0.7896733890625 0.4642832484375 0.7235157734375 0.45509773593749997 0.6815333234375001 0.4750157640625 0.6813754624999999 0.48327667500000004 0.74829589375 0.49789870937499997
0 0.8051267046874999 0.5679784421875 0.8546397390625 0.5263149859375 0.8534444390625 0.5171413546875 0.758759671875 0.4988041234375 0.7090821265625 0.529036028125 0.71009634375 0.540302415625 0.8051267046874999 0.5679784421875
0 0.8680778109375 0.5213513953125 0.9072859140625 0.490215178125 0.9075618437499999 0.4810495046875 0.8139310875 0.46662250937499994 0.7741253343750001 0.4931719109375 0.774589 0.5016059484375 0.8680778109375 0.5213513953125
0 0.3142246 0.542942553125 0.379440475 0.518844284375 0.377753265625 0.513689884375 0.317869121875 0.5358380421875 0.297803075 0.5219208125 0.2991232578125 0.5298877359375 0.3142246 0.542942553125
0 0.3931917296875 0.5132017 0.4465152109375 0.49255723749999997 0.44394135781250005 0.48871734062499994 0.39154730625 0.5082674140625 0.37201324687500004 0.49356148125 0.37371231875 0.5046528015625 0.3931917296875 0.5132017
0 0.42495368906250003 0.4380414234375 0.4378177890625 0.44193698281250005 0.439150340625 0.44761718593750005 0.44507489062500005 0.44989204687499995 0.48051390468750005 0.43477985625000004 0.479829328125 0.4312580171875 0.45874158749999994 0.42736195 0.42495368906250003 0.4380414234375
0 0.5030182453125 0.4694672796875 0.5024743953125 0.4643190625 0.4713412625 0.455751103125 0.44313562500000003 0.466944515625 0.44643633281249995 0.48275000625000003 0.45748435781249996 0.48905446250000006 0.5030182453125 0.4694672796875
0 0.46400426718750004 0.4544360890625 0.43922354218750004 0.4503441375 0.444016084375 0.4667733703125 0.465648690625 0.45937037500000005 0.46400426718750004 0.4544360890625
0 0.474013059375 0.45774450624999996 0.5128393703125 0.4424307578125 0.513084225 0.4378145296875 0.48623689375 0.4336674203125 0.45147059375 0.44636452968749996 0.451354096875 0.45164110312499994 0.474013059375 0.45774450624999996
0 0.5552597078125 0.445606665625 0.5221393546875001 0.4385671390625 0.483447584375 0.453397871875 0.48456002187499997 0.45912086093750004 0.51411575 0.4666248484375 0.556549471875 0.451066753125 0.5552597078125 0.445606665625