0 0.3082343796875 0.46246011718749996 0.3748196640625 0.44914306093749995 0.3726001546875 0.4435942875 0.30851181875 0.45274976406249995 0.29297525156250004 0.434161371875 0.292420375 0.4427619703125 0.3082343796875 0.46246011718749996
0 0.3889690375 0.44692355156249997 0.44556652812499997 0.43638088125 0.4444567734375 0.43027722968750004 0.38758184375 0.44026502343749996 0.3712129609375 0.422508946875 0.372322715625 0.43360649375 0.3889690375 0.44692355156249997
0 0.45416712812500004 0.43305161718749996 0.5060481625000001 0.42472845625 0.5066030390625 0.41917968281249995 0.47913660937499997 0.40392055468750004 0.4466762828125 0.4097467671875 0.4480634765625 0.42139919218750005 0.44695372187500004 0.429722353125 0.45416712812500004 0.43305161718749996
0 0.4471717 0.40969721718749996 0.469730575 0.405902265625 0.4701522359375 0.4014748234375 0.4469608703125 0.3894574796875 0.4471717 0.40969721718749996
0 0.44738253125 0.386084190625 0.4469608703125 0.38903581875 0.4507558203125 0.391144125 0.490813634375 0.385662528125 0.49186778750000004 0.381867578125 0.46867642187499997 0.37259103125 0.43199189687499995 0.379970103125 0.44738253125 0.386084190625
0 0.47879629062499995 0.4056914359375 0.521384071875 0.3991556875 0.5209624093749999 0.3936740921875 0.49587356875 0.3841867140625 0.45855655312500004 0.3892466484375 0.4575024 0.39557156718750003 0.47879629062499995 0.4056914359375
0 0.5159024750000001 0.42403369843750005 0.561863546875 0.4147571515625 0.561652715625 0.41011887812500003 0.5304497875 0.395993228125 0.49018114218750003 0.40273980781249996 0.487651175 0.40927555625 0.5159024750000001 0.42403369843750005
0 0.5964995328125 0.48389476093750006 0.6516781171875 0.46867308124999996 0.6504096453125 0.45979376875 0.60252478125 0.440449553125 0.5536885609375 0.4518658109375 0.5536885609375 0.4610622421875 0.5964995328125 0.48389476093750006
0 0.662143021875 0.46455054375 0.7097107671875 0.4525000484375 0.7074909390624999 0.4458405640625 0.65992319375 0.42649634687500004 0.617112221875 0.4375954875 0.6152095125 0.444889209375 0.662143021875 0.46455054375
0 0.612989684375 0.4915056 0.6729250437500001 0.522266075 0.7303234578125 0.502921859375 0.73095769375 0.4946767828125 0.6681682703125 0.46867308124999996 0.61489239375 0.4813578140625 0.612989684375 0.4915056
0 0.6786331734375 0.47216138281250003 0.7388856515625 0.4968966109375 0.7883561078125 0.480406459375 0.7874047531249999 0.4731127375 0.7265180375 0.45154869375000006 0.67768181875 0.4648676625 0.6786331734375 0.47216138281250003
0 0.6925863796875 0.5327309796875 0.7763056125000001 0.5768104234375 0.8346553796875 0.5460499484375 0.835606734375 0.538439109375 0.755375803125 0.49975067500000003 0.6938548531250001 0.5213147203124999 0.6925863796875 0.5327309796875
0 0.8470229937499999 0.5431958828125001 0.8958592124999999 0.5194120109375 0.8949078578125 0.5105326984375 0.8124570984374999 0.480406459375 0.764889353125 0.49816508437499996 0.7642551156249999 0.509264225 0.8470229937499999 0.5431958828125001
0 0.34151980625 0.504081365625 0.3700292859375 0.5415000578125 0.392599290625 0.5361545296875 0.3923023171875 0.51803913125 0.374780865625 0.5204149218749999 0.3551805984375 0.4924993890625 0.3433016484375 0.4957661 0.34151980625 0.504081365625
0 0.37864152500000003 0.55634874375 0.420514821875 0.605943359375 0.470703384375 0.58901585625 0.4689215421875 0.56080335 0.423484559375 0.5768399328125 0.3920053421875 0.5382333453125 0.37775060312500003 0.543875846875 0.37864152500000003 0.55634874375
0 0.43328469375 0.6213859937499999 0.49624312656249997 0.69859916875 0.6043415703125 0.6457378421875 0.6049355171874999 0.634155865625 0.591274725 0.620792046875 0.58978985625 0.6294042859375 0.5161403671875 0.6620713968749999 0.469515490625 0.6109919140625 0.470703384375 0.5946583578125 0.4326907453125 0.6086161234375 0.43328469375 0.6213859937499999
0 0.6307722328125 0.60980401875 0.5942444625000001 0.5863430921874999 0.5915716984375 0.6065373078125 0.626911575 0.6368286296875 0.71095514375 0.598519015625 0.710361196875 0.5872340140625 0.68749421875 0.5714944046875 0.6842275078125 0.5872340140625 0.6307722328125 0.60980401875