0 0.12170758749999999 0.5778579921875 0.1248169046875 0.591183640625 0.1696799203125 0.6258303265625 0.1981079703125 0.6120604890625 0.19455446406250002 0.5960697109375 0.1767869328125 0.605397665625 0.1425844359375 0.583632440625 0.14169605937500002 0.5743044859374999 0.12170758749999999 0.5778579921875
0 0.17900787499999998 0.62849545625 0.1834497578125 0.6404885390625 0.2411942328125 0.6889050609375 0.30027127343750004 0.6564793171875001 0.2936084484375 0.6253861374999999 0.2429709859375 0.6520374343750001 0.199440534375 0.6244977609375 0.2003289109375 0.6178349375 0.17900787499999998 0.62849545625
0 0.2594059515625 0.68623993125 0.26162689375000003 0.7000097671875001 0.32114812187499997 0.7395425234374999 0.38200191562499997 0.7404309 0.451739475 0.6817980484375 0.450406909375 0.669804965625 0.43308356718749996 0.6604770109375 0.4348603203125 0.6666956468749999 0.3664553265625 0.718665675 0.30115965 0.6778003531250001 0.30160383749999997 0.6640305171875001 0.2594059515625 0.68623993125
0 0.4712837578125 0.6675840234375 0.5410213171875 0.6129488656250001 0.5401329406250001 0.601844159375 0.5139258328125 0.5925162046875 0.5161467734375 0.6045092890625 0.46684187499999996 0.641376915625 0.4317510015625 0.623609384375 0.4335277546875 0.646707175 0.4712837578125 0.6675840234375
0 0.42375561250000005 0.519669328125 0.468174440625 0.49968085625 0.4677302515625 0.49212965468750003 0.4210904828125 0.47835981875 0.36912045625 0.4974599140625 0.3726739609375 0.5041227390625 0.42375561250000005 0.519669328125
0 0.475725640625 0.49435059687500005 0.5161467734375 0.47702725468749996 0.5157025859375 0.47080861875 0.4712837578125 0.4597039109375 0.43041843750000003 0.473029559375 0.43086262499999994 0.47924819531249996 0.475725640625 0.49435059687500005
0 0.4939373609375 0.5010134203125001 0.550793459375 0.5156716343750001 0.586328521875 0.49612734999999997 0.5841075796874999 0.48679939687499996 0.5303607984375 0.473029559375 0.49349317187499997 0.49212965468750003 0.4939373609375 0.5010134203125001
0 0.568560990625 0.519669328125 0.6422962437499999 0.5401019890625001 0.668947540625 0.5147832578125 0.668947540625 0.50678786875 0.6023193 0.49035290312499996 0.5681168015625 0.512118128125 0.568560990625 0.519669328125
0 0.515258396875 0.5507625078125 0.59165878125 0.5774138046874999 0.631635725 0.5467648125 0.629414784375 0.537436859375 0.559677225 0.5178925750000001 0.5143700203125 0.544543871875 0.515258396875 0.5507625078125
0 0.4992676203125 0.5472090015625 0.5423538828125001 0.5210018937500001 0.54146550625 0.5134506921875001 0.482388465625 0.4974599140625 0.43663707343749997 0.5201135171875 0.435748696875 0.526332153125 0.4992676203125 0.5472090015625
0 0.072971 0.5460142109375 0.160764234375 0.5186500859375001 0.158711925 0.5143174328125 0.073199034375 0.5375769390625 0.0437826 0.5175099140625 0.045378840625 0.5252630828125 0.072971 0.5460142109375
0 0.18037519062500001 0.5154576046875 0.24924157343750003 0.49539057968750005 0.24718926406250002 0.4896897203125 0.184935878125 0.5058801609375 0.15392320312500002 0.4896897203125 0.15551944374999999 0.5010914390625001 0.18037519062500001 0.5154576046875
0 0.2501537109375 0.4821645859375 0.26109936093749997 0.48991775468750004 0.31628367968750004 0.4748674859375 0.31628367968750004 0.46734235156250004 0.2827626265625 0.4563967 0.24787336718750003 0.4662021796875 0.2501537109375 0.4821645859375
0 0.3292816390625 0.4707628671875 0.3753445828125 0.45799294062499996 0.37329227343750004 0.45115190937499994 0.33999925468750003 0.442942671875 0.2950764828125 0.45502849375 0.2959886203125 0.45958918125 0.3292816390625 0.4707628671875
0 0.28641117656250004 0.4573088375 0.3304218109375 0.44567908437500003 0.3308778796875 0.440662328125 0.3023735828125 0.433365228125 0.2553985015625 0.443398740625 0.25722277656250003 0.44978370312499993 0.28641117656250004 0.4573088375
0 0.24604909218749998 0.44545104999999996 0.25699474218749996 0.4445389125 0.2930241734375 0.43496146874999997 0.2941643453125 0.43085684999999996 0.2670282546875 0.42401581874999994 0.2257540328125 0.43313719375000004 0.24650516093750002 0.441118396875 0.24604909218749998 0.44545104999999996