0 0.391334159375 0.3596289203125 0.3913384609375 0.3403621375 0.4607510296875 0.2975152390625 0.52343431875 0.35845201250000003 0.5413542 0.3521047140625 0.5410199828125 0.33927785625 0.465921884375 0.26073918749999997 0.43833399531249995 0.2631990359375 0.35266643124999997 0.324812340625 0.354987821875 0.3368590359375 0.391334159375 0.3596289203125
0 0.2622252609375 0.392083978125 0.259827475 0.40437799375 0.29037415625 0.4196776015625 0.29270127968750004 0.40603524843749994 0.3475457078125 0.37544416875 0.3874395453125 0.4014082359375 0.389325021875 0.379338784375 0.3368559484375 0.33916132656250003 0.2622252609375 0.392083978125
0 0.5973091734375 0.4329986703125 0.610970625 0.4292406171875 0.6094117328124999 0.41884401093749996 0.5554558625 0.3631960203125 0.52149584375 0.37951021093750004 0.5254467890625001 0.4033018484375 0.553374628125 0.387979809375 0.5973091734375 0.4329986703125
0 0.595352065625 0.5375462703125 0.59741276875 0.5252699203125 0.576161678125 0.5132012593749999 0.5173634375 0.5328452265625 0.517716753125 0.53958690625 0.572983728125 0.5235081046875 0.595352065625 0.5375462703125
0 0.6957720625 0.5123409031249999 0.6689538374999999 0.48433953281250003 0.5938151390625 0.508219965625 0.598479884375 0.513383653125 0.6656345609375001 0.4919497046875 0.6940852093750001 0.51885149375 0.6957720625 0.5123409031249999
0 0.289085015625 0.4724746921875 0.2734392609375 0.4641683859375 0.1962570609375 0.42325802812499996 0.14400187656250002 0.4581075390625 0.1421722640625 0.4683437203125 0.235996671875 0.504325778125 0.289085015625 0.4724746921875
0 0.0917968234375 0.506812825 0.1834765 0.534119028125 0.22650388906250002 0.5102314296875 0.22703816406250002 0.501077165625 0.13475641562500001 0.4687323671875 0.09233109687499999 0.49765855937500003 0.0917968234375 0.506812825
0 0.3177404875 0.5355327953125 0.2502057640625 0.5110173265625 0.20714304218750001 0.53423075625 0.2054915203125 0.5414155140625 0.27384317343750003 0.5621700640625 0.3188563015625 0.5439245640625 0.3177404875 0.5355327953125
0 0.31170354218749996 0.4783875109375 0.2590067125 0.504809921875 0.2598031078125 0.5135564390625 0.3246411609375 0.5382132359375 0.37959014999999996 0.516066921875 0.378545 0.5090234890625001 0.31170354218749996 0.4783875109375
0 0.452992328125 0.5622455296875 0.491770353125 0.579817828125 0.5150659125 0.5728507921875 0.5134759890625 0.542513234375 0.5067710734374999 0.53711845625 0.4512906765625 0.5555745125 0.452992328125 0.5622455296875
0 0.394832925 0.5811799953125 0.43579387968749994 0.59525779375 0.4820479140625 0.5813413890625 0.4796367640625 0.5740315359375 0.44021990312500003 0.5571687375 0.395490859375 0.57438531875 0.394832925 0.5811799953125