0 0.584584390625 0.621481571875 0.584979271875 0.60963511875 0.545491096875 0.596604021875 0.5470706234375 0.6131890546875 0.4953411140625 0.659785103125 0.4266316875 0.628984325 0.42623680625000004 0.621876453125 0.409651771875 0.6313536156249999 0.41123129843750006 0.6439898328125 0.5174544921875001 0.6980886328125 0.575107228125 0.6313536156249999 0.584584390625 0.621481571875
0 0.307182675 0.5945614515625001 0.386108109375 0.6350107375 0.40041334375000004 0.6256383421875 0.4001667015625 0.618732365625 0.417431640625 0.606646909375 0.42581746875000004 0.61059318125 0.423597690625 0.5866689093749999 0.3907943078125 0.6088666875000001 0.33406665156250004 0.5819827109375 0.333326725 0.5679241187499999 0.30940245312500003 0.5829692796875 0.307182675 0.5945614515625001
0 0.6159784359375 0.583955846875 0.6238709796874999 0.5768032296875 0.6211579171875 0.571870390625 0.629297103125 0.5607715 0.632750090625 0.5624979953125 0.63916278125 0.5570718703125 0.6403959921875 0.54695955 0.6243642625 0.5427666359375001 0.6243642625 0.5462196234375 0.59649371875 0.57926965 0.5479052484375 0.5659509828125 0.5461787546875 0.5888886859375 0.5967403609375 0.60788011875 0.6046329046875 0.599987575 0.603892978125 0.59406816875 0.6125254484375 0.5819827109375 0.6159784359375 0.583955846875
0 0.6621004859374999 0.503797203125 0.6408892749999999 0.52698155 0.62535083125 0.522048709375 0.6246109046874999 0.5375871546875 0.6473019671875 0.5439998453125 0.6768990046875001 0.5087300421875 0.678872140625 0.5008375 0.6638269796875 0.495904659375 0.6621004859374999 0.503797203125
0 0.7301736734375 0.44558969531250003 0.7291871046875 0.4396702875 0.7121688078124999 0.45866172031249997 0.6477952515625 0.447069546875 0.6460687578125001 0.45224902968749997 0.7131553765625 0.4653210546875 0.7301736734375 0.44558969531250003
0 0.6482885359375 0.434984090625 0.6490284609375 0.4268449046875 0.626584040625 0.4421367078125 0.5750358671875 0.4317777453125 0.5733093734375 0.4369572265625 0.63225680625 0.448796040625 0.6482885359375 0.434984090625
0 0.572569446875 0.4273381890625 0.5733093734375 0.41105981875 0.5414925578124999 0.4063736203125 0.512388803125 0.418459078125 0.5139919765625 0.42487176875 0.5617172 0.43523073281249997 0.572569446875 0.4273381890625
0 0.5299003843750001 0.40933332499999997 0.5291604578125 0.4041538421875 0.48895781562499996 0.3965079421875 0.457634284375 0.40834675625 0.45911413593750006 0.4137728796875 0.501043271875 0.42339191718749997 0.5299003843750001 0.40933332499999997
0 0.5617172 0.39626130000000004 0.562950409375 0.390588534375 0.523734334375 0.3836825578125 0.497590284375 0.39453480625 0.4978369265625 0.397494509375 0.5382862109375 0.4066202625 0.5617172 0.39626130000000004
0 0.5671433234375 0.3933015953125 0.5710895953125 0.391328459375 0.5718295203125 0.387135546875 0.5863813984374999 0.379243003125 0.5513582359375 0.37455680468749997 0.5294071 0.38096949687500004 0.5294071 0.3854090515625 0.5636903359375001 0.39231502812499996 0.5671433234375 0.3933015953125
0 0.464540259375 0.4591550046875 0.46626675312500004 0.4529889546875 0.41841820937499996 0.4389303625 0.3693364546875 0.45964828906250005 0.3693364546875 0.46630762187499997 0.41965141875 0.4818460671875 0.464540259375 0.4591550046875
0 0.40435961562499995 0.44312327656250006 0.40411297343749997 0.4369572265625 0.361690553125 0.4251184109375 0.3118688734375 0.44139678125000004 0.3143352921875 0.448796040625 0.3574976390625 0.4621147078125 0.40435961562499995 0.44312327656250006
0 0.4055928265625 0.49023189375 0.4050995421875 0.4818460671875 0.35429129375 0.46507441250000003 0.2899177375 0.4912184625 0.2886845265625 0.5005908578125 0.34343904687500004 0.520322215625 0.4055928265625 0.49023189375
0 0.32469425625000004 0.52698155 0.3249408984375 0.5185957218749999 0.2706796625 0.49763115312500006 0.188301240625 0.5304345374999999 0.18854788281249998 0.5410401421875 0.24182255000000002 0.5706371796874999 0.32469425625000004 0.52698155
0 0.25785427968749997 0.501577425 0.2590874890625 0.49467144999999996 0.2116829 0.47469345 0.1278246265625 0.50330391875 0.13152425625 0.51292295625 0.17621578437500002 0.53561401875 0.25785427968749997 0.501577425
0 0.34264979218749997 0.46803411562499997 0.3436363609375 0.46236135 0.2982542359375 0.44805611562500003 0.23536053125 0.4682807578125 0.23462060468749998 0.4766665859375 0.28098929687499996 0.494178165625 0.34264979218749997 0.46803411562499997