0 0.809502978125 0.4667489640625 0.8058540609374999 0.4580011921875 0.7910918765625 0.47857320000000003 0.71879008125 0.470898296875 0.71768370625 0.4798621140625 0.7928335375 0.48976214687499997 0.809502978125 0.4667489640625
0 0.718040115625 0.461794578125 0.7176080265625 0.45228399531249996 0.7020385390625 0.4692768046875 0.639603271875 0.46406876874999997 0.6390881546875 0.471856490625 0.701205546875 0.47747139218749995 0.718040115625 0.461794578125
0 0.6347948640625 0.420221809375 0.6494131015625 0.41162884999999994 0.6092698234375 0.4091932515625 0.5883004078125 0.419887884375 0.58892043125 0.4233996234375 0.6302940984375 0.426628325 0.6343933671875 0.42310363593750006 0.6347948640625 0.420221809375
0 0.611847396875 0.44248942812500003 0.6368798124999999 0.4448920546875 0.6349253187499999 0.424360165625 0.6110185031250001 0.4388144984375 0.611847396875 0.44248942812500003
0 0.6367978609375 0.46114194218750004 0.637176515625 0.4580740859375 0.6361780765625 0.44686656874999997 0.6028983859375 0.44188871250000006 0.5765241921875 0.45777901249999997 0.57623360625 0.4631020765625 0.6292487859375 0.46886691875000003 0.6367978609375 0.46114194218750004
0 0.623962465625 0.43042711562499997 0.6225102515625001 0.4247515328125 0.584413309375 0.4220646765625 0.557977184375 0.43437471250000004 0.558897446875 0.43879376406250004 0.60201061875 0.44388606875000003 0.623962465625 0.43042711562499997
0 0.5920758796875 0.44756075781250004 0.591090390625 0.44107252968750005 0.5509275671875 0.436939815625 0.5197884 0.45247100468749996 0.5215898343750001 0.4579148734375 0.5653100796875 0.461799625 0.5920758796875 0.44756075781250004
0 0.73013536875 0.57518165 0.7576524265625 0.5342276265625 0.756686134375 0.5263578109375 0.741974415625 0.5246137562500001 0.7413453453125001 0.5291290296875 0.7197603515625 0.5557447171875001 0.703739578125 0.55297791875 0.703299409375 0.5710799671875 0.73013536875 0.57518165
0 0.6817542515625 0.6462132656249999 0.722418665625 0.58944324375 0.7204757515625 0.5784387843750001 0.7028902375 0.5749765046875 0.7043372796875 0.5795327328125001 0.6740999140625 0.6151992578125001 0.624917815625 0.6025983171875 0.62376666875 0.6293678625 0.6817542515625 0.6462132656249999
0 0.48874158906250004 0.6790841796875 0.48998902343750006 0.6916533765625 0.572838278125 0.732666090625 0.617505475 0.7277733875 0.6674716203125 0.66483148125 0.6659736656249999 0.6502219609375001 0.624988646875 0.636910415625 0.6281996609375 0.6510137296875 0.5809438625000001 0.7071137296875001 0.5029574343750001 0.674380003125 0.5026508359374999 0.6646539734375 0.48874158906250004 0.6790841796875
0 0.3874117328125 0.6441868921875 0.468701415625 0.682136540625 0.5022062484375 0.6513944609375 0.49937895 0.6283679640625001 0.464754340625 0.6548095015625 0.4102441625 0.630140403125 0.40888936249999996 0.6166967828125001 0.3853256640625 0.632016534375 0.3874117328125 0.6441868921875
0 0.531019475 0.5005139187500001 0.532272446875 0.49385095625000003 0.4819192859375 0.48376075468749996 0.43724654999999996 0.5078856203125001 0.43814126406250004 0.5151724859375 0.49086201249999994 0.5252678515625 0.531019475 0.5005139187500001
0 0.47130333437500005 0.49127747812499994 0.47008135624999997 0.4837349265625 0.4271172609375 0.47599202187499995 0.3827463328125 0.49534592499999996 0.38575294531250004 0.5029652203125 0.42794481875 0.5140575015625 0.47130333437500005 0.49127747812499994
0 0.4755057234375 0.535141828125 0.47348606562500006 0.52592200625 0.42254995468749995 0.5159033828124999 0.36555854062500004 0.543316003125 0.366269146875 0.5515130828125 0.41973628749999997 0.5700970015625 0.4755057234375 0.535141828125
0 0.413028325 0.5226940015625 0.41199562187499994 0.5118736515625 0.371112803125 0.5018041140625 0.315000978125 0.5267417859375 0.3154916875 0.5355576015625 0.3574278734375 0.5469771437500001 0.413028325 0.5226940015625
0 0.3369733625 0.5562936281249999 0.33378780625000004 0.547216959375 0.29448005625 0.5331077343749999 0.22392215625 0.5681034875 0.22638677812500002 0.57371825 0.26634388593749997 0.590706434375 0.3369733625 0.5562936281249999
0 0.4003609734375 0.5689255640625 0.3475125703125 0.5505615421875001 0.275384765625 0.587229403125 0.2756555765625 0.59666395625 0.326085109375 0.62183409375 0.39990568125000003 0.577265796875 0.4003609734375 0.5689255640625