0 0.300192565625 0.5150471421875 0.3021543328125 0.5216190140625 0.3159883109375 0.50439061875 0.3803366359375 0.511671025 0.38014531093750004 0.5061921765624999 0.313758321875 0.4984055359375 0.300192565625 0.5150471421875
0 0.3801663671875 0.5315981062499999 0.3969040890625 0.5148457343749999 0.451706309375 0.5215933609375 0.45379165937500004 0.5151688734375 0.39430518124999997 0.5065638375 0.3798441359375 0.5223705703125 0.3801663671875 0.5315981062499999
0 0.44224260156249995 0.573025884375 0.47963242656249994 0.577205734375 0.5006790765625 0.5680981171874999 0.49878779843750004 0.56354476875 0.45907095 0.55886875625 0.4584374734375 0.56553125625 0.44224260156249995 0.573025884375
0 0.4544928796875 0.5269815828125 0.45469793750000004 0.5411213140625 0.48634069375 0.5460792796875 0.5121082171875 0.5316099890625 0.5113200296875 0.5255745578125001 0.46432368281249997 0.51913176875 0.4544928796875 0.5269815828125
0 0.478474403125 0.5440442796875 0.4558715203125 0.5416577578124999 0.45560055468750005 0.558701234375 0.47895408906250003 0.5495130578125 0.478474403125 0.5440442796875
0 0.466447484375 0.5551466171875 0.465703240625 0.5586371515625 0.5058292875 0.56676341875 0.5296689156250001 0.5549598609374999 0.5289109375 0.5497895125000001 0.4877220765625 0.5442987687499999 0.466447484375 0.5551466171875
0 0.49829071562499994 0.5410425812499999 0.49846190312500005 0.545944709375 0.537384159375 0.5526694546875001 0.5672290062500001 0.539212628125 0.5676244734375 0.534002 0.5225962984375 0.52604691875 0.49829071562499994 0.5410425812499999
0 0.5573322859375 0.48730133750000004 0.5594048203125 0.49704517499999995 0.6099621921875 0.5062507328125 0.6567360875 0.481520384375 0.65476425 0.47466014999999995 0.6026945875 0.46348641874999996 0.5573322859375 0.48730133750000004
0 0.620121634375 0.499544290625 0.6218655296875 0.50814475625 0.6657906109375 0.51758191875 0.7121791109375 0.49835055781250004 0.7136273203125 0.490216046875 0.6639048203125 0.48011519687500004 0.620121634375 0.499544290625
0 0.6835197390625 0.471346290625 0.68436834375 0.47911188281249995 0.7295677046875 0.49196909218749996 0.7956315421875 0.4656989875 0.7924559140625 0.45743723125 0.7475147046874999 0.4437048703125 0.6835197390625 0.471346290625
0 0.61731675 0.45229345312499997 0.618195565625 0.460924128125 0.6756168328125 0.476530371875 0.7360306343749999 0.4455494640625 0.73575875 0.43776373125 0.679390228125 0.4192336046875 0.61731675 0.45229345312499997
0 0.6980695765625 0.40847638281250004 0.6990289468750001 0.419413940625 0.756571053125 0.43848051093749996 0.8458071687500001 0.39783174374999997 0.8443214234375 0.3883561265625 0.7870237375 0.359753521875 0.6980695765625 0.40847638281250004
0 0.7719109125 0.431304453125 0.7719749953124999 0.4414071375 0.8193539937500001 0.4588076265625 0.9079264234375 0.42395627812500003 0.9070476109375001 0.415325603125 0.85660375 0.3928353234375 0.7719109125 0.431304453125
0 0.34574007500000004 0.45118400468750003 0.3446240078125 0.45970467499999995 0.3593614953125 0.46343087812499995 0.37757268593750004 0.431695378125 0.396009484375 0.4334075765625 0.3959048984375 0.41691904375 0.3708956921875 0.4159075625 0.34574007500000004 0.45118400468750003
0 0.4164513125 0.3441071296875 0.3778012734375 0.3977606109375 0.380548865625 0.40897359218749996 0.3962440515625 0.41313755625 0.4247105234375 0.3782167015625 0.46983137968750005 0.3884211796875 0.47024075156249995 0.359663359375 0.4164513125 0.3441071296875
0 0.604155553125 0.30833762187499997 0.607394690625 0.2931459375 0.527484459375 0.2582400375 0.4794800546875 0.2599163875 0.43103490781250003 0.32993290468750003 0.432387040625 0.3416658203125 0.46674911406249997 0.35413082500000004 0.46891550937500004 0.335206959375 0.5160697812499999 0.2821989140625 0.589763196875 0.314494678125 0.592784203125 0.3200436453125 0.604155553125 0.30833762187499997
0 0.630002934375 0.33335130468749996 0.6886466 0.35297886875 0.692970434375 0.368848859375 0.71871770625 0.35051514687499996 0.7164736140625 0.34022699375 0.6317255890625 0.301720390625 0.5922866796874999 0.332783565625 0.5964521453125 0.3576119859375 0.630002934375 0.33335130468749996