0 0.34215602500000003 0.46288296406249996 0.343541271875 0.47327231718749996 0.35670111875 0.47742805781250003 0.378865071875 0.44972311718749997 0.39341016562500003 0.4518009875 0.39341016562500003 0.435178021875 0.3719388375 0.4289444109375 0.34215602500000003 0.46288296406249996
0 0.3795576953125 0.41509193906249997 0.3754019546875 0.4240960453125 0.39479541406249996 0.42755916406249994 0.4238856015625 0.3936206109375 0.47029137812500005 0.40816570468749996 0.47029137812500005 0.3804607625 0.4190372375 0.36591566875 0.3795576953125 0.41509193906249997
0 0.5021520609375 0.2696409984375 0.43358233124999995 0.3479074578125 0.4328897078125 0.3652230453125 0.46890613124999997 0.37007141093749996 0.51946765 0.3098131625 0.5921931203125 0.346522209375 0.6053529671875 0.3326697390625 0.61089395625 0.3181246453125 0.5021520609375 0.2696409984375
0 0.6337505328125 0.329206621875 0.5977341078125 0.3562189390625 0.600504603125 0.3832312578125 0.629594790625 0.35829680937499997 0.6912382859374999 0.38392388125 0.6877751671875 0.4005468453125 0.7127096140625 0.38184601093750004 0.7161727328125 0.3714566578125 0.6337505328125 0.329206621875
0 0.5554840734375001 0.5085961171875 0.5568693203125 0.5169075984375 0.6039677203125 0.53145269375 0.650373496875 0.509288740625 0.6538366140625 0.500284634375 0.5977341078125 0.4871247875 0.5554840734375001 0.5085961171875
0 0.6157423203125 0.47812068124999996 0.6157423203125 0.4871247875 0.6704595796875 0.5051329984375 0.7369514390624999 0.476735434375 0.735566190625 0.46496083437499997 0.6787710609375 0.44695262187499996 0.6157423203125 0.47812068124999996
0 0.6981645203125 0.438641140625 0.6967792734375 0.4434895046875 0.753574403125 0.47188706874999997 0.8394597218750001 0.433792775 0.8415375921875 0.420632928125 0.78127934375 0.3950058578125 0.6981645203125 0.438641140625
0 0.7667342500000001 0.47188706874999997 0.8186810156250001 0.49335839843749996 0.898332721875 0.4594198453125 0.9004105921875001 0.44833786875000003 0.8498490734375 0.4289444109375 0.7667342500000001 0.4608050921875 0.7667342500000001 0.47188706874999997
0 0.6836194265625 0.50790349375 0.727254709375 0.517600221875 0.7909760734375 0.497514140625 0.7895908265625 0.4871247875 0.7369514390624999 0.473964940625 0.6808489328125 0.4982067640625 0.6836194265625 0.50790349375
0 0.6185128140625 0.5335305640625 0.6579923562500001 0.544612540625 0.7099391203125001 0.527989575 0.7085538734375 0.518292846875 0.6600702265625 0.5072108703125 0.615049696875 0.526604328125 0.6185128140625 0.5335305640625
0 0.2939233765625 0.5294284015625 0.2987896578125 0.5362411953125 0.31436175624999996 0.5162894421875001 0.37324375781249997 0.5294284015625 0.37762341093749996 0.5196958390625 0.31046873124999996 0.50655688125 0.2939233765625 0.5294284015625
0 0.37373038593749996 0.5367278234375 0.37227050156249997 0.5503534109375 0.3878426015625 0.5299150296875 0.44721122968750004 0.5415941046875 0.44867111406250004 0.5338080546875 0.3883292296875 0.5226156078125 0.37373038593749996 0.5367278234375
0 0.4710560078125 0.56349236875 0.44818448593750004 0.5586260875 0.44915774218750004 0.5810109812500001 0.4695961234375 0.567872021875 0.4710560078125 0.56349236875
0 0.4779967375 0.5647200390625 0.507179128125 0.552560709375 0.5074493343750001 0.5466161484375001 0.45935243281249993 0.5371588921875 0.44881434843749995 0.541482209375 0.44881434843749995 0.5593158921875 0.4779967375 0.5647200390625
0 0.4909666890625 0.5666114906249999 0.53365944375 0.574717709375 0.5623014203125 0.5633690015624999 0.5623014203125 0.55472236875 0.5177172125 0.5476969781250001 0.4904262734375 0.5606669296875 0.4909666890625 0.5666114906249999
0 0.5006941515625 0.5863366234375 0.5244723953125 0.5768793671875 0.5242021890624999 0.5712050140625 0.4815094328125 0.5641796234374999 0.45908222656250003 0.5768793671875 0.5006941515625 0.5863366234375
0 0.4720521765625 0.5971449171875001 0.49231772500000004 0.5893089046875 0.49231772500000004 0.5839047578125001 0.4523270421875 0.5782304046875 0.43557418906249995 0.5906599406249999 0.4720521765625 0.5971449171875001