0 0.47880804843749997 0.35186649062500003 0.38448876875 0.3476015328125 0.383690015625 0.3581867734375 0.4774211734375 0.36207611875 0.47880804843749997 0.35186649062500003
0 0.5992637484375 0.3582508984375 0.50090964375 0.3535618625 0.49971849687500003 0.3619092640625 0.5986607234375 0.3669739140625 0.5992637484375 0.3582508984375
0 0.380398071875 0.4074211484375 0.3829602515625 0.392000453125 0.383727321875 0.3876878765625 0.36622626875000003 0.348192465625 0.277313784375 0.343240584375 0.27546927499999996 0.3518331125 0.3113819640625 0.40424666093750006 0.380398071875 0.4074211484375
0 0.218222146875 0.397906965625 0.29248194375000003 0.40194638749999995 0.29553531875 0.393794715625 0.2570911953125 0.3445669015625 0.1710046734375 0.3395982421875 0.1680165421875 0.347129171875 0.218222146875 0.397906965625
0 0.231733090625 0.40968241875 0.268165846875 0.4452054375 0.3315952734375 0.447792740625 0.33373431249999996 0.442369165625 0.3063349421875 0.40748179375 0.23633832031250002 0.401693853125 0.231733090625 0.40968241875
0 0.276138571875 0.45294699843749997 0.3018052640625 0.4804348625 0.3569693109375 0.4840362390625 0.3598921984375 0.47712605156250004 0.33871796875000004 0.4516793640625 0.277999859375 0.4471804328125 0.276138571875 0.45294699843749997
0 0.3955317359375 0.454512734375 0.3525047859375 0.45187321718750006 0.350055375 0.457264171875 0.37095185625 0.482367865625 0.41139797187499993 0.485677525 0.40394718906250004 0.47297002343749994 0.405546571875 0.4637241296875 0.39767264999999996 0.46101375000000006 0.3955317359375 0.454512734375
0 0.3226629875 0.4148463390625 0.34770195312499996 0.4497994203125 0.3952866078125 0.45385936875 0.37672489374999996 0.42146987343750003 0.379516359375 0.409838875 0.3236663265625 0.40679299843749994 0.3226629875 0.4148463390625
0 0.3082968578125 0.5111380671875 0.325131290625 0.5273400734375 0.3687898796875 0.530207453125 0.36862351718749997 0.5242315390625001 0.35441541875000004 0.5094972546875 0.3087027203125 0.506016753125 0.3082968578125 0.5111380671875
0 0.3317144359375 0.5314746390625 0.3452948546875 0.5433623515625 0.38421125312500004 0.5459961234375 0.3863129453125 0.5423771453125 0.3757375921875 0.529613590625 0.3327546640625 0.5278765046875 0.3317144359375 0.5314746390625
0 0.3660898171875 0.5147710890625 0.3793174453125 0.530295871875 0.42300259687499997 0.5336188843749999 0.4242281484375 0.5288549828125 0.413774034375 0.5145277671875 0.3667685265625 0.511761828125 0.3660898171875 0.5147710890625
0 0.3836292359375 0.5358229828125001 0.39454515 0.5474805640625 0.4334663984375 0.549578025 0.43505041406249995 0.5448517984375 0.4268229734375 0.5334767890625 0.38511906093750004 0.531992915625 0.3836292359375 0.5358229828125001
0 0.396158775 0.5510931828125 0.40624419375 0.5603077234375 0.4408450453125 0.5621323046875 0.4422783578125 0.55883993125 0.4358905984375 0.5489267609375 0.39660173906249996 0.5486027765625 0.396158775 0.5510931828125
0 0.34818121562500004 0.5455069031249999 0.36171025156250003 0.55816398125 0.39613187031249997 0.559969721875 0.397942484375 0.55653579375 0.388781209375 0.54542505625 0.34960537812500003 0.544025684375 0.34818121562500004 0.5455069031249999