0 0.2984577796875 0.535578096875 0.3030558421875 0.53017514375 0.305479190625 0.5225195828125 0.20439665312500002 0.49100345624999997 0.1678529125 0.5357471765625 0.1676971203125 0.544601821875 0.20005665625 0.506234328125 0.2984577796875 0.535578096875
0 0.3634325546875 0.463737003125 0.2595710484375 0.4212340015625 0.21237874843750001 0.47909130937500005 0.21385084375000002 0.49002547031250004 0.3129065828125 0.5218626078125 0.3641044765625 0.4745381953125 0.3634325546875 0.463737003125
0 0.3343688796875 0.327787859375 0.2710850890625 0.405386284375 0.2716114515625 0.41854787499999996 0.3756861796875 0.46075740156249995 0.4445444375 0.3978583703125 0.44334693437499995 0.38947776875 0.3343688796875 0.327787859375
0 0.401735546875 0.47273329999999997 0.478734921875 0.5046876578124999 0.5458686609375001 0.4579557140625 0.5443564390625 0.4467682046875 0.4682854953125 0.40427859374999997 0.40086535 0.4655993828125 0.401735546875 0.47273329999999997
0 0.3389535921875 0.528904484375 0.41289546718750003 0.5530325421875 0.46659144374999995 0.5149215578125 0.463546534375 0.50553503125 0.3899484953125 0.4753793 0.336109315625 0.52078470625 0.3389535921875 0.528904484375
0 0.399360146875 0.5528389796875001 0.326258575 0.52909724375 0.2934277515625 0.5579302953124999 0.2961241125 0.56347645 0.3237573296875 0.5411801281249999 0.3929359203125 0.5598296921875 0.3959658828125 0.565842421875 0.4026835859375 0.5590649296875 0.399360146875 0.5528389796875001
0 0.5394327453125001 0.5353802921875 0.484667546875 0.5126299359375001 0.4289298265625 0.547688134375 0.43116653437499997 0.5568910203125 0.490216809375 0.572262296875 0.5424501187499999 0.54295324375 0.5394327453125001 0.5353802921875
0 0.5652917656249999 0.4559701578125 0.49719734375 0.5015557328125 0.4996427109375 0.5120760375 0.5568485640625 0.535478653125 0.6215188281249999 0.49614892343749994 0.62032761875 0.48698820937500004 0.5652917656249999 0.4559701578125
0 0.39603841093750003 0.5892563296875 0.42927285781249996 0.567890796875 0.4814998453125 0.581174375 0.47865556875 0.573054596875 0.4184795421875 0.5571344484375 0.39503053125 0.57305454375 0.39603841093750003 0.5892563296875
0 0.512263540625 0.6245550843750001 0.5280412375 0.6290681796875 0.5287713921874999 0.622200203125 0.555248009375 0.6073588109375 0.5829756234375 0.6151733265625 0.5842321390625 0.621466940625 0.593242578125 0.6127680859375 0.59400026875 0.6077136828125 0.5552960109375 0.596183890625 0.5106332953125 0.6175415484375 0.512263540625 0.6245550843750001
0 0.691460425 0.5655278890625001 0.6573542296875 0.5485951453125 0.6030665859375001 0.5764116375 0.604363228125 0.5829586 0.6404812734374999 0.596196534375 0.6942244484375 0.5731409671875001 0.691460425 0.5655278890625001
0 0.7267004 0.5830601765625001 0.6994771265625 0.570231384375 0.646920446875 0.59257961875 0.6491376453125 0.6000196 0.679373575 0.6105532984375001 0.7277436921875 0.589647265625 0.7267004 0.5830601765625001
0 0.7581653078125 0.5980739125000001 0.7346093109375 0.585443396875 0.6840794265625 0.6074706187500001 0.68556175625 0.6119105312500001 0.711796809375 0.62177938125 0.7583808890625 0.6027144609375 0.7581653078125 0.5980739125000001
0 0.8065385859375 0.5558715656250001 0.7481824015625 0.5809562859375 0.7511321109375 0.5864623140624999 0.77174075625 0.5985208234375 0.8276712343750001 0.57615764375 0.8267081953125001 0.570077253125 0.8065385859375 0.5558715656250001
0 0.7744843671874999 0.535497359375 0.7129023 0.56317065 0.715099434375 0.5704839578125 0.7418360703125 0.5835196781249999 0.8000592859375001 0.55923513125 0.7991363734375 0.553408090625 0.7744843671874999 0.535497359375
0 0.73801305625 0.508551009375 0.6717928015625 0.5413739046875 0.6750434609375 0.548780053125 0.7104364671875001 0.5656388390625 0.7727785828125 0.5378451703125 0.76716005 0.5286065609375 0.73801305625 0.508551009375
0 0.6320247328125 0.6198705546875 0.6006424328125 0.6102975374999999 0.5859505125 0.61755890625 0.5862612921875 0.62607995 0.5979806812499999 0.621367025 0.6218128515625 0.6259029421875 0.6223895703125 0.6328236359375 0.6329476453125 0.62569759375 0.6320247328125 0.6198705546875