0 0.3179215140625 0.6621413546875 0.22074457343749998 0.66016821875 0.21235874531249999 0.6285980453125 0.17733558437500002 0.6727469593750001 0.18029528749999998 0.685079059375 0.3238409203125 0.6870521953125001 0.3596040078125 0.5943148093749999 0.35664430468749997 0.5846957734375 0.3408592171875 0.58444913125 0.3435722796875 0.5950547359375 0.3179215140625 0.6621413546875
0 0.3652767734375 0.5775431546875 0.3867346265625 0.5185957218749999 0.38426820625 0.5097166109375 0.36650998437500004 0.5094699687500001 0.3494916875 0.553372240625 0.33839279843750003 0.554358809375 0.341105859375 0.5771731921875001 0.3652767734375 0.5775431546875
0 0.35319131718749996 0.6769892015625001 0.3556577359375 0.6902832046875 0.5011765046875001 0.6909984671875 0.5006832218749999 0.5876554765625001 0.476265665625 0.5871621921875 0.47207275156249995 0.6626346390625 0.3744025265625 0.66288128125 0.3714428234375 0.628351403125 0.35319131718749996 0.6769892015625001
0 0.4807052203125 0.552632315625 0.47503245468750005 0.555098734375 0.4755257390625 0.5659509828125 0.477005590625 0.5768032296875 0.499696653125 0.5765565875 0.4994500109375 0.5104565359375 0.4824317140625 0.5087300421875 0.4807052203125 0.552632315625
0 0.5026563578125 0.5052770546875001 0.5038895671875 0.4591550046875 0.49402388750000004 0.4589083625 0.48292499843750003 0.49097182031250003 0.48292499843750003 0.5050304125 0.5026563578125 0.5052770546875001
0 0.376424990625 0.49023189375 0.36285968281250003 0.4904785359375 0.3645861765625 0.495904659375 0.3670525953125 0.5045371296875001 0.3931473171875 0.505523696875 0.4067126265625 0.46655426406249995 0.40646598437500003 0.4589083625 0.3887077625 0.458415078125 0.376424990625 0.49023189375
0 0.3596040078125 0.41451280625000003 0.3600972921875 0.42067885625 0.42521077500000004 0.42117213906249995 0.4355697390625 0.39379487968750004 0.43310331875 0.39034189218750004 0.4294036890625 0.39034189218750004 0.4215111453125 0.41451280625000003 0.3596040078125 0.41451280625000003
0 0.5021630734375 0.42141878125 0.5026563578125 0.4162393 0.44395556562499994 0.415746015625 0.44074922031249997 0.4068669046875 0.43902272656249997 0.42240535 0.5021630734375 0.42141878125
0 0.5793620125000001 0.42191206562500005 0.5796086546875 0.4154993734375 0.572949321875 0.394781446875 0.51498845625 0.3960146578125 0.5164683078125 0.42092549687499997 0.5793620125000001 0.42191206562500005
0 0.5744291734375 0.37505008906250004 0.6257307062499999 0.37455680468749997 0.6262239890625 0.369623965625 0.6175915203125 0.358278434375 0.5699896171875001 0.3575385078125 0.5699896171875001 0.3619780640625 0.5744291734375 0.37505008906250004
0 0.5810885078125 0.39502808906250003 0.6380628046875 0.39527473125 0.6385560890625 0.390588534375 0.6289370515625 0.37505008906250004 0.5766489515625 0.3755433734375 0.5764023093749999 0.3802295703125 0.5810885078125 0.39502808906250003
0 0.5949004578125 0.4216654234375 0.65878073125 0.42215870781250003 0.659274015625 0.4154993734375 0.6454620640625001 0.3967545828125 0.5867612734375001 0.3965079421875 0.5852814203125 0.40094749687500003 0.5949004578125 0.4216654234375
0 0.5801019390625 0.51292295625 0.671359471875 0.5131695984375 0.6718527562500001 0.5062636234375 0.649654978125 0.46408784374999995 0.5709761859375 0.46433448593750004 0.5694963343749999 0.4709938203125 0.5801019390625 0.51292295625
0 0.59687359375 0.5898752546875 0.710575546875 0.589135328125 0.7120553984375 0.5785297234375 0.6799919421875 0.519582290625 0.5823217171875 0.5200755734375 0.5823217171875 0.529941253125 0.59687359375 0.5898752546875
0 0.6277038421875 0.7070301953125 0.778648734375 0.7087566890625 0.780375228125 0.6961779484374999 0.7266072765625 0.598754365625 0.6047661375 0.5950547359375 0.6027930015625 0.608373403125 0.6277038421875 0.7070301953125
0 0.8149051046875 0.710729825 0.966836565625 0.7127029609375 0.9754690343749999 0.6991376515625001 0.87755216875 0.599987575 0.754971103125 0.599740934375 0.75028490625 0.6098532546875 0.8149051046875 0.710729825
0 0.736719596875 0.588395403125 0.8511614765625 0.5898752546875 0.8548611062499999 0.5765565875 0.795913671875 0.5176091546875 0.700956509375 0.5178557953125 0.698490090625 0.5267349078125 0.736719596875 0.588395403125
0 0.6933106078125 0.513416240625 0.785554709375 0.512429671875 0.785061425 0.5018240671875 0.748065128125 0.46408784374999995 0.6688930515625 0.46433448593750004 0.6688930515625 0.473213596875 0.6933106078125 0.513416240625