0 0.604267571875 0.6335844984375 0.6063848765625 0.6538622875 0.6440549734375 0.6817681484375 0.7278311390625001 0.6369516515625 0.724420309375 0.625529909375 0.6994227734375 0.6113726453125 0.6985165609374999 0.6209114546875 0.6412196515625 0.654497384375 0.604267571875 0.6335844984375
0 0.5342236046875 0.7391991078125 0.6206940765625 0.6921322265625001 0.6239256531249999 0.680010840625 0.6046841765625001 0.66836415625 0.6043688625 0.675762815625 0.5324216140625 0.711522659375 0.48021737656249996 0.6611775062499999 0.48009175156249995 0.64536523125 0.44161822500000003 0.662497340625 0.4446417421875 0.6732363234375 0.5007911015625 0.73849051875 0.5342236046875 0.7391991078125
0 0.4787380609375 0.6279129734375 0.4782744109375 0.614353346875 0.43113685312500005 0.6291727453125 0.39887941250000003 0.59332225625 0.385331646875 0.5987248921874999 0.38679446875 0.6077865078125 0.431143478125 0.6575751515625 0.4800717984375 0.6345115484375 0.4787380609375 0.6279129734375
0 0.39977544374999996 0.5863200421875 0.3988315234375 0.5778601015625 0.39798352812500004 0.5712304984375 0.3825692078125 0.5763764578125 0.3604967703125 0.5531729578125 0.360489465625 0.546666146875 0.34687060000000003 0.5510506046875 0.3483137015625 0.5594843843749999 0.37782744375 0.5941443343749999 0.39977544374999996 0.5863200421875
0 0.3134070015625 0.517431915625 0.377558775 0.5030576875 0.37512532187500003 0.498012834375 0.3126287671875 0.5121334640625 0.296151271875 0.49380913125000003 0.296850315625 0.50078024375 0.3134070015625 0.517431915625
0 0.3915540328125 0.4994877578125 0.447587375 0.486206403125 0.44733448593749997 0.48138097343749997 0.39425334218749997 0.49050318125 0.37515572812500003 0.47949076249999995 0.37581116875 0.4856299046875 0.3915540328125 0.4994877578125
0 0.45686255468750003 0.48171588437499996 0.5068701203125 0.47125309375 0.5062582796874999 0.4659459234375 0.48093432031249994 0.45392500468749997 0.44921337499999997 0.4599255578125 0.44984124062499997 0.47190593593749997 0.45686255468750003 0.48171588437499996
0 0.4898628078125 0.4332680921875 0.49038885781249997 0.43057090468750003 0.46878590468750003 0.42269310625 0.4335881234375 0.42920957499999995 0.44763357812500004 0.4361486375 0.45094260625000004 0.44198185937499995 0.4898628078125 0.4332680921875
0 0.48241442812499996 0.45351373281249996 0.5221055578125 0.44359160312499996 0.522132425 0.44092057812499996 0.49665008593750004 0.4322449828125 0.45837801875000006 0.4405910796875 0.4579304515625 0.44478581406249995 0.48241442812499996 0.45351373281249996
0 0.5197529375000001 0.468742571875 0.5622989296875 0.45917138125 0.56225674375 0.4519989921875 0.529908640625 0.44284896093750004 0.4903751859375 0.4525959734375 0.491267490625 0.45688734062499997 0.5197529375000001 0.468742571875
0 0.6060370078124999 0.523285921875 0.654828909375 0.5055453937500001 0.65519799375 0.49985311093749996 0.604837846875 0.481302278125 0.5559413 0.4970460796875 0.5551166359375 0.5035964921875 0.6060370078124999 0.523285921875
0 0.66737021875 0.5028859171875 0.71044296875 0.487447328125 0.709279625 0.48116795312500005 0.6618964234375 0.465297575 0.6167920625 0.48017523124999995 0.617868203125 0.484790665625 0.66737021875 0.5028859171875
0 0.68326085 0.5609515796875 0.73572355625 0.536845178125 0.7373191515624999 0.5290864046875 0.671870875 0.5059870703125 0.6181656328125 0.5254867578125 0.6190049078125 0.5319499671875 0.68326085 0.5609515796875
0 0.7023504515625001 0.5686273953125001 0.791685475 0.6081610984375 0.8475036421875 0.57803905625 0.8462363609375 0.5665927421875 0.7722154859375 0.539103996875 0.7578714171875001 0.5360181609375 0.7021244296875 0.5611309390625 0.7023504515625001 0.5686273953125001
0 0.7718985359375 0.5387869046875 0.8615416031249999 0.5714635671875 0.9045815953125 0.5458487765625 0.90594103125 0.53676756875 0.8169375671875001 0.5105645812499999 0.7711836562500001 0.5321503234375 0.7718985359375 0.5387869046875
0 0.7488083578125 0.531821303125 0.7926789046875 0.512503328125 0.7925843968749999 0.5043325750000001 0.7263993656250001 0.48627738593750003 0.6818116265625 0.50146166875 0.6815210265625 0.5086514984375 0.7488083578125 0.531821303125