0 0.28766594687499997 0.4697307234375 0.370729490625 0.45175160312499996 0.3696507421875 0.44240245937499995 0.2919809375 0.4607411640625 0.2689676609375 0.436649140625 0.2689676609375 0.4427620421875 0.28766594687499997 0.4697307234375
0 0.382236128125 0.448155778125 0.45343345 0.4326937328125 0.45379303281250005 0.4258616671875 0.3865511171875 0.438806634375 0.3692911609375 0.4240637546875 0.3692911609375 0.438806634375 0.382236128125 0.448155778125
0 0.456122478125 0.42385234531249993 0.464267521875 0.4298954421875 0.5231220359375001 0.418860221875 0.5220710625 0.40940146093749996 0.4844987609375 0.394950575 0.4550715046875 0.40099367187499996 0.456122478125 0.42385234531249993
0 0.47679610781250004 0.3921511359375 0.45503280156250003 0.3805706609375 0.45463347499999995 0.40133565000000004 0.47659644375 0.3979413734375 0.47679610781250004 0.3921511359375
0 0.45343549375 0.371585809375 0.45523246406249995 0.37957234375 0.49476581093750005 0.3721848 0.49656278125000003 0.3669935515625 0.469807890625 0.3566110578125 0.4348668015625 0.36220163125 0.45343549375 0.371585809375
0 0.533101175 0.387359215625 0.533700165625 0.3809699875 0.5003563843750001 0.3689901859375 0.45942539531250004 0.377376046875 0.45902606874999996 0.3829666203125 0.48677927656250003 0.3955454125 0.533101175 0.387359215625
0 0.5350978093750001 0.4161107390625 0.5850136499999999 0.40433060000000004 0.58361600625 0.39714272031250003 0.5462789578125 0.38356561093749997 0.4993580671875 0.3925504625 0.498759078125 0.39973834375 0.5350978093750001 0.4161107390625
0 0.646986540625 0.49155694843750003 0.7091053953124999 0.47051121562500003 0.7080870531250001 0.460327796875 0.6435920671875001 0.43419035624999996 0.5848676859374999 0.45252050937500005 0.5872438171875001 0.463043375 0.5957299984375 0.46711674375 0.646986540625 0.49155694843750003
0 0.7223438390625 0.46508005937499997 0.7664719875 0.4484471421875 0.7647747515625001 0.4406398546875 0.7046925796875 0.41823633281249994 0.6558121703124999 0.4338509078125 0.6561516171874999 0.44199764375 0.7223438390625 0.46508005937499997
0 0.7325272578125 0.528556703125 0.762059171875 0.5455290671874999 0.8184074234375001 0.5153182593750001 0.819425765625 0.5064926296875 0.7287933375 0.4708506640625 0.6717661921875 0.495630315625 0.6693900609375001 0.502758709375 0.7325272578125 0.528556703125
0 0.9175260328125001 0.6215652609375 0.97251649375 0.577097665625 0.9738742828125 0.5652170109375 0.8465815484375 0.5170154953125 0.7881966140625 0.5475657515625 0.789554403125 0.5574097234375001 0.9175260328125001 0.6215652609375
0 0.8282513953124999 0.51090544375 0.87543456875 0.48952026406250004 0.875774015625 0.4769607140625 0.7881966140625 0.44878658906249996 0.7403345453125 0.4660984015625 0.739316203125 0.4759423734375 0.8282513953124999 0.51090544375
0 0.983039359375 0.5682720359375 0.999672278125 0.556051934375 1 0.5153182593750001 0.90666371875 0.4871441328125 0.8604988875 0.512942128125 0.8625355718750001 0.5200705203125 0.983039359375 0.5682720359375
0 0.334284028125 0.529449046875 0.375456840625 0.582875671875 0.40927736562500006 0.5716021640625 0.40731675625 0.544643775 0.380358365625 0.5588581984375 0.3509492140625 0.5137641656249999 0.3333037234375 0.5167050796875 0.334284028125 0.529449046875
0 0.38673035 0.601991621875 0.452900940625 0.6882584671875 0.528874584375 0.6470856546875 0.5293647359375 0.6235583328125001 0.5685769390625001 0.6093439093749999 0.5362268718750001 0.5823855203125 0.536717025 0.6024817734375 0.453881246875 0.6382629093750001 0.4107478234375 0.5799347578125 0.3852598921875 0.5877771984375 0.38673035 0.601991621875
0 0.4739775 0.710805484375 0.4960343640625 0.738254025 0.7342484953125 0.7407754375 0.7087605640625 0.718647925 0.70483934375 0.733842653125 0.5636754140625 0.7372737203125 0.5254435156249999 0.6990418234375 0.5323056515625 0.66424099375 0.47495780468750004 0.6911993828125 0.4739775 0.710805484375