0 0.567433034375 0.32976249062499996 0.5669837156249999 0.3435252421875 0.581010521875 0.3499533984375 0.5840176875 0.3422443703125 0.6601590234375 0.308541496875 0.7119828921875 0.3585462390625 0.709484528125 0.3745842578125 0.7553958609375 0.3609279828125 0.7554506625 0.3494026625 0.7041710859375 0.2925729015625 0.6633707609374999 0.28471956249999997 0.6530861390625 0.283235678125 0.567433034375 0.32976249062499996
0 0.57375549375 0.36680054375000004 0.5451544671875 0.338357875 0.46905174374999997 0.379318115625 0.467191865625 0.38986600937500004 0.48892848125 0.40490417343749996 0.490393059375 0.3909908671875 0.5463612343750001 0.36328848125 0.576202959375 0.3903020640625 0.5796023046875 0.363547071875 0.57375549375 0.36680054375000004
0 0.766023325 0.3941111296875 0.797859296875 0.43037477031250004 0.7988568093749999 0.43780121875000005 0.8191990515625 0.43084183437499995 0.8212094828125001 0.42130919999999994 0.7703807874999999 0.361922375 0.7097115281249999 0.3845114125 0.7104674156249999 0.411999084375 0.766023325 0.3941111296875
0 0.8199171062499999 0.45667498125000006 0.84550940625 0.4816209921875 0.849045459375 0.4914724796875 0.864405596875 0.4866007546875 0.8647993359375 0.47876047968749996 0.8293524250000001 0.43493914531250005 0.8003993968750001 0.4440054953125 0.8010595296874999 0.4589525859375 0.8199171062499999 0.45667498125000006
0 0.81994811875 0.5443463203125 0.9051743312499999 0.53762231875 0.9286797531250001 0.5631890703125 0.92956220625 0.554446253125 0.9078055031250001 0.5301765625 0.8181800921875 0.5394205750000001 0.81994811875 0.5443463203125
0 0.7303227078125001 0.553590334375 0.7949240984375 0.5498210390625 0.820459259375 0.5694838390625 0.8205140578125001 0.55795851875 0.8000745015625 0.5411716359375001 0.7296263 0.548194403125 0.7303227078125001 0.553590334375
0 0.660438884375 0.5630196125 0.6888877984375 0.5792413359374999 0.7265280640625 0.5769799140625 0.7264693624999999 0.560491015625 0.7177064609375 0.5503770359375 0.660231190625 0.5567211421875 0.660438884375 0.5630196125
0 0.6425054953125 0.5862231484375 0.6679456828125 0.5989482125000001 0.7145542046875 0.5962907109375 0.7120341921875 0.5918915124999999 0.6885118046875001 0.5795046078125 0.64286218125 0.5823311890625 0.6425054953125 0.5862231484375
0 0.6013276171874999 0.56742739375 0.6336870140624999 0.5820316437499999 0.677475196875 0.5785472703125001 0.6784333171875 0.5731135046875 0.6464684390625 0.5562718234374999 0.6015901109375 0.5622005421875 0.6013276171874999 0.56742739375
0 0.7223570359375 0.597831346875 0.7186716015625 0.5953688640625 0.7141782109375 0.5965539843750001 0.6765379453125 0.5988154046874999 0.6751659984375 0.6028579171875 0.6975411015625 0.61240595625 0.740765684375 0.6121179140625 0.7223952609375 0.6022872953125 0.7223570359375 0.597831346875
0 0.517934171875 0.5039463796875 0.516581534375 0.511617575 0.5626859375000001 0.534248146875 0.6138997890625 0.524163415625 0.6131091890625 0.51743259375 0.5682076515625 0.49171840937500005 0.517934171875 0.5039463796875
0 0.4647098890625 0.5235637453125 0.5082942796875 0.5417951203125 0.5522137078125 0.5356973203125001 0.5512540296874999 0.5299253968750001 0.5058452531250001 0.5070879109375 0.467547971875 0.5168136156250001 0.4647098890625 0.5235637453125
0 0.4020779734375 0.4937345046875 0.4541990484375 0.5177555500000001 0.49289084687500007 0.5057924125000001 0.4927773453125 0.5008288359375 0.4392457125 0.4735929328125 0.40305461875 0.48632658125 0.4020779734375 0.4937345046875
0 0.32244758125 0.4500321328125 0.32211020156250003 0.4575527765625 0.37957162499999997 0.48679988906249994 0.42098956875000004 0.47432873437499995 0.4228687546875 0.4674095234375 0.3544077765625 0.43325675312499995 0.32244758125 0.4500321328125
0 0.366947575 0.42755815625000004 0.3656327703125 0.436883878125 0.4297879640625 0.46928870937499995 0.48177154843750003 0.45110042968749997 0.4814696609375 0.44346706718749995 0.4112028234375 0.4027340265625 0.366947575 0.42755815625000004
0 0.449322640625 0.46877835 0.4488347078125 0.47528373281249997 0.49990346875 0.503403646875 0.5542001515625 0.4889189375 0.5546502515625 0.48075902968750006 0.4957033796875 0.45059085000000004 0.449322640625 0.46877835