0 0.521347075 0.6423948078125 0.520908546875 0.6290197140625 0.49547394375 0.616960203125 0.45556792812499997 0.6347205734375 0.45534866406249996 0.640640696875 0.4656540640625 0.6441489171875 0.4941583609375 0.62967750625 0.521347075 0.6423948078125
0 0.5217856015625 0.6268270765625 0.5224433937499999 0.6195913703125 0.5533595921875001 0.6077511234374999 0.5812060984375 0.6257307562500001 0.5901959156250001 0.6198106328125 0.5906344421874999 0.6130134546875 0.5535788562499999 0.5943760296875 0.50577934375 0.612574928125 0.5062178703125 0.6182757875 0.5217856015625 0.6268270765625
0 0.6158497828125 0.64853419375 0.628567084375 0.643710390625 0.6287863484375 0.63800953125 0.5976508843749999 0.620029896875 0.5794519874999999 0.6283619218750001 0.580986834375 0.6358168921875 0.5950197187499999 0.6320894078125 0.6158497828125 0.64853419375
0 0.6542209515625 0.66695235625 0.6649648781249999 0.6643211890625 0.6640878234375001 0.658401065625 0.6371183734375 0.643710390625 0.616288309375 0.650946096875 0.6187002125000001 0.6586203296875001 0.6331716234375 0.6535772625 0.6542209515625 0.66695235625
0 0.6625529765625 0.55425075 0.6031324796875001 0.5779312437499999 0.6046673265625 0.5860440046875001 0.63843395625 0.6077511234374999 0.695881078125 0.58845590625 0.6956618140625 0.58209725625 0.6625529765625 0.55425075
0 0.7489429234375 0.520484121875 0.6761473328125 0.54701504375 0.6785592359375 0.5557855968750001 0.7107910171875 0.5829743109375001 0.7781050109375001 0.556881915625 0.7785435390625 0.550523265625 0.7489429234375 0.520484121875
0 0.49350056875000003 0.477946940625 0.4345186 0.51368694375 0.43517639218750004 0.520484121875 0.4884575015625 0.5531544312500001 0.54743946875 0.5231152875 0.5483165249999999 0.51587958125 0.49350056875000003 0.477946940625
0 0.579890515625 0.42927037187500006 0.508410509375 0.47071123437500006 0.508410509375 0.4781662046875 0.5647613109375 0.5147832625000001 0.632733096875 0.4818936890625 0.631856040625 0.474000190625 0.579890515625 0.42927037187500006
0 0.40754915 0.42049981875000003 0.3514176109375 0.46325626406250003 0.350979084375 0.471807553125 0.41895086875 0.5119328328125 0.47749430937500004 0.47378092812499994 0.47639799062500005 0.46808006874999997 0.40754915 0.42049981875000003
0 0.4937198328125 0.3519140953125 0.42202056250000003 0.40580914218749997 0.42202056250000003 0.41655307031250005 0.4899923484375 0.46479111093750003 0.56191088125 0.4209821984375 0.5621301453124999 0.41308870156250005 0.4937198328125 0.3519140953125
0 0.33299945000000003 0.4814551609375 0.399217125 0.518510746875 0.398559334375 0.5246501343750001 0.40645283125000004 0.5176336921875 0.4055757765625 0.511055778125 0.34023515625 0.47202681718750006 0.2998906140625 0.5031622796875 0.2994520859375 0.5049163906249999 0.33299945000000003 0.4814551609375
0 0.3185280375 0.458432459375 0.23060324531249998 0.4073439890625 0.188504590625 0.453170128125 0.187408271875 0.46062509843750005 0.2253409140625 0.42225392968750003 0.30712631875 0.4674222765625 0.3169931921875 0.46501037500000003 0.3185280375 0.458432459375