0 0.21157575781250001 0.4557062171875 0.301195184375 0.4293747359375 0.29796149375000003 0.42244539843749995 0.2148094484375 0.4450812328125 0.1773910296875 0.418749753125 0.178776896875 0.43168451562500004 0.21157575781250001 0.4557062171875
0 0.31643972656249997 0.42198344375 0.3880428765625 0.4035052109375 0.385733096875 0.39519000625 0.3256788421875 0.41366823906250005 0.29888540625000004 0.399347609375 0.30027127343750004 0.411820415625 0.31643972656249997 0.42198344375
0 0.384145871875 0.33407003125 0.3857464796875 0.33940539062499997 0.4113562046875 0.3335364953125 0.41028913281249996 0.32740083124999997 0.379877584375 0.31886425625000003 0.3548013953125 0.3260669921875 0.384145871875 0.33407003125
0 0.41110010781249995 0.3596797546875 0.45671742968749995 0.3471416609375 0.4564506609375 0.3418063015625 0.4193699140625 0.32980174375 0.383889775 0.33967215781250004 0.3852236140625 0.3508764125 0.41110010781249995 0.3596797546875
0 0.3982952453125 0.3991614140625 0.45404975 0.381554728125 0.452982678125 0.3727513859375 0.41083333906249997 0.35754561093750004 0.3876245265625 0.36554865 0.39029220625 0.3930257515625 0.3982952453125 0.3991614140625
0 0.46311986093749996 0.3770196734375 0.5127387031249999 0.3607468265625 0.5090039515625 0.3551447 0.4663210765625 0.3420730703125 0.42390497031249996 0.3559450046875 0.42417173750000003 0.3628809703125 0.46311986093749996 0.3770196734375
0 0.5570072828125 0.425398609375 0.5643261890625 0.42154655312499995 0.6009207203125 0.43117669375 0.6105508609375 0.43733998281249997 0.6506122421875 0.4173092921875 0.6498418312500001 0.4096051796875 0.581660440625 0.389189284375 0.5335097421875 0.4115312078125 0.5331245375 0.4192353203125 0.5570072828125 0.425398609375
0 0.6359744296875001 0.4431180671875 0.632892784375 0.4554446453125 0.7033854078124999 0.47971259687499995 0.7145563703125 0.4700824578125 0.72572733125 0.47509013125 0.7557733671875 0.4519777953125 0.7576993953125 0.4388808046875 0.6714133437500001 0.41653888125 0.62749990625 0.439651215625 0.6359744296875001 0.4431180671875
0 0.6556199140625 0.41268682500000003 0.6945256796875 0.392656134375 0.6937552671875 0.3861076390625 0.6301963453125 0.36800297656250003 0.593216609375 0.384952021875 0.5916757859375 0.392656134375 0.6556199140625 0.41268682500000003
0 0.7623218625 0.44465888906249995 0.7939087218750001 0.4192353203125 0.7946791328125 0.4099903859375 0.7110895187499999 0.3899596953125 0.6775766328125 0.40806435781249994 0.67834704375 0.419620525 0.7623218625 0.44465888906249995
0 0.8143246171875 0.5155367171874999 0.8636309328125 0.5317153515624999 0.892136146875 0.4885723265625 0.895988203125 0.47663095312500003 0.7835081703125 0.44581450624999996 0.7457580218750001 0.48086821406249997 0.8201027015625 0.5028249328125 0.8143246171875 0.5155367171874999
0 0.9021514921874999 0.48125342031249996 0.9252638281250001 0.44465888906249995 0.9225673890625 0.4384956 0.8220287296875 0.41461285312499996 0.7939087218750001 0.4392660109375 0.7908270765625 0.44889615000000005 0.9021514921874999 0.48125342031249996
0 0.2904835984375 0.5156840578125 0.3508230234375 0.5642759828125 0.398880971875 0.54398485 0.394609153125 0.5172859890625 0.362570521875 0.5338392828125 0.3107747328125 0.5023346281250001 0.31344461875 0.49272303749999996 0.2904835984375 0.5018006500000001 0.2904835984375 0.5156840578125
0 0.37858983749999997 0.585635071875 0.4757736890625 0.6609258578125 0.5766953796875 0.584033140625 0.57402549375 0.570683709375 0.5350451578125 0.5461207578125 0.5361131125 0.5664118921875 0.47203584843749996 0.6085960906250001 0.398880971875 0.5664118921875 0.4010168796875 0.5551983703125 0.37698790625 0.567479846875 0.37858983749999997 0.585635071875
0 0.5062103890625 0.6833529 0.5847050375 0.7407754375 0.706451840625 0.7407754375 0.7539758109375 0.6705374468749999 0.7566456984375 0.659323925 0.732082746875 0.6465084734375 0.726742975 0.659857903125 0.6733452546875001 0.7298089171875 0.5606760640624999 0.6566540390625 0.56494788125 0.614469840625 0.5062103890625 0.6609258578125 0.5062103890625 0.6833529