0 0.5370719421875 0.3494222109375 0.507433140625 0.362410415625 0.48153460312499996 0.35025354218750004 0.4821990328125 0.3637706921875 0.50600258125 0.37559087343750003 0.547989828125 0.3601171015625 0.5466205953125 0.3525901171875 0.5370719421875 0.3494222109375
0 0.49571246406249997 0.38051335625 0.496132946875 0.373617859375 0.48127275 0.3652551421875 0.480541759375 0.3727454671875 0.44912371406249996 0.384502121875 0.4203295984375 0.36629223906249997 0.41153964062500004 0.37124090781249997 0.41142966249999996 0.377541578125 0.44767744374999996 0.3985826765625 0.49571246406249997 0.38051335625
0 0.422318325 0.35552250937499996 0.4117438875 0.359539659375 0.38322885625 0.342535140625 0.3750599109375 0.34629415625000004 0.37314450312499997 0.35286343750000004 0.40555994999999995 0.3699360375 0.42247695625 0.36362860937499997 0.422318325 0.35552250937499996
0 0.30515539375 0.40332287187500004 0.3065082453125 0.409585028125 0.3381024203125 0.4368452625 0.39796044375 0.41410564843750003 0.397330546875 0.40551665937500003 0.3618610765625 0.3824777765625 0.30515539375 0.40332287187500004
0 0.22381227343750001 0.43952922812499995 0.2529090265625 0.47025505 0.323574728125 0.44263526875 0.3227159171875 0.435991828125 0.28986853125 0.40792989999999996 0.22182831875 0.4303317390625 0.22381227343750001 0.43952922812499995
0 0.511521596875 0.44201680468750004 0.45332237500000006 0.47024409843750004 0.45351606093749997 0.47590115937500005 0.5068986453125001 0.5169935671875 0.564457765625 0.48076196875 0.565147909375 0.474730428125 0.511521596875 0.44201680468750004
0 0.5750603421875 0.4764630859375 0.6054075671875 0.45788726406249997 0.60369675 0.44421059218750003 0.569075440625 0.461931990625 0.52449353125 0.436004690625 0.5226204078125 0.44279539999999995 0.5750603421875 0.4764630859375
0 0.6025235343750001 0.4779172296875 0.5939345453125 0.4785471265625 0.5951593328125 0.48656163750000003 0.6591875093749999 0.5264751859375 0.7004648812500001 0.496002975 0.6985873703125 0.49187616093750003 0.6677653078125 0.5153175531249999 0.6025235343750001 0.4779172296875
0 0.5230579265624999 0.5182504015625 0.5245014218749999 0.5249040484374999 0.5902880421875001 0.5757657375 0.6491117859375 0.534097490625 0.6496750734375001 0.5241646453125 0.5827574890625 0.48225111875 0.5230579265624999 0.5182504015625
0 0.43675836874999996 0.57035650625 0.43717295937499995 0.5801114640625 0.5025741781249999 0.6418838765625 0.576424265625 0.5881957843750001 0.57699095625 0.57806804375 0.5088281718750001 0.529309378125 0.43675836874999996 0.57035650625
0 0.7013136875 0.6595845609375 0.7587504953125 0.6013209749999999 0.7586916765625 0.593521771875 0.6722931265625001 0.539609928125 0.6134781390625 0.58747788125 0.6120050140625 0.593690709375 0.7013136875 0.6595845609375
0 0.689100740625 0.5260615421875 0.6831654390625 0.5310267546875 0.6816480890625 0.5397732203125 0.7682884796875 0.5909989140625 0.8108022734375 0.54553679375 0.813454975 0.5387596921875 0.7733683734375 0.5791953640624999 0.6917510265625 0.5305917546875001 0.689100740625 0.5260615421875