0 0.1948851203125 0.573926421875 0.32002188125000003 0.5602502734375 0.32685995624999997 0.5226408640625 0.3227571109375 0.5116999453125 0.2195021875 0.516486596875 0.21881838125000003 0.5151189828125 0.192149890625 0.5636693109375 0.1948851203125 0.573926421875
0 0.457018309375 0.5441487203125 0.4417143484375 0.4991370671875 0.347189878125 0.5087395531250001 0.3462896453125 0.5570520609375 0.457018309375 0.5441487203125
0 0.48732615625 0.617067596875 0.488526465625 0.6059647234375001 0.4642201734375 0.5459491859375001 0.3462896453125 0.556151828125 0.344489178125 0.6353723359375001 0.48732615625 0.617067596875
0 0.1766857390625 0.5753567984375 0.126572765625 0.652776840625 0.13107393125 0.6689810359374999 0.298877371875 0.6473754421875 0.3123808671875 0.57475664375 0.313581178125 0.562453459375 0.1766857390625 0.5753567984375
0 0.4900268546875 0.54534903125 0.5860517125 0.5336460015625 0.5899527234375 0.5240435156250001 0.5530431671875 0.49013473750000003 0.46992165 0.4958362140625 0.46992165 0.5078393203125 0.4900268546875 0.54534903125
0 0.5278366421875 0.614967053125 0.6538692687500001 0.5990629359375 0.6511685703125 0.5846592078125 0.59655443125 0.5330458453125 0.4960284078125 0.54534903125 0.4942279421875 0.5537512062500001 0.5278366421875 0.614967053125
0 0.785003215625 0.5399476328125 0.8684248109375 0.53004506875 0.8705253546874999 0.5207426609375 0.799707021875 0.48623372812500004 0.7210866703125001 0.4958362140625 0.7207865921875001 0.503038078125 0.785003215625 0.5399476328125
0 0.891230715625 0.52584398125 0.9662501359375 0.5180419625 0.96985106875 0.5081393984375 0.8867295500000001 0.47873178593750004 0.8162112953125 0.4868338828125 0.8153110625 0.492535359375 0.891230715625 0.52584398125
0 0.994757515625 0.5183420390625 1 0.515041184375 0.999558759375 0.506639009375 0.9989586031250001 0.48203264062500006 0.9668502906249999 0.4718299984375 0.9053343671875 0.48143248437499997 0.9050342890625 0.4868338828125 0.994757515625 0.5183420390625
0 0.882828540625 0.47963201875 0.943744309375 0.47513085312500003 0.9473452421875 0.4682290671875 0.876526909375 0.44692355156249997 0.8255137031249999 0.45262502656250003 0.8240133140625 0.4577263484375 0.882828540625 0.47963201875
0 0.7459931171874999 0.46402797968750004 0.7952058578125001 0.48803419375 0.8627233359375 0.48173256249999996 0.866024190625 0.47423062031249996 0.806608809375 0.4535252609375 0.7459931171874999 0.458026425 0.7459931171874999 0.46402797968750004
0 0.8129104406250001 0.4553257265625 0.868124734375 0.44872401718750005 0.8687248890625 0.44452292968749996 0.8645238015625001 0.4424223859375 0.8123102843750001 0.44722362968749996 0.796106090625 0.44332261875 0.7949057796875 0.45022440625 0.8129104406250001 0.4553257265625
0 0.7369907875 0.4514247171875 0.7165855046875 0.44152215312500004 0.71538519375 0.4535252609375 0.736090553125 0.4613272796875 0.794005546875 0.4547255703125 0.7952058578125001 0.4505244828125 0.7922050796875 0.44812386249999997 0.7369907875 0.4514247171875
0 0.710884028125 0.4550256484375 0.6508684921875 0.45862658125 0.6238615015625 0.44422285156249997 0.6238615015625 0.45202487187499996 0.6547695015625 0.46732883437500006 0.719286203125 0.460727125 0.7117842609375 0.45172479374999996 0.710884028125 0.4550256484375
0 0.7102838734375 0.4979367578125 0.7796018171875 0.48953458281250006 0.7817023609375 0.4829328734375 0.7309892328125 0.45892665781249997 0.6667726093749999 0.46342782343750005 0.6637718328125 0.4700295328125 0.7102838734375 0.4979367578125
0 0.43497999375 0.47159510156250006 0.3792900203125 0.47444369374999995 0.37672628750000003 0.457494571875 0.3626257578125 0.45806428906249996 0.3650470609375 0.4891139421875 0.4439530578125 0.481707603125 0.44423791718750005 0.4751558421875 0.43611942968750006 0.45649756406249997 0.43497999375 0.47159510156250006
0 0.4547777078125 0.453079253125 0.45520499687499993 0.46205231874999997 0.466456934375 0.482277321875 0.5416597624999999 0.47544069999999994 0.5422294812499999 0.46789193124999995 0.526277365625 0.45421869062500003 0.526847084375 0.46618277656249996 0.4741481328125 0.469885946875 0.46460535 0.451512528125 0.4547777078125 0.453079253125
0 0.2636371859375 0.4821348921875 0.262212890625 0.46846164999999995 0.24796993125000003 0.4896836609375 0.2489669375 0.4972324296875 0.338412725 0.49053823750000003 0.3421158953125 0.467749503125 0.3396945921875 0.4604855921875 0.328015365625 0.46005830468750003 0.3251667734375 0.478787796875 0.2636371859375 0.4821348921875
0 0.61704653125 0.44608001093749994 0.6218088625 0.44488942812500004 0.6207265140625 0.43785416718750003 0.615314775 0.43731299375 0.5933431125 0.42887067968750003 0.5936678171875001 0.43179301875 0.61704653125 0.44608001093749994