0 0.7849617640625 0.44818760312499994 0.78386649375 0.438695253125 0.746262184375 0.4047418484375 0.7236265796875 0.41605964999999995 0.7254520328125 0.43102835468749995 0.741516009375 0.4229963671875 0.76816760625 0.444901790625 0.7714534203125 0.4518385078125 0.7849617640625 0.44818760312499994
0 0.6867524515625 0.341216121875 0.6341794359375 0.3671375390625 0.6363699781250001 0.391963684375 0.685292090625 0.37078844218749996 0.72216621875 0.4080276609375 0.7400556468749999 0.4003607640625 0.737134925 0.3908684140625 0.6867524515625 0.341216121875
0 0.57713053125 0.29934276406250004 0.6329929921875 0.344906559375 0.6326809109375 0.3586381140625 0.6713789296875 0.340537428125 0.6704426859375 0.32836627812499997 0.608650690625 0.268446765625 0.591798328125 0.2592245625 0.49099623281250004 0.32743003437499996 0.490372071875 0.3396011859375 0.50847275625 0.35083609375 0.506600271875 0.340849509375 0.57713053125 0.29934276406250004
0 0.469150578125 0.3399132671875 0.3983082390625 0.39109451562499997 0.39893239999999996 0.40108110156250004 0.422650540625 0.41200392968750005 0.42327470156249997 0.4004569390625 0.4722713859375 0.3670642953125 0.5078485953125 0.38516498125 0.5078485953125 0.3645676484375 0.469150578125 0.3399132671875
0 0.29719406249999997 0.458816046875 0.3724055328125 0.484406671875 0.42140221718750004 0.4606885328125 0.4207780546875 0.454446915625 0.341821615625 0.421054271875 0.29750614375 0.45226235 0.29719406249999997 0.458816046875
0 0.252878590625 0.48877580312499996 0.32216052500000003 0.5106214578125 0.362418946875 0.488463721875 0.361170625 0.48284626875000003 0.286271234375 0.4578798046875 0.2541269140625 0.481910025 0.252878590625 0.48877580312499996
0 0.3446303421875 0.5071885703125 0.34400618125000004 0.513742265625 0.4039256921875 0.5299704671875001 0.4398149828125 0.5153026703125 0.439502903125 0.50781273125 0.38176795625 0.48908788437500006 0.3446303421875 0.5071885703125
0 0.41703308593750005 0.527161740625 0.4164089234375 0.5337154375 0.4629089609375 0.5486953140625 0.502231140625 0.534963759375 0.5016069796875 0.529034225 0.4541707 0.5131181046875 0.41703308593750005 0.527161740625
0 0.4672780921875 0.5087489734374999 0.4675901734375 0.5149905890625 0.5115935640625 0.531530871875 0.5605902484375 0.51655099375 0.5590298453125 0.50984125625 0.51346605 0.4897120453125 0.4672780921875 0.5087489734374999
0 0.392066621875 0.48222210624999995 0.3908183 0.48908788437500006 0.4507378109375 0.509685215625 0.49879825312500004 0.4893999640625 0.4975499296875 0.482378146875 0.438878740625 0.4578798046875 0.392066621875 0.48222210624999995
0 0.610595884375 0.54033593125 0.6108067140625 0.545395865625 0.640955490625 0.557413209375 0.6732125718749999 0.5508774609375 0.6719475874999999 0.5340110124999999 0.6616168890624999 0.52621028125 0.610595884375 0.54033593125
0 0.555569096875 0.5597323453125 0.58698285625 0.569641384375 0.6299922984374999 0.559521515625 0.6289381453125 0.55446158125 0.5979460484375 0.543076728125 0.55493660625 0.5536182593750001 0.555569096875 0.5597323453125
0 0.5968918953125 0.57048470625 0.622613228125 0.5803937453125 0.6654118390625 0.5713280296875001 0.6637251953125001 0.5650031109375 0.6382146921875 0.5572023781250001 0.5968918953125 0.567322246875 0.5968918953125 0.57048470625
0 0.6736342328125 0.5702738765625 0.669206790625 0.5690088921875 0.6654118390625 0.5709063671875 0.630624790625 0.57849626875 0.6302031296874999 0.5829237125 0.6542378171875 0.589881121875 0.69050068125 0.58250205 0.6732125718749999 0.5747013187500001 0.6736342328125 0.5702738765625
0 0.6755317078124999 0.5281077562500001 0.7326668 0.5154579203125 0.7573339812500001 0.5297944015625 0.7567014890625 0.5209395156250001 0.735829259375 0.5076571875 0.6734234015625 0.5236803140624999 0.6755317078124999 0.5281077562500001
0 0.8486236296874999 0.5114521390625 0.8511535968749999 0.5103979859375001 0.8498886140625 0.5021755921875 0.8285947234375 0.4829900078125 0.752274046875 0.5023864234375 0.7537498609375 0.50786801875 0.8281730625 0.4901582484375 0.8486236296874999 0.5114521390625