0 0.006870014062500001 0.42174950625 0.0048954796875 0.4371447953125 0.033383032812500005 0.431993146875 0.1266977625 0.49136095312499994 0.13124755625 0.4810472734375 0.032714534375 0.41710211093750005 0.006870014062500001 0.42174950625
0 0.125948840625 0.4978324203125 0.1179795296875 0.5100264296875 0.15285699218749998 0.5086618703125 0.21756013749999997 0.5502520718749999 0.2214425640625 0.5433716890625 0.14994059375 0.494860896875 0.125948840625 0.4978324203125
0 0.1514646890625 0.6115831843749999 0.1736786984375 0.6231752046875 0.21442380156250002 0.6244824734375001 0.215980996875 0.6181723859375 0.1963247453125 0.6087307390625 0.1938027953125 0.613200103125 0.1514646890625 0.6115831843749999
0 0.2141503125 0.5931539234375001 0.21513334999999997 0.5865844640625 0.205888746875 0.5827299375 0.20039782343749998 0.5928322046875001 0.2141503125 0.5931539234375001
0 0.199438009375 0.593233509375 0.1947576546875 0.6067266375 0.22075291562500002 0.6211855765625 0.2676909953125 0.626194303125 0.2703654859375 0.61848394375 0.225408740625 0.5926969093750001 0.199438009375 0.593233509375
0 0.22252667812500002 0.5515734328125 0.2075801984375 0.5815890390625 0.2262113484375 0.5946165406249999 0.281095271875 0.5935274296874999 0.28405299687499996 0.5858721250000001 0.23088974375000001 0.549377871875 0.22252667812500002 0.5515734328125
0 0.2425680078125 0.595150525 0.24101850156250001 0.6016098734375 0.284441 0.6262168703125 0.3333929046875 0.62691405625 0.33459616406250003 0.61921165625 0.2925739234375 0.591937475 0.2425680078125 0.595150525
0 0.2649198421875 0.3698576421875 0.162787125 0.3893431046875 0.156033909375 0.4043413109375 0.1767341109375 0.4237164578125 0.18370600312500002 0.41499727656249996 0.253172621875 0.4006757453125 0.291606728125 0.43741025 0.300593340625 0.4084542015625 0.2649198421875 0.3698576421875
0 0.486244640625 0.4455006234375 0.42600288593749996 0.33832408125 0.2940545328125 0.36064915000000003 0.2884185515625 0.377303721875 0.3073725328125 0.3982583671875 0.40434345625 0.3806479484375 0.44910961250000003 0.44403909375 0.44301136406249997 0.46060380937499995 0.47956829218749997 0.457635378125 0.486244640625 0.4455006234375
0 0.660411153125 0.4256347390625 0.6355311625 0.2994262796875 0.464575603125 0.3323893515625 0.4621754828125 0.34967291093749997 0.493305321875 0.41904860624999996 0.5050756546875 0.37577155156250003 0.621525634375 0.3566704203125 0.638352265625 0.44533354062499997 0.6586530109375001 0.442083621875 0.660411153125 0.4256347390625
0 0.5292786328125 0.530143025 0.49261458906250005 0.46209025156249994 0.4392623453125 0.467550790625 0.43429431718749995 0.48817305937500005 0.473471109375 0.49147066562499997 0.5012092171875 0.5314031359375 0.498128153125 0.5423178140625 0.5253628921875 0.540415725 0.5292786328125 0.530143025
0 0.647934965625 0.475011109375 0.6560283578125 0.5370305796875 0.67837086875 0.5356167359375 0.6786523578125 0.5193605515625 0.6665393125 0.4484042921875 0.641615903125 0.45075565781250004 0.636866553125 0.477656953125 0.647934965625 0.475011109375
0 0.4653948546875 0.586277528125 0.4571356671875 0.5872651390625 0.4189163734375 0.5867508171875 0.408481709375 0.575214734375 0.3822464578125 0.575301184375 0.380295921875 0.5838535984375001 0.4178539609375 0.6159320140625 0.482817590625 0.6181875328124999 0.48614845312500005 0.608462853125 0.4653948546875 0.586277528125
0 0.4265065015625 0.615885209375 0.4241008453125 0.6223323515625 0.452080496875 0.6473628515625001 0.5125097984375 0.6521943640625001 0.5169589593749999 0.644127634375 0.49213331406250005 0.61769340625 0.4265065015625 0.615885209375
0 0.560055290625 0.57212068125 0.4934876734375 0.5707058390624999 0.49107485625 0.58608315 0.4800855828125 0.584811396875 0.5053819515625 0.6162350734375 0.58382568125 0.6188059390625 0.5870024484374999 0.611356225 0.5732662046875 0.5841964125 0.566456909375 0.5866183109375 0.560055290625 0.57212068125
0 0.5107959609375 0.6224735171875 0.53280699375 0.6515299015625 0.6017731078125 0.6554277671875 0.6048803078125 0.6453714984375 0.5901414921875 0.617440575 0.5139805296875 0.6164658937499999 0.5107959609375 0.6224735171875
0 0.5896844484375 0.5842185328125 0.60723851875 0.61989955625 0.6979900812500001 0.62140544375 0.6944473171875 0.57144916875 0.654955628125 0.5715518625 0.6551415656249999 0.585417515625 0.5896844484375 0.5842185328125
0 0.6141173796875 0.6200842109375 0.6120433140625 0.6263076937500001 0.6242451390625 0.656914740625 0.70683764375 0.657410896875 0.70714583125 0.652860965625 0.7022545874999999 0.6202175750000001 0.6141173796875 0.6200842109375