0 0.874522875 0.38281479687500003 0.8717048359374999 0.37325653124999997 0.8269680156250001 0.4064574 0.7369588874999999 0.3903504484375 0.7356534453125 0.39680144687499996 0.8331415124999999 0.41628144218749996 0.874522875 0.38281479687500003
0 0.6707233328125 0.546024546875 0.747164040625 0.4891967140625 0.74704678125 0.47262266875 0.7225423625 0.4635314765625 0.720756175 0.477054928125 0.672189015625 0.5144809015625 0.627981784375 0.4963610515625 0.6257480796875 0.5250632109375 0.6707233328125 0.546024546875
0 0.4504876453125 0.5599995296875 0.45033921406250005 0.5760220546875 0.5505203 0.6455512140625 0.6517679578125 0.566115003125 0.649734390625 0.5487989734375 0.6285335921875 0.5345767609375 0.6278401890625 0.5438751703125 0.5551154171875 0.595700296875 0.48854007812500005 0.5546516078125 0.4854462578125 0.5354843781249999 0.4504876453125 0.5599995296875
0 0.2862271109375 0.6578926203125001 0.2896708125 0.6710100531250001 0.3525458875 0.762583978125 0.40017875625 0.757089740625 0.51964365625 0.6734930968749999 0.51751254375 0.649790109375 0.45270358125000004 0.59569184375 0.46441937656250004 0.6420502875 0.3573975875 0.7230980828125 0.31031603125 0.658507559375 0.3044697984375 0.642527446875 0.2862271109375 0.6578926203125001
0 0.3731094578125 0.51132441875 0.44027399999999994 0.556344346875 0.4839676046875 0.5286161453125 0.4831197859375 0.5086197046875001 0.44686925312500003 0.526470615625 0.40412747187500003 0.49813388437499995 0.400587975 0.483421978125 0.37341113125000003 0.4995070390625 0.3731094578125 0.51132441875
0 0.42411976406249996 0.42587547187499997 0.45434347343750003 0.4119341203125 0.46681936406249996 0.417935696875 0.49540291718749996 0.4088778234375 0.495961965625 0.40181980156249997 0.4461529515625 0.3840041640625 0.38201620625 0.41046663125 0.3860138375 0.4195984859375 0.41883755312500004 0.43243405 0.42411976406249996 0.42587547187499997
0 0.3153682765625 0.4744850625 0.3222030921875 0.4811855546875 0.32636551874999997 0.483547125 0.3901029671875 0.45484744531250004 0.38781948593750004 0.4427928078125 0.3991384734375 0.437371496875 0.36216862031249997 0.41752149375 0.28364948125 0.45006654218750003 0.28498958281250003 0.45960185625000005 0.309047321875 0.47773066562500005 0.3153682765625 0.4744850625
0 0.292734984375 0.48326443281250003 0.2611833109375 0.45793845468749994 0.1624330609375 0.49538939375 0.188858628125 0.5429457 0.22801667499999997 0.525950803125 0.22284370468749998 0.5143022562499999 0.292734984375 0.48326443281250003
0 0.43756310625 0.3883769703125 0.43845869375 0.3817023953125 0.4002663015625 0.3671619171875 0.3425847734375 0.3891517875 0.341171271875 0.39773278749999996 0.377304503125 0.41439630000000005 0.43756310625 0.3883769703125
0 0.353186065625 0.4217151484375 0.35466760625 0.41548212187500005 0.32276099999999996 0.3953431640625 0.25091110625 0.42089595781250005 0.2518414109375 0.43124314375 0.28018787343749996 0.45214439375 0.353186065625 0.4217151484375
0 0.25078337500000003 0.460991996875 0.2514984546875 0.45303305 0.2272300484375 0.42946307812500006 0.1387925828125 0.45996658437500004 0.138446846875 0.46682583125 0.1576291390625 0.5008026953125 0.25078337500000003 0.460991996875
0 0.7356112046875001 0.37870868125 0.7373621140625 0.36693688125 0.71039723125 0.38382396406249997 0.6454260109375001 0.36885583125 0.6407856078124999 0.3768425484375 0.7164247625 0.39502647031250004 0.7356112046875001 0.37870868125
0 0.6395539953125 0.3699430375 0.64179643125 0.33557460625 0.6206327421875 0.3340958484375 0.5748077125 0.35284770625 0.5744980765625 0.3599638265625 0.634669215625 0.3724631859375 0.6395539953125 0.3699430375
0 0.6065324140625 0.3400067453125 0.6063685671875 0.33138547812499997 0.5606379484375 0.324715084375 0.5157321109375 0.34255191093750004 0.518099525 0.350077640625 0.5659531765625 0.358807196875 0.6065324140625 0.3400067453125
0 0.6424032093750001 0.32684503593750003 0.64053426875 0.30981911093750003 0.61182124375 0.3049482234375 0.5752478609375 0.3205662078125 0.573577484375 0.329183309375 0.6228279796875 0.3366687578125 0.6424032093750001 0.32684503593750003
0 0.6763772921875 0.29273208125 0.6558078859375 0.28802642343749996 0.622425303125 0.3039818171875 0.6215338796875 0.308822165625 0.640710609375 0.3129377078125 0.6417867046875 0.30754750625 0.6763772921875 0.29273208125