0 0.6635103109375 0.57804728125 0.7292700062499999 0.5798846546875 0.7432376015625 0.6022560390625 0.7460351640625 0.5947585921874999 0.7328029968750001 0.5732002640625 0.663354559375 0.57310291875 0.6635103109375 0.57804728125
0 0.5861842859374999 0.58133064375 0.644799378125 0.5820026125 0.65845596875 0.6025266031250001 0.661534296875 0.5912864812499999 0.646765740625 0.5718865531249999 0.5870507796875 0.5745746734375 0.5861842859374999 0.58133064375
0 0.52462143125 0.5762884359375 0.5232347453124999 0.5822731875 0.550044384375 0.6017799875 0.5810019859375 0.601096503125 0.5821910828125 0.5903826234375 0.5839961437500001 0.58224551875 0.5761337578125 0.5755797671875 0.52462143125 0.5762884359375
0 0.5812009828125 0.60083700625 0.558147109375 0.5999296703125 0.5575316421875 0.605394228125 0.578780953125 0.622480003125 0.5812009828125 0.60083700625
0 0.579040471875 0.6234926609375 0.5754539546874999 0.620147553125 0.5345302890625 0.619077496875 0.53275395625 0.623675075 0.5523588890625 0.6354297703125 0.59162414375 0.637766240625 0.5788942640625 0.6278775109375 0.579040471875 0.6234926609375
0 0.4870295890625 0.6070318953125 0.5086805437499999 0.6200669515625 0.5499727046875 0.6201494515625 0.5515410890625 0.6148053296875 0.53086813125 0.6003716 0.48622130312499995 0.60210845 0.4870295890625 0.6070318953125
0 0.45026730625000005 0.583645203125 0.47745638437500004 0.602699621875 0.52024163125 0.602366225 0.5210208484375001 0.5956329890625 0.49614709062499995 0.5773816843749999 0.44986535625 0.5784476796875 0.45026730625000005 0.583645203125
0 0.387389775 0.5173107875 0.428371640625 0.54659735 0.4822146671875 0.54381009375 0.48389537968749996 0.5366458046875 0.443175534375 0.5045290265625 0.3904586109375 0.5104163234375 0.387389775 0.5173107875
0 0.33299778125 0.5248892859375001 0.37778903124999996 0.5508827109375 0.419100565625 0.5488288421874999 0.42226953125 0.5399370375 0.3808559453125 0.5128714765625 0.33423897187499996 0.518503909375 0.33299778125 0.5248892859375001
0 0.3205475140625 0.47184480312500005 0.373004978125 0.5102767515625 0.4298167140625 0.5025923718749999 0.43144345937499995 0.49570570937499997 0.3788702640625 0.4563869203125 0.3219584015625 0.466068640625 0.3205475140625 0.47184480312500005
0 0.2612369609375 0.48497337500000004 0.3197170109375 0.5191018140625 0.3624472328125 0.5127138734375001 0.367112253125 0.50353664375 0.3110150984375 0.4690070484375 0.26636490468749996 0.47934350625000005 0.2612369609375 0.48497337500000004
0 0.22506672343749998 0.41376636875 0.30194023593749997 0.46443530156249996 0.3599469984375 0.452085259375 0.3619592984375 0.44469731250000005 0.2893268890625 0.3885142390625 0.230456690625 0.40530628437500005 0.22506672343749998 0.41376636875
0 0.16965825 0.43589869375 0.2430994921875 0.47754512968749996 0.2917443671875 0.4674089296875 0.29379503125 0.4568591765625 0.22028422343749998 0.41260618437499996 0.17194817499999998 0.4285647109375 0.16965825 0.43589869375
0 0.70412750625 0.5260755031250001 0.6807561140625 0.48212884218749996 0.65738761875 0.48507643125 0.6533531046875 0.5041568859375001 0.6705765218749999 0.5009917671874999 0.6887868562499999 0.52960659375 0.68832534375 0.5370068484375 0.7014084406250001 0.5333625828125 0.70412750625 0.5260755031250001
0 0.642266846875 0.41038321875 0.5854538953125 0.4195302359375 0.5835637609375001 0.440981421875 0.6254373015625 0.440002596875 0.6543783609375 0.482101034375 0.67260415625 0.4788051078125 0.6736756234375 0.46826691093750006 0.642266846875 0.41038321875
0 0.5859804078125 0.41395596250000005 0.624628559375 0.4077910765625 0.6283323703125 0.3971132546875 0.5770845109375 0.31061727656250004 0.46322417031249996 0.34352001875 0.45990396718750004 0.355575009375 0.47247409687499997 0.37299832187500004 0.47556795156250004 0.3654584421875 0.548226428125 0.34180635000000004 0.5892408375 0.4022084890625 0.5859804078125 0.41395596250000005
0 0.4404424171875 0.347751953125 0.3547618421875 0.3747345171875 0.350360628125 0.3839741765625 0.372536390625 0.4039159375 0.3769023359375 0.388156409375 0.4382737578125 0.3756620109375 0.4646339265625 0.4042327515625 0.47015878437499997 0.382511134375 0.4404424171875 0.347751953125