0 0.70769608125 0.5781314734375 0.7240491078125 0.6006204703125 0.7278102109375 0.593441446875 0.713755271875 0.57207059375 0.644654834375 0.5737884156249999 0.6448995140625 0.5784655890625 0.70769608125 0.5781314734375
0 0.624340321875 0.5798309453125 0.6415467734375 0.5974799281250001 0.6445554875 0.590524703125 0.6296471234375 0.5739938625 0.5704296281250001 0.5742461390625 0.5699428 0.583071896875 0.624340321875 0.5798309453125
0 0.507836821875 0.5774678953125 0.5080614640625 0.5842803203125 0.5352527359375 0.6019075765624999 0.56624434375 0.602025275 0.5669132046875001 0.5861023359375 0.5617475140625 0.5830527015625 0.5639637625 0.580591775 0.5596723796874999 0.5766269125 0.507836821875 0.5774678953125
0 0.45120301406249996 0.5853050234375 0.4786990828125 0.6012037046875001 0.522441234375 0.601787346875 0.5231318203125 0.5958492296875 0.49628626249999996 0.57828293125 0.45160884531249995 0.57896023125 0.45120301406249996 0.5853050234375
0 0.488214509375 0.6055149578125001 0.511319465625 0.6193564125 0.5520677203125001 0.619779365625 0.5531243640625 0.6152071890624999 0.53237678125 0.6007796171875001 0.48975694374999995 0.6010284421875001 0.488214509375 0.6055149578125001
0 0.5516675890625 0.6192079171875 0.5174059171875001 0.6189269375 0.5175349953125 0.622455953125 0.53732508125 0.6352120109375 0.5735299125 0.635835621875 0.5602123328124999 0.6247217359375 0.5597828578125 0.6186352828125 0.5516675890625 0.6192079171875
0 0.6548502093749999 0.49990648593750003 0.67108430625 0.5243074234375 0.6701995703125 0.53216571875 0.6851440546875 0.5297918984375001 0.685500171875 0.522090840625 0.6602056046875 0.482317721875 0.638531640625 0.484506740625 0.636748090625 0.50172353125 0.6548502093749999 0.49990648593750003
0 0.6546184296875001 0.4770749546875 0.656488821875 0.46788777656249997 0.6221478640625 0.41124227968750005 0.568285059375 0.4212796671875 0.567145721875 0.4476261359375 0.6157364171874999 0.4376609203125 0.6385873625 0.4742482453125 0.6385451265625 0.47874884218749997 0.6546184296875001 0.4770749546875
0 0.5700269671875 0.4128211734375 0.6093197203125 0.405874790625 0.61011820625 0.3942445859375 0.557813540625 0.30738334375 0.4447869875 0.34615845 0.44154488125 0.35460286406249997 0.4545339078125 0.3661597125 0.532483765625 0.3430886921875 0.57385400625 0.398218728125 0.5700269671875 0.4128211734375
0 0.420855984375 0.3512053 0.335419803125 0.37696343125 0.3332924359375 0.3876079796875 0.35516943125 0.4069931875 0.35918245781249997 0.3941766625 0.4168588140625 0.375294728125 0.44692384374999994 0.40363711249999995 0.451378646875 0.3826337390625 0.420855984375 0.3512053
0 0.20979511093749997 0.420429478125 0.2837684 0.46678239218749995 0.34123120625 0.45337263437499997 0.3430018640625 0.44617144375000006 0.2677700828125 0.39133187812500003 0.2120368859375 0.4105564421875 0.20979511093749997 0.420429478125
0 0.14698920937499999 0.43715469999999995 0.223190790625 0.47939248125 0.27002371875 0.46661285625 0.27292319374999996 0.4601116015625 0.196678190625 0.41385901406250003 0.1512457234375 0.42863870625 0.14698920937499999 0.43715469999999995
0 0.24339449218749998 0.4869620875 0.30153500312500003 0.518000915625 0.346883 0.5122224156249999 0.347796484375 0.5056214234375 0.29128406406249996 0.4696102890625 0.24629396718750002 0.4804608328125 0.24339449218749998 0.4869620875
0 0.35859115468749997 0.4571850015625 0.3063857859375 0.46776508593750005 0.302257759375 0.47555239531250004 0.358370046875 0.5109920828125001 0.4118473890625 0.50314075 0.41386094218749997 0.4959823890625 0.35859115468749997 0.4571850015625
0 0.372615784375 0.5182624796875 0.414968125 0.546517428125 0.4677889546875 0.5438097171875 0.46750204531249995 0.53549438125 0.42690687499999996 0.50579614375 0.3739722296875 0.511990040625 0.372615784375 0.5182624796875
0 0.3153237 0.526442959375 0.361318871875 0.5510826390625 0.4041669328125 0.5481191421875 0.4065518671875 0.5402749250000001 0.3618996546875 0.515120703125 0.316594490625 0.520656309375 0.3153237 0.526442959375