0 0.550598025 0.417069409375 0.52037043125 0.41369989374999994 0.5194288046875 0.419415134375 0.5439235265625 0.42151977656249995 0.5856921500000001 0.42513267343749994 0.5855550968750001 0.419342003125 0.550598025 0.417069409375
0 0.5061853375 0.419176125 0.5065335578125 0.4116127984375 0.4428914828125 0.4071625109375 0.443425809375 0.41243898437500004 0.5061853375 0.419176125
0 0.41029686249999997 0.357622703125 0.40963558593749994 0.36191227656249997 0.442740228125 0.3638658609375 0.44277038125 0.35826754375 0.4517568265625 0.3485983765625 0.42020357031250005 0.34512734375 0.41029686249999997 0.357622703125
0 0.392251228125 0.37489569375 0.39263091875 0.3798000359375 0.44259715312500003 0.38347467343749997 0.444005153125 0.363339328125 0.406803290625 0.36055726093749996 0.392251228125 0.37489569375
0 0.386610184375 0.37944979375 0.3688547859375 0.398261359375 0.36905847812500003 0.4056826203125 0.43175136875 0.41078917031250006 0.4421521421875 0.3938118859375 0.44330748125 0.3850403859375 0.386610184375 0.37944979375
0 0.3651043890625 0.3404432171875 0.350134921875 0.3504166453125 0.349665996875 0.3545390109375 0.3967721046875 0.3603622171875 0.41025304843750005 0.351007334375 0.4100908515625 0.34557622499999996 0.3651043890625 0.3404432171875
0 0.344238975 0.3546294171875 0.3259995359375 0.36744539062500003 0.325392328125 0.3735453328125 0.3804841765625 0.37884300312499997 0.393848196875 0.3685766515625 0.392783321875 0.36055319375 0.344238975 0.3546294171875
0 0.3165903796875 0.3732524140625 0.2928230390625 0.39019831250000003 0.2929513 0.39869825312499996 0.3548747859375 0.4044736359375 0.374005565625 0.38666154218750004 0.372066934375 0.3782156671875 0.3165903796875 0.3732524140625
0 0.2745263765625 0.434854190625 0.233096028125 0.46921099218749995 0.23232448906249997 0.48024450781250005 0.3225524328125 0.49010185 0.35212830624999997 0.45402910781249994 0.35189371875000003 0.44469923125 0.2745263765625 0.434854190625
0 0.184405871875 0.4298027015625 0.130269228125 0.4619404953125 0.132587075 0.47319004375 0.21549739687499997 0.4798746953125 0.2598319609375 0.44838197031249993 0.25739066875 0.43889778437500004 0.184405871875 0.4298027015625
0 0.21872513750000003 0.484454471875 0.153172334375 0.533977415625 0.16239732499999998 0.5479274515625 0.26586548906249996 0.558710640625 0.3109221734375 0.5042064765625 0.3105949984375 0.4962006234375 0.21872513750000003 0.484454471875
0 0.10223713281249999 0.473043284375 0.0291815390625 0.5220415828125 0.0297031609375 0.5336090234374999 0.13096462343749998 0.54423790625 0.194248996875 0.495443334375 0.1972272390625 0.484564125 0.10223713281249999 0.473043284375
0 0.1255860609375 0.5577316359375 0.025849531250000002 0.6394571203125 0.028167376562500002 0.65070666875 0.1658132203125 0.6674277828124999 0.24190252656250003 0.58138773125 0.23822979531250002 0.5704869375 0.1255860609375 0.5577316359375
0 0 0.64922246875 0.107203528125 0.5610349593749999 0.101002209375 0.5516901171875 0.014972276562500001 0.5367314921874999 0 0.5394892984374999 0 0.64922246875
0 0.620019296875 0.7056140609375 0.6247076515625001 0.6959163421875 0.6132619390625 0.594359096875 0.59631190625 0.6001917265625 0.599580578125 0.617965025 0.5844900234375 0.6760606 0.4887373640625 0.66184575 0.49164991249999995 0.5843513203125 0.4714246015625 0.6872028593749999 0.620019296875 0.7056140609375
0 0.43934690156249995 0.6909448640625 0.464455953125 0.5899386640625 0.4426814546875 0.5859096515625 0.44578962187500004 0.5916410546875001 0.4271828015625 0.6570099171875 0.33271736406249997 0.6458927484375 0.3251718546875 0.6032577609375 0.2941289453125 0.667255728125 0.43934690156249995 0.6909448640625