0 0.8858517703125001 0.453265603125 0.884639671875 0.44585615 0.862734784375 0.47182523437499996 0.7704516 0.46138833906250004 0.769249678125 0.466373215625 0.8636490406249999 0.47927125937500004 0.8858517703125001 0.453265603125
0 0.768820275 0.450552365625 0.768075928125 0.442690984375 0.7417769203125 0.455198334375 0.6765495171875 0.447522609375 0.6750947046875 0.45366582031249997 0.7503787921875 0.46408312812499997 0.768820275 0.450552365625
0 0.6713159515625 0.403099478125 0.6726715953125 0.3925502359375 0.6858478203125 0.3865141890625 0.6522108453125 0.3842378859375 0.6270305640625 0.395061503125 0.62772918125 0.3989521109375 0.6635958937499999 0.40139645625 0.6646763250000001 0.40479836406249997 0.6713159515625 0.403099478125
0 0.6732889328125 0.446155675 0.67263274375 0.42281973749999996 0.6383734609375 0.419073471875 0.60502243125 0.43531853906249995 0.604598465625 0.44266064062500005 0.6635719140624999 0.44977879062500004 0.6732889328125 0.446155675
0 0.648678353125 0.4202382046875 0.6729878390625 0.42211340625 0.672320078125 0.40408073906249997 0.6487700890625 0.415587821875 0.648678353125 0.4202382046875
0 0.6645350046875 0.4072457296875 0.6631339125 0.40123227031250003 0.6205779875 0.39828379375 0.5899875484375 0.40822532031250003 0.589643746875 0.416220309375 0.639186678125 0.420299084375 0.6645350046875 0.4072457296875
0 0.6256859375 0.42549133437500003 0.6243650093750001 0.42013076250000003 0.5789074515625 0.41334126250000003 0.544067453125 0.4264554953125 0.543968003125 0.43464139218750003 0.5917927625 0.44091932656250005 0.6256859375 0.42549133437500003
0 0.8154967687499999 0.5399547250000001 0.8138700703125 0.5267063328125 0.7948110890625 0.5241562562500001 0.7635663234375001 0.565076853125 0.7361893671875 0.557842828125 0.7369917859374999 0.58097288125 0.7710386734375 0.5894255359375 0.8154967687499999 0.5399547250000001
0 0.603979359375 0.609530321875 0.61786145625 0.6163837109375 0.618445353125 0.647690975 0.6971881484375 0.6816271 0.759557746875 0.6087660500000001 0.760191965625 0.594017496875 0.7376254906249999 0.5894529703125 0.6925616390625 0.640628234375 0.606895328125 0.606727171875 0.6066844359375 0.5884147140625 0.5898436796875 0.6039306234375 0.603979359375 0.609530321875
0 0.45825263281249995 0.693848896875 0.4409047078125 0.7118721921875 0.44253140625 0.725120584375 0.46737251406249997 0.7448915390625 0.6584212234375 0.7210261874999999 0.675064803125 0.7039044140625 0.674494625 0.689303740625 0.620318521875 0.6629466984375 0.6213181140625 0.6876826171875 0.586009390625 0.7286946859375 0.5088292562500001 0.737356178125 0.46118231875 0.7077523390625 0.45825263281249995 0.693848896875
0 0.34080035 0.64999501875 0.41833111718750005 0.7105686921875 0.45547082968749997 0.6811498546875 0.4512102109375 0.6564068203125 0.421614003125 0.677564090625 0.36660701875 0.64112109375 0.362536459375 0.62124495 0.336067625 0.6346828859375 0.34080035 0.64999501875
0 0.5401566890625 0.48341846093749996 0.5459283453125 0.4840495921875 0.543555028125 0.475632278125 0.49257121562500006 0.4641399078125 0.43705377500000003 0.48937888906250004 0.4382751015625 0.49659784843750004 0.48851208125 0.510191621875 0.4941738875 0.5044721765625 0.5401566890625 0.48341846093749996
0 0.43024582499999997 0.49121965312500004 0.480848290625 0.4695987125 0.48024639999999996 0.46196874687499995 0.43948600000000004 0.45190070625 0.3856242875 0.47425678125 0.386932496875 0.47945536874999994 0.43024582499999997 0.49121965312500004
0 0.40232983281249995 0.5475695390624999 0.4278365703125 0.5370687875 0.4327803640625 0.5391413734375 0.47219830937499996 0.5219082765625 0.47278892656249993 0.5158066421874999 0.418650296875 0.4949880609375 0.349268009375 0.5246090375 0.3508076171875 0.53714813125 0.3933682640625 0.55369414375 0.40232983281249995 0.5475695390624999
0 0.3504362796875 0.5750431687499999 0.37677673125 0.5604206406250001 0.3279294140625 0.5335931546875 0.2381174296875 0.571416746875 0.24098278906249998 0.5811134515624999 0.2806195921875 0.6147660109374999 0.35124659999999996 0.5816426921875 0.3504362796875 0.5750431687499999
0 0.4086988 0.5012342140625 0.409376296875 0.4931122078125 0.368789659375 0.479003421875 0.3041197671875 0.5033564765625 0.3047621734375 0.5113164203125 0.3424136953125 0.52880015 0.4086988 0.5012342140625
0 0.3160849421875 0.5380620296874999 0.31626455 0.531340959375 0.28055821875000003 0.5106038328125 0.1970274765625 0.542296971875 0.1982082859375 0.5491859546875 0.2293642890625 0.5765109078124999 0.3160849421875 0.5380620296874999