0 0.5211825390625 0.5959599921875001 0.520233915625 0.584339359375 0.496281184375 0.57129579375 0.457861953125 0.587896696875 0.4559647078125 0.593588434375 0.466636715625 0.5980943937500001 0.49485824999999994 0.5855251390625 0.5211825390625 0.5959599921875001
0 0.5223683171875 0.581493490625 0.5221311625 0.5746159750000001 0.552724253125 0.5615724078125 0.5792856984375 0.58007055625 0.589009084375 0.5739045078125 0.5878233046875 0.5679756140625 0.5534357203125 0.548765996875 0.505293103125 0.5672641453125 0.505767415625 0.573193040625 0.5223683171875 0.581493490625
0 0.6143847484375 0.6018888859375 0.6264796921875 0.5973829265624999 0.6262425359375 0.5926398109375 0.5951751328125 0.575801753125 0.57857423125 0.5826792703125 0.5790485421875 0.58884531875 0.5901948625 0.5864737625 0.6143847484375 0.6018888859375
0 0.6603929640625 0.5086866750000001 0.6030012734375 0.5333508734375 0.603712740625 0.5409398578125 0.6381003234375 0.5620467203125 0.6945433921874999 0.5421256359375 0.6950177046875 0.5361967421875 0.6603929640625 0.5086866750000001
0 0.7498006828125 0.47358762499999996 0.6767567109375 0.5027577812499999 0.6797211578125 0.510583921875 0.70900989375 0.537145365625 0.7775479062499999 0.5122440125 0.7763621265625 0.5060779625 0.7498006828125 0.47358762499999996
0 0.478731659375 0.507738053125 0.42371152500000003 0.4771449609375 0.39691292499999997 0.4946944859375 0.3966757703125 0.507263740625 0.43058904218749994 0.48947705937499997 0.4780201921875 0.5117697 0.478731659375 0.507738053125
0 0.3995216390625 0.4792793625 0.40663631093749997 0.472164690625 0.40663631093749997 0.46528717343750003 0.33833545468750004 0.42591931875 0.2989676 0.45722387812500004 0.2980189765625 0.46149268125000004 0.333355184375 0.4387257296875 0.398335859375 0.47263900156250005 0.3995216390625 0.4792793625
0 0.407584934375 0.3742193640625 0.3501932421875 0.418093178125 0.349481775 0.427105096875 0.417545475 0.4669472640625 0.4763601015625 0.430425278125 0.4777830359375 0.42331060468750004 0.407584934375 0.3742193640625
0 0.5463210484375 0.47169037812500003 0.49224953749999995 0.4327968359375 0.43533215781249995 0.46765873124999996 0.4355693125 0.4754848703125 0.48940366874999996 0.5067894296875 0.5460838921875 0.4771449609375 0.5463210484375 0.47169037812500003
0 0.5807086328125 0.3818083484375 0.5097990625000001 0.42639362968750005 0.5097990625000001 0.433033990625 0.562210484375 0.47311331250000005 0.632882896875 0.4365913265625 0.6314599624999999 0.4292394984375 0.5807086328125 0.3818083484375
0 0.5633962625 0.3659189140625 0.49509540625000004 0.3004639265625 0.419679878125 0.360227175 0.419205565625 0.36923909374999997 0.48916651250000004 0.4207018921875 0.5629219515624999 0.3744565203125 0.5633962625 0.3659189140625
0 0.2337972 0.3583299296875 0.325576475 0.41263859687500004 0.38244642500000003 0.3640216671875 0.38315789218749996 0.35548406093749996 0.287584125 0.28623458125 0.23427151093749998 0.3509781015625 0.2337972 0.3583299296875
0 0.2259710609375 0.3597528640625 0.184705959375 0.4069468578125 0.18280871406250002 0.41785602343750006 0.220042165625 0.3720849625 0.3073154828125 0.42212482656250006 0.309212728125 0.42639362968750005 0.314193 0.41904180156250004 0.3168017125 0.41240144062499995 0.2259710609375 0.3597528640625