0 0.3079582171875 0.46307903125000005 0.3747385484375 0.4481855765625 0.372336378125 0.44290080156249995 0.3079582171875 0.45539208750000004 0.29594736718750003 0.43425298906250004 0.292584328125 0.4448225375 0.3079582171875 0.46307903125000005
0 0.3886711359375 0.446263840625 0.44392105 0.437616028125 0.44247974843750004 0.42848778125000003 0.3881907015625 0.4400181984375 0.3718559453125 0.42128127031249996 0.36993420781249997 0.43473342343750004 0.3886711359375 0.446263840625
0 0.4478082328125 0.4273030875 0.45386749374999996 0.43191966718749997 0.5069581609375 0.42412918906249997 0.5063810890625 0.4157616375 0.47695039218749996 0.4042201890625 0.44636555156249996 0.4120106671875 0.4478082328125 0.4273030875
0 0.44822436874999994 0.41068036875 0.4700426984375 0.406648721875 0.47051700937499996 0.4011941390625 0.4458528109375 0.39004781875 0.44822436874999994 0.41068036875
0 0.4453785 0.3848303921875 0.44656427968749995 0.3905221296875 0.45178170624999997 0.391470753125 0.491623871875 0.38743910625 0.491386715625 0.3803244328125 0.46933123125 0.3722611375 0.434943646875 0.3791386546875 0.4453785 0.3848303921875
0 0.4778688375 0.4054629421875 0.5207940296875 0.3981111140625 0.51960825 0.39289368750000003 0.49612983125000004 0.38388176875 0.45723628749999995 0.3898106625 0.45723628749999995 0.394790934375 0.4778688375 0.4054629421875
0 0.5158137578125 0.42253815625 0.5608733515625001 0.4142377046875 0.5606361953125 0.4085459671875 0.5305174140625 0.3959767125 0.4894894703125 0.40261707343750003 0.4894894703125 0.40807165625 0.5158137578125 0.42253815625
0 0.5969530546875 0.48346694062499995 0.6502955140625 0.46926015625 0.6510996718750001 0.46175468437499995 0.602046053125 0.43897021562500005 0.5535285390625 0.45183673906250005 0.5532604859375 0.46148663125 0.5969530546875 0.48346694062499995
0 0.6607495640625001 0.466043525 0.7063184984374999 0.45317700156249996 0.7076587625 0.4456715296875 0.6591412484375 0.42610369375 0.616520890625 0.43736189999999997 0.614912575 0.445135425 0.6607495640625001 0.466043525
0 0.6725438765625 0.522066509375 0.72937101875 0.503034778125 0.729907125 0.49284878125000003 0.6695952984375 0.46791989218749996 0.6135723125 0.48212667812500004 0.6130362078125 0.49311683281249996 0.6725438765625 0.522066509375
0 0.73848480625 0.4963334640625 0.7886106359375 0.48132252031249995 0.7883425828124999 0.4740851015625 0.726958546875 0.44996037187500004 0.6803174000000001 0.46175468437499995 0.677904928125 0.472208734375 0.73848480625 0.4963334640625
0 0.6888809078125 0.5341583984375 0.7738535703125 0.5740982296875 0.83121681875 0.5472929734374999 0.83121681875 0.5384472390624999 0.7467802609375 0.5011879328125 0.6918294859375 0.521291875 0.6888809078125 0.5341583984375
0 0.8475821984374999 0.541634346875 0.8947594499999999 0.51911793125 0.8963677656250001 0.510272196875 0.8124673140625 0.47810589062500003 0.764217853125 0.4987459375 0.763681746875 0.506251409375 0.8475821984374999 0.541634346875
0 0.341761475 0.5093608484375001 0.36812984531250004 0.5408659140625 0.3927859828125 0.5336745406250001 0.3924435359375 0.5175795609375 0.37703345 0.522373809375 0.3554593296875 0.4939507609375 0.341761475 0.49737522500000003 0.341761475 0.5093608484375001
0 0.3804579140625 0.55456376875 0.4198392453125 0.6062731703125 0.47017886249999996 0.5857263875000001 0.47017886249999996 0.5631249281249999 0.4225788171875 0.573740765625 0.393470875 0.5401810203124999 0.379430575 0.544290378125 0.3804579140625 0.55456376875
0 0.4335371 0.619971025 0.49688967812499996 0.6990761359375 0.6051027312499999 0.6459969484375 0.604760284375 0.6336688796875001 0.5890077515625001 0.6186012390625 0.5914048765625 0.6268199515624999 0.5150393359375001 0.6627768203125 0.4691515234375 0.609012740625 0.47189109374999993 0.5936026546875001 0.43387954687499997 0.6062731703125 0.4335371 0.619971025
0 0.62736174375 0.636750896875 0.71228844375 0.595999778125 0.7109186578125 0.583671709375 0.6866049656250001 0.5699738546875001 0.6852351796875 0.5829868171875 0.62736174375 0.611409865625 0.5934595546875 0.5874386203124999 0.5896926437500001 0.6107249718750001 0.62736174375 0.636750896875