0 0.00096086875 0.4989666796875 0.0014413015625 0.510497096875 0.0312282125 0.5047318875 0.1316389265625 0.553255725 0.1359628328125 0.5436470453125 0.027384740624999997 0.49127973437500005 0.00096086875 0.4989666796875
0 0.1316389265625 0.5604622359375 0.124432415625 0.577277428125 0.16382800625 0.5662274453125 0.225803996875 0.5998578265625001 0.23108877187500002 0.5912100140625001 0.15566062812499998 0.5522948578125 0.1316389265625 0.5604622359375
0 0.2334909421875 0.6017795640625 0.22436269531250003 0.6373316828125 0.23156920625000002 0.6426164562500001 0.2945060640625 0.63060560625 0.29738866875 0.6233990953124999 0.24309962343749997 0.5969752234375 0.2334909421875 0.6017795640625
0 0.2190834375 0.6510172171875 0.21186925156249997 0.6673440578125 0.23237272656250002 0.6741785499999999 0.2798344765625 0.6669643640625 0.28211264062499997 0.658990790625 0.23541027812499998 0.639626396875 0.22288037656249998 0.6426639484375001 0.2190834375 0.6510172171875
0 0.252876203125 0.640006090625 0.2509777328125 0.6479796640625 0.29616131874999996 0.667723753125 0.34969817187499996 0.658990790625 0.35273572343750004 0.650637521875 0.3041348921875 0.6286152703125001 0.252876203125 0.640006090625
0 0.34429778125 0.50358356875 0.33058464062500004 0.4918294484375 0.3374412109375 0.4590158609375 0.2865066890625 0.41346864375000003 0.178270828125 0.4467719859375 0.17239376875 0.45754659531249997 0.1978610296875 0.4810548375 0.203738090625 0.46636218593749995 0.2840579140625 0.4413846796875 0.33548219218750003 0.49868601874999996 0.335971946875 0.5104401390625 0.34429778125 0.50358356875
0 0.5171813046875 0.467341696875 0.518160815625 0.4541183109375 0.457920946875 0.3566570609375 0.32421782656250003 0.39632721875 0.3217690515625 0.411999378125 0.3423387625 0.435017865625 0.34429778125 0.42571251875 0.43686148124999996 0.40122476875 0.47947016875 0.46587243125000005 0.47702139375 0.47615728749999997 0.5171813046875 0.467341696875
0 0.6763516890625 0.29641719375000003 0.5015091453125 0.3517595109375 0.4990603703125 0.364982896875 0.5460768515625001 0.4614646359375 0.5426485671875 0.3831038328125 0.6611692828125 0.35126975625 0.6773311984375 0.4315895796875 0.693003359375 0.4252227640625 0.6763516890625 0.29641719375000003
0 0.502978409375 0.499665528125 0.530894446875 0.544722990625 0.558320728125 0.5403151953124999 0.558320728125 0.5275815640625 0.520609590625 0.47321875625 0.48142918906250004 0.48252410156250003 0.47702139375 0.5050528328125 0.502978409375 0.499665528125
0 0.4476360921875 0.5902702078125001 0.41335324062499995 0.5941882484375001 0.411883975 0.6137784484375 0.4388205015625 0.6314096296875 0.508365715625 0.6216145296875 0.5088554703125 0.614757959375 0.49073453437500003 0.597126778125 0.4549824171875 0.6010448187499999 0.4476360921875 0.5902702078125001
0 0.44567707187499994 0.6323891390624999 0.44567707187499994 0.6363071796875001 0.47310335312499996 0.6588359109375 0.5377510171875 0.6509998312499999 0.5377510171875 0.6426739953125 0.511794 0.6191657546875 0.44567707187499994 0.6323891390624999
0 0.53187395625 0.5917394734375 0.508365715625 0.5946780031250001 0.5328534656249999 0.62063501875 0.60925525 0.6093706531249999 0.6097450046875 0.59859604375 0.590644559375 0.5662722109375 0.530404690625 0.577046821875 0.53187395625 0.5917394734375
0 0.5362817515625 0.6265120796875 0.555382196875 0.6514895859375 0.6234581453125 0.639735465625 0.6263966765625 0.6328788953125 0.610234759375 0.6064321234375 0.53432273125 0.6186759984375 0.5362817515625 0.6265120796875
0 0.6161118203125 0.57802633125 0.6322737359375 0.612309184375 0.7218989062500001 0.5932087375 0.7165116 0.5476615203125 0.6969214 0.5491307859375001 0.6974111546875 0.5662722109375 0.6161118203125 0.57802633125
0 0.7258169453125001 0.631899384375 0.7209193953125 0.5917394734375 0.635212265625 0.606921878125 0.6469663875 0.639735465625 0.7258169453125001 0.631899384375