0 0.3525177328125 0.42165800156250005 0.35382603437500004 0.4251018734375 0.38424550156250004 0.4201591890625 0.38433305624999997 0.415143196875 0.358928428125 0.4071734765625 0.32892914218749997 0.41417611875000004 0.3525177328125 0.42165800156250005
0 0.3779513734375 0.44103168281249994 0.41961047812499996 0.43240801093750003 0.4197020125 0.4271640203125 0.38977320937500004 0.41706270781250004 0.3531340765625 0.425545934375 0.35439860156249997 0.43149780312499997 0.3779513734375 0.44103168281249994
0 0.3557012515625 0.46139759687500004 0.356749715625 0.46666148749999997 0.361466071875 0.4708490546875 0.41322481718750004 0.45852449687499997 0.41288025 0.45213254843749995 0.3793114125 0.44151156093750005 0.35391589687499997 0.4460858 0.3557012515625 0.46139759687500004
0 0.3679631671875 0.438348578125 0.3541586625 0.432177821875 0.355067834375 0.4454217 0.36948752812499996 0.4424804296875 0.3679631671875 0.438348578125
0 0.42396467812500005 0.45734354687499995 0.46547140000000004 0.444383903125 0.4657909328125 0.43914389218750005 0.4313021359375 0.428962984375 0.391227090625 0.4382985125 0.3913078390625 0.44673847968749997 0.42396467812500005 0.45734354687499995
0 0.29863201250000004 0.490506571875 0.35339455000000003 0.47595375625 0.353030084375 0.47070180468749995 0.298091284375 0.4822866453125 0.27500645 0.4720767265625 0.27527540156249997 0.48280066875000005 0.29863201250000004 0.490506571875
0 0.27872102656250003 0.5428376671875 0.26071651875 0.5507124640625001 0.2609132609375 0.5607661140625 0.309794246875 0.5966089796875 0.33982990625 0.5818718125 0.33639453124999996 0.5654337171875 0.31617031406249996 0.57252530625 0.28003412031249997 0.5529108046875 0.27872102656250003 0.5428376671875
0 0.444559015625 0.595611234375 0.3874451484375 0.62625388125 0.3414566578125 0.595300496875 0.341593059375 0.58748604375 0.32354958125 0.5975935406249999 0.324471071875 0.6087765328125 0.390242096875 0.6579422734375 0.4474274140625 0.6232063421875 0.4485678625 0.600520203125 0.458418275 0.5906419265625 0.4448318203125 0.5799823265625 0.444559015625 0.595611234375
0 0.51459785625 0.6988248593749999 0.44870341874999997 0.6567293390625 0.44907365312499997 0.6355186765624999 0.41145925468750005 0.657940390625 0.408607615625 0.6720353640625001 0.5004806671875001 0.7398960015625 0.591773559375 0.6703935453125001 0.591981409375 0.6584858031249999 0.5739555328125 0.64625979375 0.5733690703125001 0.6585331562500001 0.51459785625 0.6988248593749999
0 0.578131375 0.6202765640625 0.5781722296875 0.6392610203125 0.6098884875 0.6561927625 0.66508143125 0.607649534375 0.6686383328125001 0.5958002515625 0.64499173125 0.5857095125 0.6420946234375 0.6024093046875 0.6039587156249999 0.6333832125 0.578131375 0.6202765640625
0 0.47211222968750005 0.48851763281249994 0.5262269500000001 0.5017458078125 0.5317307578125 0.506308640625 0.5699464937500001 0.4920864890625 0.568594428125 0.484246053125 0.5171494812499999 0.467342175 0.47220316406249996 0.483307996875 0.47211222968750005 0.48851763281249994
0 0.578211009375 0.4877639828125 0.611628196875 0.471224690625 0.6117645984375 0.4634102359375 0.5625003890625 0.44952226562500003 0.5265173562500001 0.4637833890625 0.5278694203125001 0.4716238265625 0.578211009375 0.4877639828125
0 0.542104565625 0.5090953265625 0.541981153125 0.5161655484375001 0.5790044765625 0.5276064703125 0.5861526421875001 0.523264478125 0.614976403125 0.5353067375 0.649176796875 0.516547734375 0.6475045765624999 0.5057238671875 0.5860124718749999 0.48864461875 0.542104565625 0.5090953265625
0 0.6552345921875 0.5106977890625 0.6864385640624999 0.49300317343750005 0.6869405875 0.48556733281250003 0.6269239609375 0.469258296875 0.5938853859375001 0.48543196875000005 0.5933573812499999 0.494356278125 0.6552345921875 0.5106977890625
0 0.6257288203125 0.537727803125 0.6494014046875 0.546330075 0.647724571875 0.557095484375 0.7091777046875001 0.5764074359375 0.7465628828125 0.5457926546875 0.7456024203125 0.5368423625000001 0.6660064953125 0.5120025046875 0.6257288203125 0.537727803125
0 0.755199515625 0.54147664375 0.7806055062499999 0.5147472984375 0.7803438093749999 0.508414815625 0.7092416203125 0.48744551875 0.6783578015625 0.5081235640624999 0.6770595828125 0.5185233515625 0.755199515625 0.54147664375