0 0.36633095312499997 0.501901796875 0.39312438906249997 0.535624571875 0.4162221796875 0.5300811015625 0.4148363125 0.5143746046875 0.399129815625 0.5166843828125 0.3783418046875 0.48665725625 0.36633095312499997 0.49451050468749996 0.36633095312499997 0.501901796875
0 0.3995917703125 0.5508691125 0.43793410312500003 0.6021462078125001 0.4915209765625 0.5878255765625 0.48874924062499997 0.5564125828125001 0.444863440625 0.5730429921875 0.4194558703125 0.535624571875 0.40374937343750006 0.53793435 0.3995917703125 0.5508691125
0 0.4545645125 0.5989125171875 0.45317864375 0.619238571875 0.5169285453125 0.6959232359375 0.626412071875 0.6506515671875001 0.626412071875 0.6363309359375 0.61024361875 0.62293421875 0.6107055734375 0.6307874671875 0.5381785125 0.6575809031250001 0.49059706406250003 0.605841853125 0.490135109375 0.5905973125 0.4545645125 0.5989125171875
0 0.6139392640625 0.612309234375 0.6476620375000001 0.6423363625 0.7354336406249999 0.6039940296874999 0.7386673312500001 0.5924451359375 0.7072543375 0.5762766828125 0.7091021609375 0.5896734 0.650895728125 0.6136951015625 0.613015353125 0.5859777546875 0.6139392640625 0.612309234375
0 0.619964359375 0.4836678390625 0.6760375703125 0.4694520953125 0.6764324515625 0.4619493421875 0.62707223125 0.43983596406250003 0.5777120124999999 0.4501028890625 0.5765273671875 0.4619493421875 0.619964359375 0.4836678390625
0 0.68551473125 0.4643186328125 0.7344800703125001 0.4544465890625 0.7368493609375 0.4457591890625 0.68511985 0.42759462812500004 0.64168285625 0.4382564359375 0.639313565625 0.44654895312500004 0.68551473125 0.4643186328125
0 0.6353647484375 0.4911705921875 0.6981509484374999 0.5247355406249999 0.755408803125 0.5081505078124999 0.7565934484375 0.49788358125 0.6910430765625 0.470241859375 0.638918684375 0.4820883109375 0.6353647484375 0.4911705921875
0 0.7178950359375 0.5357922312500001 0.80595366875 0.5808087515625 0.8663705765625 0.5543516734375 0.8663705765625 0.543689865625 0.779496590625 0.5034119265625 0.7175001546875001 0.5255253046874999 0.7178950359375 0.5357922312500001
0 0.881376084375 0.548428446875 0.9315260671875001 0.52631506875 0.9346851203125001 0.5184174328125 0.843072553125 0.48248319375 0.7925276875 0.5026221625 0.7921328062499999 0.512099325 0.881376084375 0.548428446875
0 0.7005202390624999 0.4741906765625 0.765280846875 0.5014375171875 0.8225387015625 0.48327295625 0.818984765625 0.476165084375 0.7530395125 0.45247217968750003 0.7048639375 0.465898159375 0.7005202390624999 0.4741906765625
0 0.332053959375 0.45692213906249995 0.399775490625 0.44631139218750004 0.39883924843749996 0.4413181 0.3348626875 0.451616765625 0.3208190515625 0.43164359531249996 0.31738616249999996 0.4381972921875 0.332053959375 0.45692213906249995
0 0.41381912656250003 0.4441268265625 0.4690574265625 0.434764403125 0.468121184375 0.42914694999999997 0.4110104 0.43570064531249997 0.396030521875 0.41853620312500006 0.396030521875 0.42945902968749994 0.41381912656250003 0.4441268265625
0 0.5296011 0.4232174140625 0.5299131796875 0.41635163750000004 0.5024500703125 0.40324424375 0.471554071875 0.40854961718749994 0.4712419921875 0.42540197968750004 0.4796681734375 0.43164359531249996 0.5296011 0.4232174140625
0 0.5377152 0.4213449296875 0.586711884375 0.413854990625 0.5851514796874999 0.40730129374999996 0.5545675625 0.3954422234375 0.5139970593750001 0.403556325 0.5139970593750001 0.409485859375 0.5377152 0.4213449296875
0 0.4706178296875 0.3895126890625 0.4712419921875 0.4069892140625 0.4943359703125 0.40386840468749996 0.4943359703125 0.3979388703125 0.4752990421875 0.38795228593750003 0.4706178296875 0.3895126890625
0 0.4812285765625 0.3948180625 0.506195040625 0.40386840468749996 0.54614138125 0.39450598124999997 0.543644734375 0.3913851734375 0.52117491875 0.3810865078125 0.4812285765625 0.38888852812499997 0.4812285765625 0.3948180625
0 0.4752990421875 0.39044893125 0.516181625 0.3854556390625 0.5158695453125001 0.380150265625 0.4943359703125 0.371412003125 0.45844667968749997 0.375469053125 0.4752990421875 0.39044893125