0 0.365759228125 0.5010755421875001 0.3935654859375 0.53615420625 0.4162382796875 0.5297373765625 0.41196039375 0.5156203546875 0.40083789062499997 0.517759296875 0.37773730781250003 0.48995303906250004 0.36704259375000003 0.49337534843749997 0.365759228125 0.5010755421875001
0 0.3974155828125 0.5498434390625 0.4393388625 0.60117806875 0.49152906874999996 0.5870610453125 0.4911012796875 0.56139373125 0.44746684531250003 0.5737996 0.41752164531249997 0.5331596859375 0.40169346875 0.537437571875 0.3974155828125 0.5498434390625
0 0.4526003078125 0.6037448000000001 0.4500335765625 0.6157228796875 0.5184797484375 0.6987138625 0.6258546796875 0.6490903875 0.6271380453125001 0.6413901937500001 0.6100265031250001 0.6217119203125 0.6108820796875001 0.628984325 0.5347357140625 0.6627796218750001 0.4898179140625 0.6041725890625 0.490673490625 0.5909111421875 0.4526003078125 0.6037448000000001
0 0.6459607421875 0.6413901937500001 0.735368553125 0.602461434375 0.73622413125 0.5891999890624999 0.7122679703125 0.5750829656249999 0.710129028125 0.5870610453125 0.6485274734375001 0.615295090625 0.61644333125 0.5832109484375 0.61130986875 0.6110172046875 0.6459607421875 0.6413901937500001
0 0.6168711203125 0.48182505625000005 0.67633373125 0.46856361093750004 0.675050365625 0.463002359375 0.6292769875 0.43990177656249996 0.5758034171874999 0.45273543437499997 0.575375628125 0.4608634171875 0.6168711203125 0.48182505625000005
0 0.687456234375 0.46685245625 0.734940765625 0.45487437656249996 0.73622413125 0.447601971875 0.6857450796875 0.4262125421875 0.639971703125 0.43904620000000005 0.639971703125 0.44503524062500005 0.687456234375 0.46685245625
0 0.6985787359375 0.5233205484375001 0.7559024046875 0.50663679375 0.7559024046875 0.4972254453125 0.692589696875 0.4681358234375 0.640399490625 0.47883053750000004 0.63654939375 0.490380828125 0.6985787359375 0.5233205484375001
0 0.76616933125 0.502786696875 0.8179317484374999 0.48439178906249997 0.8179317484374999 0.4771193828125 0.7537634625 0.45316322343750004 0.7020010453125 0.465569090625 0.7041399875 0.47669159375000003 0.76616933125 0.502786696875
0 0.7174014343749999 0.537437571875 0.8016757828125 0.5793608515625001 0.8679830109375001 0.555404690625 0.87097753125 0.542998821875 0.7785751999999999 0.5040700625000001 0.719968165625 0.5254594906250001 0.7174014343749999 0.537437571875
0 0.8812444562499999 0.5472767078125 0.9325790843749999 0.5271706453125 0.9330068734375001 0.517759296875 0.8435990625 0.4831084234375 0.7952589531250001 0.49979217656249997 0.7935478 0.5096313140625 0.8812444562499999 0.5472767078125
0 0.3345216953125 0.459246453125 0.3982401125 0.446021875 0.39673732031250003 0.44181405468749996 0.336325046875 0.4499291375 0.3203954421875 0.43009227031249997 0.3179909734375 0.43880847031250003 0.3345216953125 0.459246453125
0 0.412666925 0.44331684843749997 0.47007361249999996 0.433398415625 0.46887137812499996 0.4297917125 0.4132680421875 0.43790679375 0.39673732031250003 0.42167663125 0.397037878125 0.43039282968750003 0.412666925 0.44331684843749997
0 0.4718769640625 0.42468221718750004 0.4814948375 0.4306933875 0.5292836515625 0.42077495468750004 0.52988476875 0.41596601718750004 0.502834496875 0.40334255781249995 0.46977305312500006 0.408452053125 0.4718769640625 0.42468221718750004
0 0.47097528750000006 0.4087526125 0.49592165 0.403943675 0.49501997343750004 0.4012386484375 0.4718769640625 0.3877135125 0.47097528750000006 0.4087526125
0 0.4727786390625 0.3901179796875 0.5175618671875 0.38380625 0.5154579578125 0.381702340625 0.494719415625 0.371182790625 0.45594735937499997 0.3753906109375 0.4730791984375 0.3868118359375 0.4727786390625 0.3901179796875
0 0.5034356140625 0.403943675 0.5452132562500001 0.3988341796875 0.5461149328125 0.392221890625 0.521469128125 0.38050010625 0.48389930625 0.387412953125 0.4814948375 0.3937246828125 0.5034356140625 0.403943675
0 0.5401037609375 0.42257830625 0.5848869890625 0.41536490156249994 0.586089221875 0.40815149531249995 0.55573280625 0.3949269171875 0.5178624265625 0.40063753125 0.5142557234375 0.408452053125 0.5401037609375 0.42257830625