0 0.0454227140625 0.44222605625 0.04932208125 0.452686571875 0.07661174375 0.4307494171875 0.1589675171875 0.46081681249999995 0.163917234375 0.45433953125000004 0.0756355046875 0.4240286140625 0.0454227140625 0.44222605625
0 0.157791975 0.47059925937499997 0.1541090703125 0.48422079531250006 0.1775920953125 0.4728515421875 0.24696243125 0.4927721328125 0.24935458437500002 0.4879992515625 0.17837705937499998 0.461626040625 0.157791975 0.47059925937499997
0 0.2386703625 0.542236953125 0.22178080625000002 0.5479977 0.260549778125 0.5602536375 0.288901859375 0.554444534375 0.2895578015625 0.5511088749999999 0.2452180453125 0.5354637906249999 0.24010347968749998 0.53828779375 0.2386703625 0.542236953125
0 0.2489111 0.49859885468750004 0.2459466515625 0.5162334921875 0.2778076234375 0.5280063765625 0.3128751421875 0.51995053125 0.3154678265625 0.5123099125 0.2613360234375 0.49164577343750004 0.2489111 0.49859885468750004
0 0.273311925 0.52612511875 0.245437703125 0.5177091390624999 0.2405345375 0.5381916140625 0.2715455703125 0.5302285125 0.273311925 0.52612511875
0 0.3220837296875 0.5386127796875 0.2807242578125 0.526175696875 0.25440263281250003 0.5344585390625001 0.2554191265625 0.5406036765625 0.293344725 0.5525113984375001 0.32663466093750004 0.54726978125 0.3256124890625 0.5467756140625 0.32823481875 0.54252073125 0.3220837296875 0.5386127796875
0 0.2921112875 0.5255857546875 0.2928809296875 0.5316861265624999 0.3326193625 0.5460620453125 0.37059528125 0.5385998625 0.3711144421875 0.5341979125 0.32248270625000003 0.5172968609375 0.2921112875 0.5255857546875
0 0.3709606640625 0.48890805937500004 0.3712606 0.497027775 0.41806075624999994 0.51852253125 0.464803246875 0.508828584375 0.46770668125 0.4982226390625 0.4181008765625 0.47658541874999993 0.3709606640625 0.48890805937500004
0 0.42999505468750004 0.514260509375 0.4293447203125 0.524570715625 0.4699133890625 0.5390341734375 0.5154332890625 0.5292013984375 0.5173756359375 0.5221062 0.47709501249999997 0.5025135374999999 0.42999505468750004 0.514260509375
0 0.43837010625 0.4692764109375 0.43770590625 0.47877491250000004 0.48391026875 0.5005172484375 0.5446994125 0.487413590625 0.5460197875 0.476804009375 0.5002582265625 0.44872934062500003 0.43837010625 0.4692764109375
0 0.49334847656249997 0.5017517687499999 0.49323981562499997 0.511578359375 0.527763771875 0.5307684765625 0.58501840625 0.5185746250000001 0.5861173828124999 0.5111312109374999 0.5494719046875 0.48918957656249995 0.49334847656249997 0.5017517687499999
0 0.5173503390625 0.44954980468750005 0.518372884375 0.45974473437499996 0.5598773265625 0.4866539953125 0.6371474312500001 0.4694964640625 0.636680425 0.459629621875 0.5956389093750001 0.42610019374999997 0.5173503390625 0.44954980468750005
0 0.5701572234375 0.4877176625 0.5755357562500001 0.496892359375 0.6094202921874999 0.5169919421875 0.67362820625 0.5046778187500001 0.668646053125 0.4964570078125 0.64898211875 0.468273509375 0.5701572234375 0.4877176625
0 0.1321324171875 0.3897102234375 0.131321275 0.3971737640625 0.1461940265625 0.40370934375 0.17526308906250002 0.37681796875 0.19910199687500002 0.3856339859375 0.20618385312499998 0.3693752875 0.1765811984375 0.3521727046875 0.1321324171875 0.3897102234375
0 0.2532332765625 0.29380640156250004 0.19218090000000002 0.3374115078125 0.191750203125 0.3518434328125 0.21049160156250002 0.3609634609375 0.210666696875 0.35432316406250003 0.25063317343749997 0.32877229375 0.3050450046875 0.356942 0.3090796734375 0.3305712625 0.2532332765625 0.29380640156250004
0 0.5487937046875 0.38559930468750003 0.4850548484375 0.3301787859375 0.441409621875 0.34945543749999997 0.4403952359375 0.372234528125 0.4780308953125 0.3551978953125 0.52458755 0.3925838703125 0.5236013140625 0.4066877046875 0.5478151296875 0.3998686984375 0.5487937046875 0.38559930468750003
0 0.460191640625 0.332161621875 0.46689767968749996 0.31630523125 0.396340653125 0.25138804531250003 0.3387319140625 0.2481054125 0.27692628125 0.2848300640625 0.2751540421875 0.29683351875 0.3131899453125 0.3265466375 0.317607603125 0.3100637921875 0.3812374515625 0.2739331390625 0.4474221375 0.32800362656250004 0.44919119687500003 0.336056771875 0.460191640625 0.332161621875