0 0.861523025 0.59426169375 0.9071348328125 0.570855634375 0.9077349874999999 0.5627535359375 0.8207124609375 0.530645225 0.77420041875 0.55105050625 0.7727000312500001 0.556151828125 0.861523025 0.59426169375
0 0.7922050796875 0.626069928125 0.846519140625 0.59996316875 0.8486196843749999 0.5909608390625001 0.7606969234375 0.5522508171875 0.7018816984375 0.5762570328125001 0.7018816984375 0.5825586640625 0.7922050796875 0.626069928125
0 0.6832768812500001 0.5717558671875 0.7375909421875 0.5528509734375 0.7372908640625 0.544748875 0.6724740859375 0.5180419625 0.618160025 0.5339460796875 0.619960490625 0.5399476328125 0.6832768812500001 0.5717558671875
0 0.749293971875 0.5480497296875 0.7946057015625 0.5315454578125001 0.7964061671875 0.5234433593750001 0.73218954375 0.5012376109375001 0.6826767265625 0.5147411078124999 0.684177115625 0.5207426609375 0.749293971875 0.5480497296875
0 0.6055567625 0.5318455359375001 0.6574702015625 0.517141728125 0.6571701234375 0.510840096875 0.610057928125 0.490434815625 0.559044721875 0.5036382328125 0.55874464375 0.5096397875 0.6055567625 0.5318455359375001
0 0.6697733859375 0.5141409515625 0.7135847281250001 0.5018377671875001 0.7138848046875 0.4958362140625 0.6640719109375001 0.47693131875 0.6208607234375 0.48803419375 0.6220610343749999 0.4952360578125 0.6697733859375 0.5141409515625
0 0.6390473562500001 0.6923103765625 0.721893015625 0.6522237671875 0.7238973453125 0.6408658953125 0.6958367187500001 0.6244971953125 0.6948345546875 0.6388615640624999 0.6343705859375001 0.6629135296875 0.6012991328124999 0.642870225 0.600965078125 0.6615773093749999 0.6390473562500001 0.6923103765625
0 0.5217940249999999 0.7170304515625 0.47402415 0.66424975 0.473021984375 0.6458767203125 0.437612146875 0.6612432546875 0.43660998125 0.672267071875 0.49206312343749997 0.7400802515625 0.535156228125 0.74041430625 0.6146613359375 0.7013298625 0.6026353531249999 0.6789481734375 0.5217940249999999 0.7170304515625
0 0.42458399843750005 0.6271696359375001 0.39852770312499997 0.5884192484375 0.38182495 0.5940981843750001 0.38215900468749997 0.603117671875 0.42592021874999997 0.6572345937499999 0.4743582046875 0.6388615640624999 0.47402415 0.6291739671875 0.47268792968750006 0.6151436546875 0.42458399843750005 0.6271696359375001
0 0.34775133281250004 0.555013740625 0.3751438484375 0.5907576328124999 0.396857428125 0.5854127515625 0.3971914828125 0.574722990625 0.3961893171875 0.5687099984375 0.38215900468749997 0.5723846046875 0.360445425 0.5426537031249999 0.34775133281250004 0.5466623640625 0.34775133281250004 0.555013740625
0 0.525485228125 0.4729238515625 0.566362565625 0.464748384375 0.566503521875 0.458969175 0.5370436468750001 0.44755171093749996 0.495461528125 0.454599528125 0.495461528125 0.45911013125 0.525485228125 0.4729238515625
0 0.4541613203125 0.46051969374999996 0.4541613203125 0.47306480781250004 0.45853096718749997 0.4760248921875 0.4581080984375 0.48025358125000006 0.46318252656250003 0.4833546203125 0.5120943765625 0.47320576406250003 0.5109667250000001 0.4684132484375 0.485453628125 0.4565729171875 0.4541613203125 0.46051969374999996