0 0.27611310312500004 0.46460332187500003 0.3456477 0.452789190625 0.34429751406250003 0.4436754328125 0.27982611562500004 0.45751484375 0.2578855890625 0.43996242187499995 0.2572104953125 0.4457007125 0.27611310312500004 0.46460332187500003
0 0.3585928296875 0.449924328125 0.41710797812499995 0.4379212203125 0.4162077453125 0.4313195125 0.3612935296875 0.44122207500000005 0.34148840156250004 0.4253179578125 0.3420885578125 0.4379212203125 0.3585928296875 0.449924328125
0 0.4162077453125 0.3851075484375 0.41740805625000005 0.39110910312499997 0.422809453125 0.39290956875 0.46091931875 0.3854076265625 0.46091931875 0.3812065390625 0.43931372656249995 0.37340451875 0.40180401562499996 0.38000622812499996 0.4162077453125 0.3851075484375
0 0.41890844375 0.43011920156250005 0.4264103859375 0.4358206765625 0.4774235921875 0.42441772499999997 0.4774235921875 0.4166157046875 0.4489162125 0.4061129859375 0.4183082890625 0.41151438437500004 0.4177081328125 0.4229173359375 0.41890844375 0.43011920156250005
0 0.41860836562500003 0.412114540625 0.44111419218750003 0.40791345312500005 0.440213959375 0.40281213125 0.41710797812499995 0.39110910312499997 0.41860836562500003 0.412114540625
0 0.452817221875 0.40551283125 0.4945280203125 0.3983109671875 0.49572833125000004 0.3938098015625 0.467521028125 0.38360716093749997 0.427610696875 0.39320964687500004 0.42821085156249994 0.3965105 0.452817221875 0.40551283125
0 0.489126621875 0.4235174921875 0.5329379624999999 0.41601555 0.531737653125 0.4064130640625 0.5008296515625 0.39440995624999997 0.4627197859375 0.4046125984375 0.4627197859375 0.41181446250000003 0.489126621875 0.4235174921875
0 0.5692473625 0.4805322515625 0.6229612671875 0.4661285234375 0.6220610343749999 0.460427046875 0.5764492265625 0.4382212984375 0.5239356328125 0.44962425 0.5236355546875 0.45952681406250007 0.5692473625 0.4805322515625
0 0.6307632875 0.460427046875 0.6754748625 0.44872401718750005 0.6760750171875001 0.4421223078125 0.6277625109375 0.4235174921875 0.5854515578124999 0.4355206 0.586351790625 0.443922775 0.6307632875 0.460427046875
0 0.64606725 0.5168416515625001 0.6997811546875 0.4979367578125 0.7018816984375 0.4886343484375 0.6388653843750001 0.46342782343750005 0.5872520234375 0.47963201875 0.5860517125 0.4910349703125 0.64606725 0.5168416515625001
0 0.7057827078125001 0.492535359375 0.7546953703125 0.473030309375 0.7525948265625 0.46762891093750003 0.6907788234375001 0.445723240625 0.647867715625 0.458026425 0.647867715625 0.46732883437500006 0.7057827078125001 0.492535359375
0 0.8138106734375 0.5336460015625 0.8558215484374999 0.510840096875 0.8570218593750001 0.4997372234375 0.7754007296875 0.473030309375 0.731889465625 0.4913350484375 0.7294888453125 0.5021378453125 0.8138106734375 0.5336460015625
0 0.7465932734375 0.5681549343750001 0.80060725625 0.5393474765625 0.8009073328125 0.5273443703125 0.71958628125 0.4955361359375 0.6637718328125 0.519842428125 0.66227144375 0.5297449921874999 0.7465932734375 0.5681549343750001
0 0.3141813328125 0.5069390874999999 0.34328886875000003 0.5414480203125 0.3669950046875 0.5360466234375 0.3675951609375 0.5162414953125001 0.351390965625 0.5249437484375 0.3273847515625 0.4958362140625 0.3141813328125 0.4997372234375 0.3141813328125 0.5069390874999999
0 0.3510908875 0.5549515171875 0.39640261718750003 0.6077651890625 0.44651559062499996 0.5867597515625 0.44291465781249995 0.561853303125 0.3994033953125 0.5777574203125 0.368195315625 0.5486498859375 0.368195315625 0.5432484875 0.3480901109375 0.547749653125 0.3510908875 0.5549515171875
0 0.47622328124999996 0.6983886484374999 0.5833510140625 0.6428742781250001 0.5806503140625 0.630271015625 0.56564643125 0.6185679859375 0.5635458875 0.6269701609375 0.49722871875 0.6581782390625001 0.4453152796875 0.6122663546875 0.4480159796875 0.5972624703125 0.408705803125 0.61256643125 0.40960603593749995 0.6224689953125 0.47622328124999996 0.6983886484374999
0 0.6040563734375 0.6332717921875 0.6835769593750001 0.58946045 0.6817764937499999 0.579257809375 0.6586705125 0.5657543140625 0.658370434375 0.5801580421875 0.60345621875 0.6080652671875 0.567446896875 0.5831588187500001 0.567746975 0.6047644125 0.6040563734375 0.6332717921875