0 0.4521988 0.407173225 0.4498952296875 0.42141965312499996 0.4724604125 0.4212795140625 0.4737585984375 0.4104690203125 0.4331340734375 0.3149412015625 0.3057778125 0.33269490468749996 0.3038545515625 0.346622215625 0.329182875 0.3833723171875 0.33462498125 0.3574192359375 0.42137970312500006 0.34457070624999997 0.4521988 0.407173225
0 0.49306809218750003 0.49990334062499997 0.509491425 0.49746391250000005 0.509023609375 0.4907275859375 0.48195956406249996 0.429510759375 0.448535853125 0.4329295734375 0.44566412031249997 0.457697975 0.476517459375 0.45546384062499995 0.49306809218750003 0.49990334062499997
0 0.5305271312500001 0.5430005828125 0.5143699640625 0.502119403125 0.49384186718749995 0.5031425421875 0.4913241265625 0.5198369578125 0.4995204953125 0.5187921015625 0.512626315625 0.5502441984375 0.530903159375 0.550786046875 0.5305271312500001 0.5430005828125
0 0.5757424640625 0.324246315625 0.58649271875 0.4108174625 0.6205852593750001 0.40780955468749996 0.61558306875 0.29178819843750003 0.46424533749999997 0.3137868015625 0.46244446093749997 0.3263152640625 0.47472847187499995 0.359105021875 0.4763500546875 0.3405702546875 0.5757424640625 0.324246315625
0 0.5855310874999999 0.4177811203125 0.58877060625 0.4451985234375 0.6099369390625 0.4449360015625 0.613836725 0.4889734734375 0.629027346875 0.4885405328125 0.6239425625 0.41374151093749995 0.5855310874999999 0.4177811203125
0 0.43832634062500003 0.6180979546875001 0.4833955109375 0.6185171031250001 0.4857296765625 0.6039209609375 0.4776468125 0.591584953125 0.41694551874999997 0.5926172875 0.4173827390625 0.5997033265625 0.43832634062500003 0.6180979546875001
0 0.5616479062499999 0.61021055625 0.5499192171875 0.5912125703125 0.488321765625 0.5904045546875001 0.48885077343749994 0.59644145625 0.547528140625 0.59840355625 0.5548767031249999 0.6191326671875 0.560686275 0.6171742124999999 0.5616479062499999 0.61021055625
0 0.38183475625 0.623374875 0.4019127921875 0.639579440625 0.449963240625 0.6381450796875 0.4504221796875 0.6328993921875 0.43203151249999994 0.6175472296875 0.3819133859375 0.6184483015625 0.38183475625 0.623374875
0 0.40764373593750003 0.642547559375 0.424058509375 0.65631729375 0.465691746875 0.6557310578125 0.46767191874999997 0.6492089015625 0.45206151562499997 0.63832865625 0.4082688109375 0.6394307421875001 0.40764373593750003 0.642547559375
0 0.3475277265625 0.6006395921875 0.3751464625 0.6192658296875 0.423988121875 0.6168435234375 0.42438586875000006 0.612297259375 0.4054050046875 0.5916076218749999 0.3499799953125 0.5927491828125 0.3475277265625 0.6006395921875
0 0.3567022125 0.50383039375 0.2839402734375 0.509798178125 0.28136562187499997 0.5190874390625 0.3216572390625 0.5539751546875 0.39096580468750003 0.551229134375 0.3923689359375 0.543246934375 0.3567022125 0.50383039375
0 0.197474071875 0.5233767281249999 0.247999140625 0.5581025890625 0.30804904375 0.552432203125 0.31148925781250003 0.54533300625 0.2655410484375 0.5106551796875001 0.19884660625 0.51574424375 0.197474071875 0.5233767281249999
0 0.109844275 0.46567082187500003 0.17976539375 0.51231290625 0.25045965312499996 0.5058118359375 0.2527589421875 0.4996699875 0.1917510546875 0.4478170890625 0.11457839375000001 0.45586571249999996 0.109844275 0.46567082187500003
0 0.2962187375 0.43792780000000003 0.20951204843750001 0.44619947031249996 0.2059188546875 0.4550472296875 0.2686447078125 0.507402821875 0.34432673125 0.5002809546875 0.3441648734375 0.4900475015625 0.2962187375 0.43792780000000003
0 0.1994872171875 0.3392532046875 0.0993953828125 0.35551594999999997 0.0962874421875 0.366872890625 0.18737520937500002 0.44144363281250004 0.27490370625 0.43183430468750006 0.278527496875 0.42263683125 0.1994872171875 0.3392532046875
0 0.0073034984375 0.397145859375 0.0806431140625 0.4490204765625 0.16442971875 0.44190288750000006 0.1670655625 0.431914203125 0.0754619453125 0.3551839921875 0.0099347453125 0.36707057656250003 0.0073034984375 0.397145859375