0 0.7759527015625001 0.463007546875 0.777093584375 0.4682011046875 0.822068925 0.4918011953125 0.91111923125 0.46584148281250004 0.9110857125 0.45771725625000004 0.8672177359375001 0.43118649375 0.7759527015625001 0.463007546875
0 0.7071489265625 0.43172499999999997 0.7067093468750001 0.43801128125 0.7637067109375 0.46606176093749996 0.854115571875 0.43357921718750003 0.852648115625 0.42445228906250004 0.8002874765625 0.39462036718750004 0.7071489265625 0.43172499999999997
0 0.622454878125 0.4685176984375 0.6202401515625 0.4743790375 0.6733124921875 0.49403317031249994 0.739834359375 0.4719127046875 0.7406988796875 0.463851275 0.6878358640625 0.441203675 0.622454878125 0.4685176984375
0 0.6851754046874999 0.4921554125 0.6832600234374999 0.498037684375 0.7317102734375001 0.514962128125 0.7973194625 0.49728999687500003 0.79608855625 0.48908204062499994 0.752038484375 0.4694571859375 0.6851754046874999 0.4921554125
0 0.5592739828125 0.49448151406249996 0.5591546828125 0.50048938125 0.6091225984374999 0.5172191374999999 0.6575434312499999 0.5001499421875 0.6582823578125 0.49388459375 0.6075210640625001 0.47559530624999996 0.5592739828125 0.49448151406249996
0 0.621431384375 0.513266884375 0.6197316203125001 0.5203674765625 0.66206305 0.534457565625 0.713073340625 0.5190734921875 0.7131926421875 0.5130656265625 0.6703462499999999 0.4977362875 0.621431384375 0.513266884375
0 0.7319710890625 0.36362551718749997 0.6521235375 0.317857534375 0.6119901953125 0.345859253125 0.611018496875 0.36454407031249997 0.6454075390625 0.3468565375 0.704046440625 0.3750676671875 0.7040441562499999 0.389466953125 0.73317825 0.3750955359375 0.7319710890625 0.36362551718749997
0 0.48326354687500006 0.3525967375 0.485544909375 0.3343383703125 0.536880215625 0.2850184984375 0.6148681328125 0.328647215625 0.6284260875000001 0.3071589375 0.55184104375 0.2626237046875 0.508829609375 0.25995092343750004 0.44878113906249995 0.3237306984375 0.44901188124999997 0.33479756875 0.48326354687500006 0.3525967375
0 0.4049427 0.4047177875 0.4336386140625 0.3678793890625 0.4807864765625 0.3832316359375 0.483098146875 0.36932871093749997 0.484107159375 0.3596880140625 0.43706880468750003 0.337980878125 0.389639184375 0.3889133453125 0.3886767765625 0.39788755937500003 0.4049427 0.4047177875
0 0.38177892343750003 0.4007539234375 0.3519597671875 0.434499940625 0.3513772046875 0.44283097343750005 0.36376074531249997 0.44771536406249995 0.3874953546875 0.41957154843750005 0.4012351625 0.42421590781249996 0.40265433125000005 0.418287471875 0.40306677031250004 0.40760044687499997 0.38177892343750003 0.4007539234375
0 0.49262025 0.540473675 0.49230560624999997 0.544973290625 0.533294803125 0.5549045625 0.56347935625 0.5455699265625 0.56374188125 0.5397949625 0.5235344109375 0.5287879515625 0.49262025 0.540473675
0 0.4523940765625 0.523672034375 0.4515189734375 0.5361865890625 0.4824597421875 0.54230659375 0.5087366296875 0.5322748078124999 0.51019584375 0.5275726281249999 0.46211108906250004 0.514036575 0.4568327046875 0.5167760859375 0.4569595640625 0.5210239718749999 0.4523940765625 0.523672034375