0 0.30022740937500003 0.517743075 0.3022386921875 0.5251128859375 0.3178345234375 0.5064200234375 0.38054103125 0.512233978125 0.3799621171875 0.5073891765625 0.315242946875 0.5003806640625 0.30022740937500003 0.517743075
0 0.379497971875 0.5233389625 0.37903520468749996 0.5331135 0.399270621875 0.5161275437499999 0.45155435625000007 0.5215127046875 0.45157272031250006 0.5156615734375001 0.3962699953125 0.508484575 0.379497971875 0.5233389625
0 0.4801605109375 0.5442130125 0.45565116093749997 0.5421583171875 0.45739962187499994 0.5608174406249999 0.4804558515625 0.549848446875 0.4801605109375 0.5442130125
0 0.4795734515625 0.57712181875 0.5001620921875001 0.5680801640625 0.500000996875 0.5650062890625 0.460958959375 0.560117184375 0.4445482765625 0.5753613734374999 0.4795734515625 0.57712181875
0 0.4980169671875 0.5398609875 0.497907475 0.5449342171875 0.5398615625 0.550430575 0.5682942890625 0.5378670718749999 0.5683547375 0.531857990625 0.525445175 0.5260363359375 0.4980169671875 0.5398609875
0 0.4558839234375 0.5416937171875 0.48515043437500005 0.5450397312499999 0.5128246671875 0.5323282953125 0.5132398375 0.52592525 0.46258761093749995 0.5191955796875 0.4551980765625 0.525025709375 0.4558863125 0.53099555625 0.4558839234375 0.5416937171875
0 0.467332740625 0.55697513125 0.4674865671875 0.559910315625 0.5052350265625 0.565423903125 0.5295332640625 0.554250475 0.52981521875 0.549419478125 0.48858392031250003 0.54382085 0.467332740625 0.55697513125
0 0.5584920515625 0.4890516546875 0.5582240828125 0.4941494875 0.610633346875 0.5037109578125001 0.654665659375 0.4810681625 0.6548217562499999 0.47383565 0.603873659375 0.461521925 0.5584920515625 0.4890516546875
0 0.6194959734375 0.49923296875 0.620954871875 0.5066484109375 0.6639689734374999 0.5156319890625001 0.7133799390625 0.4935100140625 0.711921040625 0.486094571875 0.6664494875 0.4761695125 0.6194959734375 0.49923296875
0 0.61797623125 0.44981255625000005 0.618465678125 0.4591517828125 0.6775306984375 0.473180659375 0.734835975 0.44342062968749996 0.7354138671875 0.43402546875 0.6796359062499999 0.41634593906250006 0.61797623125 0.44981255625000005
0 0.6842994625000001 0.47469890000000003 0.7309782 0.4872363703125 0.7938159546875 0.46093234687500007 0.7931995140625 0.45427545625 0.74747624375 0.439547365625 0.6810146718750001 0.46818185156250003 0.6842994625000001 0.47469890000000003
0 0.6979088140624999 0.407628828125 0.6972190484375 0.4148893109375 0.7567183203125001 0.4366529359375 0.8444456359375 0.39406279375 0.8430040453125001 0.3832209453125 0.7815128312499999 0.359805109375 0.6979088140624999 0.407628828125
0 0.7698764625 0.42941290781249997 0.773771284375 0.43706931562499995 0.82091568125 0.45337650937499996 0.9036452328125 0.41541524843750005 0.90456373125 0.40794327968750005 0.8570998062499999 0.3855390890625 0.7698764625 0.42941290781249997
0 0.3443223765625 0.4545226828125 0.34508518593750004 0.46212969687500005 0.3573544484375 0.46694882812499994 0.379742396875 0.4355517 0.39329295468750003 0.43702640156249994 0.39526556562500004 0.4190800390625 0.3704575109375 0.418195321875 0.3443223765625 0.4545226828125
0 0.3777044703125 0.4036139671875 0.378104134375 0.4112400125 0.3954574265625 0.415792703125 0.42333215781250005 0.377917603125 0.46887445625 0.3922813859375 0.467734103125 0.3635738953125 0.41626729375 0.34733574843750004 0.3777044703125 0.4036139671875
0 0.6039060390625 0.3076569 0.604808246875 0.2901307796875 0.5274470390625 0.25922743125 0.4751922125 0.2626942765625 0.42791005625 0.3332523046875 0.4299906796875 0.345159965625 0.46595798437499997 0.3574765546875 0.4684467546875 0.3424308484375 0.51368095625 0.28143328749999996 0.5884620859374999 0.311743565625 0.5909835265625001 0.3181659859375 0.6039060390625 0.3076569
0 0.629071846875 0.3292644265625 0.6877429171875 0.35095129375 0.6890766734375 0.3694526609375 0.7131059750000001 0.34852964375 0.7151151062500001 0.33822836093749997 0.63012939375 0.300805890625 0.5898902421875001 0.33204613125 0.59365028125 0.35515419531250003 0.629071846875 0.3292644265625