0 0.8308231359375 0.554503025 0.7886599875 0.5817330296875001 0.7031378125 0.5249017390625 0.6971609937500001 0.528724265625 0.6926052640625 0.535336796875 0.7800565515625 0.5950294921875 0.8280853015625 0.562925215625 0.8308231359375 0.554503025
0 0.6853103328125 0.5337935046875 0.6225132234374999 0.5640812515625 0.6199978234375 0.5746069328125001 0.7068944 0.6456189218749999 0.7689404609375 0.604087396875 0.7707295281250001 0.5932006078125001 0.6853103328125 0.5337935046875
0 0.5231690953125 0.6138921640625 0.5218640234375 0.6222566890625 0.608043871875 0.7131131421875 0.69125004375 0.6574077890625001 0.6945947593749999 0.6446674046875 0.607408471875 0.5738737281249999 0.5231690953125 0.6138921640625
0 0.5023425015625 0.600811259375 0.5847451703125001 0.561881640625 0.5859987531249999 0.5548050203125 0.521706434375 0.501734478125 0.44384302187499997 0.5267964515625 0.44201825625 0.5379372515624999 0.5023425015625 0.600811259375
0 0.59804438125 0.5557208390625 0.6628063015625 0.5280404843750001 0.6624603 0.5194439171874999 0.5988036937500001 0.4747516296875 0.536311403125 0.49549816093750004 0.536478909375 0.505364784375 0.59804438125 0.5557208390625
0 0.61873878125 0.4674512109375 0.6103330640625 0.47196849218750003 0.6116909921875 0.4788940765625 0.6746569625000001 0.5229712453124999 0.7144832015625 0.5049968640625 0.7135262 0.498904709375 0.6805816078125 0.5121476171875 0.619878396875 0.47408708749999995 0.61873878125 0.4674512109375
0 0.5304831640625001 0.43375555 0.4719630625 0.44651239531250003 0.472634475 0.45463663906249996 0.5183551328125 0.49240470781249995 0.58190740625 0.47517451875 0.5824590953125 0.4657198046875 0.5304831640625001 0.43375555
0 0.382665021875 0.4681541359375 0.381125846875 0.477262846875 0.42468809375000005 0.5230164828125 0.503135046875 0.49933166250000005 0.50387236875 0.48855608906250003 0.4560084015625 0.449450684375 0.382665021875 0.4681541359375
0 0.5946628984375 0.46919633125000004 0.6217418828125 0.4608276953125 0.6255149875 0.4450391734375 0.58748605 0.4557543234375 0.5414248749999999 0.42778148125 0.541770878125 0.43637804999999996 0.5946628984375 0.46919633125000004
0 0.475241609375 0.3918518984375 0.5241971515625 0.3844855828125 0.5246887 0.37730186718750003 0.5109199140625 0.368373021875 0.5082136625 0.3747274234375 0.47855474375 0.38117930312500004 0.4543234390625 0.3655994765625 0.4549619015625 0.3592134921875 0.44380187656250003 0.3648978515625 0.441599528125 0.369509875 0.475241609375 0.3918518984375
0 0.39378223437500004 0.3669340484375 0.3356465859375 0.3732692125 0.3360639859375 0.3813577578125 0.363729246875 0.4075223078125 0.423777534375 0.39679343437500003 0.42445169531250004 0.390153440625 0.39378223437500004 0.3669340484375
0 0.360786853125 0.3418335984375 0.3084179484375 0.34768408125 0.30748977499999997 0.3542883765625 0.32977274375 0.37451592499999997 0.3865669390625 0.3685102890625 0.3866218625 0.360747153125 0.360786853125 0.3418335984375
0 0.3330625484375 0.3216184046875 0.28293992968750004 0.3262304109375 0.281789325 0.33073121875 0.30062323125 0.3496969484375 0.3553853359375 0.3434057203125 0.3552658828125 0.33872641875 0.3330625484375 0.3216184046875
0 0.20891277968750002 0.3313682859375 0.20805600468750002 0.3374645578125 0.22319095781249998 0.356946546875 0.2863313171875 0.35001960625 0.285120303125 0.3438917546875 0.268937725 0.326334759375 0.20891277968750002 0.3313682859375
0 0.23037055468749998 0.3556243171875 0.22954947812499998 0.3614665765625 0.24788771875 0.38580224375 0.31486982812500003 0.37734299843749997 0.31490690312499997 0.3697068671875 0.29314980625 0.3494237109375 0.23037055468749998 0.3556243171875
0 0.25020539999999997 0.38405574531250003 0.2528773234375 0.3945333703125 0.2748870546875 0.42223434531250004 0.34781028593749996 0.410206584375 0.3468670140625 0.40217364843750003 0.31794954531249997 0.375703596875 0.25020539999999997 0.38405574531250003
0 0.42179214375 0.337196878125 0.4096119546875 0.34092466250000003 0.40879087812500003 0.34676692343750004 0.436003040625 0.36509694062500003 0.4521760140625 0.3624483609375 0.45437012499999996 0.3542087828125 0.44178489218749994 0.3552893578125 0.4203202484375 0.3439837859375 0.42179214375 0.337196878125