0 0.1435602046875 0.5209190765625 0.2252927046875 0.500702209375 0.22450276093750002 0.49635971874999996 0.1451184859375 0.5143089328125 0.123869309375 0.491717353125 0.1225793765625 0.499486503125 0.1435602046875 0.5209190765625
0 0.24408498750000002 0.4987215890625 0.30584101874999997 0.482196153125 0.306220153125 0.477008328125 0.244281378125 0.48747038906249995 0.224546621875 0.47731419218750004 0.22436030312500002 0.4879884078125 0.24408498750000002 0.4987215890625
0 0.2881364359375 0.421862440625 0.304459640625 0.42907328749999996 0.30554311093750003 0.43313232187499995 0.3103920875 0.43639134375 0.3521414390625 0.42528829218749997 0.35107811093749997 0.4200752890625 0.32782605625 0.4130320796875 0.2881364359375 0.421862440625
0 0.31891381406249997 0.47722989687500006 0.3722129265625 0.4657512890625 0.369747425 0.45820516875 0.3393384546875 0.44786265 0.3065726484375 0.45681386718750006 0.308365490625 0.46983127031249994 0.31891381406249997 0.47722989687500006
0 0.3313261328125 0.44397125312499996 0.3049661265625 0.43312225 0.30806546562500003 0.4539541234375 0.3320959328125 0.4494677125 0.3313261328125 0.44397125312499996
0 0.34134782812500003 0.4484748859375 0.383633878125 0.43968984375 0.3851720171875 0.43423367031250004 0.3562155796875 0.423339346875 0.31739647187500003 0.43189632187500004 0.3158482625 0.43792948125000003 0.34134782812500003 0.4484748859375
0 0.38120150937499997 0.46331096250000003 0.42701493125 0.45083595 0.4259717453125 0.444468978125 0.39380664374999996 0.435538709375 0.3529680890625 0.444060434375 0.3516680875 0.45240656875 0.38120150937499997 0.46331096250000003
0 0.4660276578125 0.513850240625 0.5162188203125 0.49856583906249996 0.5157878703125001 0.49018949218749996 0.46964275000000005 0.47206921562500004 0.4211472921875 0.4894032765625 0.4201408171875 0.497465953125 0.4660276578125 0.513850240625
0 0.5249491234375 0.494389525 0.56678408125 0.47838210625000005 0.5654675109375 0.4711446203125 0.5209778109375 0.45738194062500004 0.48324720781249997 0.469709459375 0.4790522109375 0.478582221875 0.5249491234375 0.494389525
0 0.5433314031250001 0.5489634640625 0.591365696875 0.524984009375 0.59097503125 0.5142997234375 0.5315592671875 0.4959478078125 0.483635759375 0.5135804312500001 0.48346958281249997 0.5231006765624999 0.5433314031250001 0.5489634640625
0 0.5972463265625 0.5187378921875 0.6356646984375 0.5000736140625001 0.635218640625 0.49256274375000003 0.579244640625 0.47542522500000006 0.5431795296875 0.49153335625 0.5424313328125 0.5013320218749999 0.5972463265625 0.5187378921875
0 0.6367957546875 0.584070190625 0.6806033765625 0.55424535625 0.6819285578125001 0.5444567625000001 0.6064478671875 0.5206299875 0.5627560640625 0.5438195 0.5608488640625 0.5538865140625 0.6367957546875 0.584070190625
0 0.6899459140624999 0.5480596671875 0.7252915828125001 0.5235701515625 0.727113178125 0.5184075046875 0.654780725 0.4960785828125 0.62127679375 0.51425148125 0.619091171875 0.523736478125 0.6899459140624999 0.5480596671875
0 0.1899650625 0.557224440625 0.1901226265625 0.564730275 0.22668853437499997 0.6025953796875 0.2557291171875 0.5921362390625 0.25342475468750003 0.5753583640625 0.231965540625 0.58133255625 0.20535083125 0.5520099765625 0.1899650625 0.557224440625
0 0.256817621875 0.5959067796874999 0.23735267656249998 0.6033586828125 0.236523909375 0.6177732265625 0.28904395781250003 0.66746001875 0.346086975 0.6398862703125 0.3422077640625 0.6141349218750001 0.29400079843750004 0.6314740171875 0.256413309375 0.6025370671875 0.256817621875 0.5959067796874999
0 0.4753581578125 0.6571488765625 0.4052135921875 0.7078689312499999 0.3471215484375 0.6632793234375 0.349154640625 0.646 0.3072542203125 0.6657578187500001 0.307295965625 0.6798989765625 0.346559015625 0.7120395546875 0.37354278750000003 0.73675129375 0.4041078640625 0.7381505515625 0.49117130312499996 0.6770483484375001 0.48814895781249995 0.6683381875000001 0.4753581578125 0.6571488765625
0 0.474013490625 0.618455659375 0.4730386875 0.6412364796875 0.50814053125 0.6637812796875 0.5831642875 0.614589290625 0.5827685859375 0.604193496875 0.5599057375000001 0.5913854765625 0.559658990625 0.6055215984375 0.5100210921875 0.6387076281249999 0.474013490625 0.618455659375