0 0.2889147203125 0.472694025 0.3737595625 0.45074288749999997 0.3722797109375 0.4428503453125 0.2916277828125 0.46430819687499997 0.2598109671875 0.438164146875 0.2603042515625 0.4470432578125 0.2889147203125 0.472694025
0 0.385281971875 0.44883397187499996 0.45384844218750003 0.4313223921875 0.45384844218750003 0.4241697734375 0.394407725 0.4406947875 0.366043896875 0.4246630578125 0.36629053906250003 0.438475009375 0.385281971875 0.44883397187499996
0 0.4531681859375 0.3676970515625 0.4531681859375 0.3716618671875 0.48398561406249996 0.36535420625000004 0.4836251765625 0.361028953125 0.45569125 0.352198228125 0.42703644843750005 0.35688391875000003 0.4531681859375 0.3676970515625
0 0.47921955625 0.3909452859375 0.5248149328125 0.3808530296875 0.5246347140625 0.37436515 0.4900326890625 0.3642728921875 0.4511054109375 0.371121209375 0.45272738125 0.3803123734375 0.47921955625 0.3909452859375
0 0.4559009703125 0.41790776718749995 0.45554053281250007 0.423494553125 0.46310972499999997 0.42781980624999993 0.5182567031249999 0.41178032499999995 0.5182567031249999 0.40511222656249996 0.48059095625000003 0.3905144984375 0.45337790624999996 0.3961012828125 0.4559009703125 0.41790776718749995
0 0.527419071875 0.41067084375 0.57679904375 0.397695084375 0.57535729375 0.39156764375 0.5335465125 0.3778710078125 0.49065442031249995 0.39048632968749997 0.49029398124999996 0.396253334375 0.527419071875 0.41067084375
0 0.3466114125 0.5324752234375 0.39999942499999996 0.587916621875 0.43654968125 0.57190021875 0.4379515921875 0.54526155 0.40177849062500004 0.5605220765625 0.3659132328125 0.5131734031249999 0.3390407703125 0.5243489765625 0.3466114125 0.5324752234375
0 0.41581252968750004 0.6143899953124999 0.507375690625 0.6980402890625 0.5995040546875 0.631911340625 0.6017648734375001 0.61721601875 0.61476458125 0.6076075390625 0.5757654578125 0.5804777125 0.577461071875 0.6064771296875 0.5022888484375 0.642085025 0.44011633124999994 0.5946078296875 0.4406815359375 0.58499935 0.4135517109375 0.5968686484375 0.41581252968750004 0.6143899953124999
0 0.6283795546875 0.6051555890625 0.7146442640624999 0.5615757203125 0.7112596171875001 0.5451360015625 0.6792479765625 0.5288529546875 0.676421953125 0.5435482765625 0.6261187359375 0.5735041265625 0.58203276875 0.5492003249999999 0.576380721875 0.5768953546875 0.6283795546875 0.6051555890625
0 0.8219859609375 0.7303246031249999 0.8911294859375 0.6519941765625 0.895964696875 0.6283016406249999 0.8679204703125001 0.6186312171874999 0.8537331828125 0.6413190484375 0.8045603734375 0.6887962437499999 0.7876042328125 0.67975296875 0.7830825953125 0.7029263609374999 0.8219859609375 0.7303246031249999
0 0.6224101234375 0.46047271093750003 0.6708734203125 0.48029860625 0.7116266484375 0.46267558906249995 0.7119937937499999 0.4538640796875 0.646274625 0.4299995765625 0.594874159375 0.44835688749999997 0.594139865625 0.45680125 0.61323146875 0.46597990468750006 0.6224101234375 0.46047271093750003
0 0.7269046671875 0.4558377734375 0.7669236015625 0.43821475625 0.766189309375 0.43050468750000004 0.7008372875 0.41104593906250003 0.6578811828125 0.42683322500000004 0.660084059375 0.43674617187500003 0.7269046671875 0.4558377734375
0 0.76550198125 0.5275470999999999 0.7699667328124999 0.5149437125 0.7905532796875 0.5300111609375 0.834495721875 0.5020851234375 0.8316209828125001 0.49099684374999997 0.736556428125 0.4595046375 0.6840545234375 0.4848377234375 0.6910303015625 0.48667345468749995 0.689561715625 0.4984221328125 0.76550198125 0.5275470999999999
0 0.8841535437499999 0.5796749625000001 0.9511279968749999 0.605575734375 0.9905529921875 0.5632760015625 0.99589179375 0.5468489203125 0.8595470203125 0.4987997078125 0.8102657765625001 0.532064546875 0.887457859375 0.5668248453125 0.8841535437499999 0.5796749625000001
0 0.8379815718750001 0.4928612671875 0.874696190625 0.4704653484375 0.874696190625 0.46018525625000006 0.7946583203124999 0.43595360781250003 0.752360315625 0.4495184640625 0.7437360984375 0.4589640359375 0.8379815718750001 0.4928612671875
0 1 0.49715699999999996 0.9084175859375 0.4692309609375 0.87186733125 0.49633564531249996 0.8730993625 0.5057812171875 1 0.549723659375 1 0.49715699999999996
0 0.5289721421875 0.7211377015625 0.550247071875 0.7407754375 0.7944252546875 0.7407754375 0.8084473687499999 0.734192771875 0.7775020140625 0.715335446875 0.7596117312499999 0.7395115046875 0.6372808796875 0.740478546875 0.587961721875 0.70324741875 0.5918298921875 0.6631151625 0.5309062265625 0.69937925 0.5289721421875 0.7211377015625