0 0.49392436875 0.570028078125 0.48504210625 0.57851320625 0.48780280937500003 0.5950229625000001 0.5177067609375 0.5948640921874999 0.5430653125 0.577457275 0.5432207140624999 0.5706613390624999 0.49392436875 0.570028078125
0 0.528853978125 0.588987828125 0.5297972343749999 0.593484275 0.5720231578125 0.5932584765625 0.5995441359375 0.5753199515625 0.60058325 0.5692706656250001 0.5538309296875 0.5698433546875 0.528853978125 0.588987828125
0 0.499951403125 0.6076212015625 0.501683940625 0.613181771875 0.54070939375 0.6118657703125 0.5642399078125 0.5968870515625 0.5628674765625 0.59336875 0.520444234375 0.59332851875 0.499951403125 0.6076212015625
0 0.5267137156249999 0.6152360578125 0.5193599953125 0.6153294218750001 0.5193860734375 0.6129182328125 0.5107881765625 0.6127797453125 0.5111137515624999 0.616332221875 0.50276461875 0.6167515156250001 0.5003027 0.61131955625 0.494012746875 0.6131807031250001 0.49378899218749994 0.617882925 0.4819374015625 0.6291478046875 0.516355065625 0.627290575 0.535963828125 0.6148083093750001 0.5341622218750001 0.6122681546875001 0.52841314375 0.6120785765625001 0.5267137156249999 0.6152360578125
0 0.410645853125 0.5865172703125 0.41232694687500004 0.5917860875 0.4276369375 0.5779560421875 0.48013446406250004 0.5745653765625 0.48084729218750005 0.5700777421875001 0.42429166093750004 0.5692203703125001 0.410645853125 0.5865172703125
0 0.40914588125 0.5745983921875 0.4088632953125 0.5704366875 0.34394126406250003 0.570753715625 0.332345825 0.591148553125 0.334327128125 0.59726690625 0.3456565359375 0.5770693890625 0.40914588125 0.5745983921875
0 0.368574709375 0.5227907296875001 0.368779771875 0.5290718703125 0.3831609265625 0.53044679375 0.3817458625 0.52498065625 0.39770139531250004 0.4968980703125 0.412691775 0.4983159828125 0.411406746875 0.48335096718750004 0.3884276984375 0.4818375546875 0.368574709375 0.5227907296875001
0 0.3945650984375 0.46631582656250004 0.39686387500000003 0.4725286125 0.39508692343749996 0.47780552812500005 0.41148462500000005 0.47867446718749995 0.40977780937499997 0.473259775 0.43144085624999995 0.43574773437500003 0.478882728125 0.443777346875 0.47578025312500005 0.41679902343749997 0.4233528609375 0.4094980796875 0.3945650984375 0.46631582656250004
0 0.5973471890625001 0.330836796875 0.481359803125 0.30342744375 0.4348311015625 0.3927037109375 0.436082309375 0.404064803125 0.47483220781249996 0.4097163375 0.4747601859375 0.40930788281249997 0.4706351515625 0.392737871875 0.5063220937499999 0.33410196718749996 0.5866354625 0.3519782828125 0.58795609375 0.357761896875 0.6005546890625 0.3430562375 0.5973471890625001 0.330836796875
0 0.7129605109375 0.357830790625 0.6240756796875 0.33484773125 0.612318165625 0.3483522015625 0.613990446875 0.355277103125 0.5995123703125 0.3721191078125 0.5923217937499999 0.3714316453125 0.598033490625 0.3935879484375 0.627062228125 0.36244814375 0.688597371875 0.3749116796875 0.6941216265625 0.387474671875 0.7159365125 0.36873734375 0.7129605109375 0.357830790625
0 0.5822726546875 0.526528725 0.5825238265625 0.533402065625 0.6365890828125 0.5359747515625 0.6803324468749999 0.5061636375 0.6786781562499999 0.4989612359375 0.6221465312500001 0.4954783421875 0.5822726546875 0.526528725
0 0.6467300703125 0.5291905578125 0.64769383125 0.5357460921875 0.6944252421875 0.5392276218750001 0.7410297609375001 0.5092963203124999 0.7390572093750001 0.50464806875 0.6911090453125001 0.5008046171875 0.6467300703125 0.5291905578125
0 0.7056903171875 0.489778665625 0.7065334375 0.4967397875 0.7570465546875 0.50205253125 0.8168067156250001 0.4649976265625 0.8152510062499999 0.4583543109375 0.7632033296875 0.4519670578125 0.7056903171875 0.489778665625
0 0.6372324265625 0.4818653796875 0.6373845625000001 0.49144637187500007 0.6944203546875001 0.4956089921875 0.754005409375 0.45647124375 0.752471759375 0.44886325625 0.693024971875 0.43974538281250003 0.6372324265625 0.4818653796875
0 0.7099740328124999 0.42907055156249996 0.7118254890625 0.4373911265625 0.774598253125 0.446191559375 0.8554848749999999 0.392729171875 0.8508821062499999 0.3829721640625 0.785391340625 0.3696549234375 0.7099740328124999 0.42907055156249996
0 0.78613155625 0.43858539375000005 0.7882900140625 0.446467521875 0.8399909828125001 0.45502962968749994 0.9229595375 0.4079256125 0.9206588359375001 0.398147003125 0.8656258625 0.3859449765625 0.78613155625 0.43858539375000005