0 0.1379341859375 0.46026774687499994 0.232879209375 0.452327859375 0.2319398234375 0.4472869109375 0.13923688437499998 0.452879775 0.11872113437500001 0.42579986718749996 0.11712291562499999 0.43313572968749997 0.1379341859375 0.46026774687499994
0 0.2518440875 0.45102853749999994 0.3275702 0.444565571875 0.3264388921875 0.43835464062499996 0.2608991640625 0.44260610624999996 0.23529078281250002 0.4287395140625 0.2341360234375 0.43655116562499996 0.2518440875 0.45102853749999994
0 0.354056275 0.376430434375 0.32034626718750003 0.37694319374999996 0.33318853125 0.38366055781249997 0.3339902125 0.3942662921875 0.34053182656250003 0.3963103421875 0.3417888203125 0.3929696421875 0.3777343046875 0.392405765625 0.378635584375 0.3885570515625 0.354056275 0.376430434375
0 0.3392806296875 0.441286925 0.39854579375 0.4372649609375 0.3985066640625 0.42991073281250003 0.3660515421875 0.41194247187500005 0.33164314687499996 0.4138906109375 0.3297665484375 0.43716022499999996 0.3392806296875 0.441286925
0 0.3558515875 0.40791748125 0.33293610625 0.39519365781250004 0.3313255046875 0.4131666625 0.3556998140625 0.41256629218749996 0.3558515875 0.40791748125
0 0.3651752953125 0.41312384375000005 0.414863796875 0.4116435359375 0.4149388921875 0.40364151093749995 0.384910675 0.392112628125 0.34225876093749996 0.3928298578125 0.34054486875 0.39876174999999997 0.3651752953125 0.41312384375000005
0 0.4114250796875 0.43619623125 0.459512859375 0.43242985625 0.4598419625 0.42424997343750004 0.42573605625 0.409330328125 0.3799854609375 0.413731459375 0.37838579375000003 0.41901555156250003 0.4114250796875 0.43619623125
0 0.1851623765625 0.51024304375 0.182844540625 0.52338814375 0.2246526046875 0.5751179125 0.25909520937499997 0.56845871875 0.2611070625 0.5454023593749999 0.233389025 0.551193671875 0.20432869843749998 0.5086939312500001 0.1851623765625 0.51024304375
0 0.388834503125 0.5827101140625001 0.3876654984375 0.6009864375 0.300342346875 0.6303576109375 0.258018559375 0.5768940203125 0.23524412187500002 0.580271253125 0.23510559375 0.5950327875 0.2935764625 0.67105815625 0.3739874234375 0.64128961875 0.37620901562500003 0.6100558203124999 0.390430765625 0.6039383546875 0.4048401390625 0.5990861359374999 0.388834503125 0.5827101140625001
0 0.527891565625 0.7094991828125 0.47876058125 0.7365688015625 0.4021395265625 0.723879884375 0.3690255984375 0.68107610625 0.3713184 0.6564264015625 0.315837121875 0.6799119640625 0.31450358437500003 0.6944627859375 0.3302282703125 0.712432153125 0.5197661375 0.7462635140625 0.545607934375 0.7278197375000001 0.5479257703125 0.7146746375 0.5315448859374999 0.6957681234375 0.527891565625 0.7094991828125
0 0.5405372234375 0.6587459296875 0.53498749375 0.683232071875 0.57053664375 0.714554334375 0.6511313390625 0.658121321875 0.656658953125 0.643077865625 0.63092968125 0.6282730734374999 0.6258244640624999 0.647908940625 0.5689855859375 0.6814231515625 0.5405372234375 0.6587459296875
0 0.5092953765625 0.46457784531249996 0.45777997187499997 0.47338617968749996 0.4549693765625 0.4816677484375 0.4607661546875 0.48133954687499997 0.505584071875 0.5047709625000001 0.5109387875 0.5107788859375 0.5618183609375 0.49983294218749996 0.563415825 0.49268779531250007 0.5092953765625 0.46457784531249996
0 0.613987771875 0.4854010203125 0.6155662609375 0.48027802499999994 0.5629483890625 0.4551336828125 0.5217169296875 0.46305469062500004 0.5207165421875 0.47064269843749995 0.5701181078124999 0.4948823375 0.613987771875 0.4854010203125
0 0.5815005203125 0.49925244375 0.526346525 0.517209096875 0.5266169984375 0.5233332796875 0.5650790125 0.542605734375 0.5701245015625 0.5407947265625 0.595046715625 0.5526160078125 0.6036754656250001 0.5592012328125 0.6470437375 0.544905346875 0.6492374796875 0.5324640140625 0.5815005203125 0.49925244375
0 0.6198922234375 0.56678684375 0.6454312921875001 0.5827678859375001 0.644276690625 0.5893159546875 0.713073365625 0.6260902109375001 0.7544170875 0.5945582015624999 0.75778600625 0.5850247484375 0.6700766390624999 0.5425525953125 0.6198922234375 0.56678684375
0 0.6558630546875001 0.5370081109375 0.6943780046875 0.5215188703125 0.695436121875 0.51360345625 0.632129396875 0.48589921562500005 0.5908599859375 0.49786452499999995 0.59111148125 0.5060108578125 0.6558630546875001 0.5370081109375
0 0.7662605421875 0.59057003125 0.798803925 0.5649131046875 0.8003436578124999 0.5580953625 0.7185860828124999 0.5220739953125 0.6818433875000001 0.5409139781250001 0.681670996875 0.5476352375 0.7662605421875 0.59057003125