0 0.7920623171875001 0.3820375609375 0.8156317015625 0.3964687609375 0.8369097796875 0.3875368453125 0.8334342328125001 0.3799225921875 0.7997137140625 0.36149188125 0.7789046078124999 0.373083465625 0.7847956921875 0.38575651718750004 0.7920623171875001 0.3820375609375
0 0.7457758484375 0.34936839375 0.77864406875 0.371605871875 0.794654915625 0.36390741875 0.79119721875 0.3529382421875 0.7498810203125 0.32944800937499996 0.7268112578125 0.3472276390625 0.7308078828125 0.35779708125 0.7457758484375 0.34936839375
0 0.6390057453125 0.3745936875 0.6312901609375 0.35675762187500004 0.6843836640625 0.315706290625 0.72413518125 0.34069124687499996 0.7388597359375 0.3326101859375 0.7351586296875 0.3219886375 0.6816405140625 0.2915087265625 0.6067456906250001 0.3540772171875 0.6086394281249999 0.361360971875 0.6390057453125 0.3745936875
0 0.555890665625 0.4233762875 0.555665828125 0.415188846875 0.5930432796875 0.38696400625 0.6319960499999999 0.40569095937500005 0.6443914328125 0.3964970609375 0.64241133125 0.3852673453125 0.591064621875 0.3653740046875 0.5346154750000001 0.41158762812500005 0.5375349625 0.4177763953125 0.555890665625 0.4233762875
0 0.516839265625 0.48876582187500006 0.557136928125 0.46154960312500004 0.5579720984375001 0.4559176171875 0.5047815953125 0.44457647031249997 0.46592654843750003 0.4730618515625 0.46792449999999997 0.48093664374999995 0.516839265625 0.48876582187500006
0 0.5074690296875 0.4943792359375 0.5077652703125 0.48914698437500004 0.456573440625 0.48050048749999996 0.4279923140625 0.5050413484375 0.42715714531250004 0.5106733359375 0.474177453125 0.516398903125 0.5074690296875 0.4943792359375
0 0.4892317859375 0.5119161765625 0.4904652453125 0.5171834078125 0.5310540984375 0.5209959453125 0.564606215625 0.500453871875 0.563824596875 0.49602109062500005 0.521045765625 0.49015705 0.4892317859375 0.5119161765625
0 0.5404414656250001 0.5172077515625 0.542022553125 0.5227183921874999 0.576492596875 0.5263910140625 0.611608671875 0.5095343625 0.6108099250000001 0.503276359375 0.5736630828125 0.49824748906250005 0.5404414656250001 0.5172077515625
0 0.5818862234375 0.49131280312500003 0.5840233703125 0.49824893125 0.6176239859375 0.503903096875 0.65920721875 0.4822496296875 0.6581650609375 0.4763392515625 0.6218355375 0.46903331875000004 0.5818862234375 0.49131280312500003
0 0.57383725625 0.49577912187499995 0.615907309375 0.4734304 0.6149172578125001 0.4678155421875 0.5694794828124999 0.45724032968749995 0.5306594140625001 0.4841960078125 0.5316494640625 0.4898108671875 0.57383725625 0.49577912187499995
0 0.34095850625 0.4832135203125 0.3696103109375 0.45043311093750005 0.368551021875 0.4426975125 0.2884868765625 0.427563121875 0.265014496875 0.4655243984375 0.2668561234375 0.472512634375 0.34095850625 0.4832135203125
0 0.2615946640625 0.43230494531249997 0.26293450625000003 0.42262278281250004 0.1584129796875 0.403573803125 0.1468805296875 0.457407453125 0.24093827656250003 0.47068380625 0.2615946640625 0.43230494531249997