0 0.6627344625 0.52759840625 0.72515678125 0.50683383125 0.7459334921874999 0.52307885625 0.7459980625 0.5150767390625 0.7261905109375 0.49934420468749996 0.66089703125 0.5230054953125001 0.6627344625 0.52759840625
0 0.5926550453125 0.554681678125 0.647965040625 0.53526558125 0.66781765625 0.54988099375 0.6668659921875 0.538265884375 0.6463529218749999 0.5250870578125 0.591158603125 0.5480367859374999 0.5926550453125 0.554681678125
0 0.5330803484375 0.570999290625 0.5338241953125 0.577097390625 0.565688734375 0.58625835 0.5945455984375 0.5750279625 0.5919986203125001 0.5645535140625 0.5909117687500001 0.5562897671875 0.5812437218750001 0.55271510625 0.5330803484375 0.570999290625
0 0.5942261328125 0.574412571875 0.57225225 0.58144484375 0.5735428890625001 0.58679035 0.5993543875 0.595578034375 0.5942261328125 0.574412571875
0 0.5990520765625 0.5954733015625 0.594537759375 0.5935565875 0.5557161109375001 0.60654778125 0.5556193703125001 0.6114756328125 0.578062321875 0.615816153125 0.6157587125 0.6045822078125 0.6004143953125001 0.5996437171875 0.5990520765625 0.5954733015625
0 0.5244188656250001 0.6050132234375 0.5492223593750001 0.6098571078125 0.5880525140625 0.5958118812500001 0.587698515625 0.59025363125 0.5633356640625 0.583760928125 0.5219754062499999 0.6006631484375 0.5244188656250001 0.6050132234375
0 0.48187490000000005 0.5956103625 0.5139412703125 0.6042164484375 0.5540322234375 0.589269740625 0.55246154375 0.5826760609375 0.5228455453125 0.5740327703125 0.47971953125000005 0.5908637640625 0.48187490000000005 0.5956103625
0 0.3856599 0.5592869781250001 0.43418685312500005 0.572790721875 0.4838294484375 0.5517561578125 0.48295847031249994 0.5444490921875 0.4337097484375 0.5281961984375 0.3861856171875 0.5517586984375 0.3856599 0.5592869781250001
0 0.33425537968749996 0.585468496875 0.3852356625 0.5945748171874999 0.42335334218750004 0.5785154359375 0.4232900203125 0.5690760218750001 0.3751170109375 0.55780699375 0.3332377921875 0.57904369375 0.33425537968749996 0.585468496875
0 0.30435656093749996 0.539520634375 0.3667949546875 0.55769334375 0.417552309375 0.53104163125 0.41672557499999996 0.5240139046875 0.3538751140625 0.505047421875 0.30370679843750004 0.5336102656249999 0.30435656093749996 0.539520634375
0 0.252998884375 0.5714216703125 0.31962476875 0.583490559375 0.3575932375 0.5628732609375 0.35883812656249997 0.552653953125 0.294314228125 0.539393103125 0.2558920453125 0.5643774640625 0.252998884375 0.5714216703125
0 0.1957196140625 0.5189292703125 0.28528688281250003 0.5402502015625 0.335571446875 0.508805478125 0.33493556406249997 0.5011748296875 0.24746768281249998 0.473221759375 0.19789100625 0.5091359125 0.1957196140625 0.5189292703125
0 0.1473487828125 0.555225128125 0.230604896875 0.5692415953125 0.2728493421875 0.5430791546875 0.2711681078125 0.532464259375 0.1869551296875 0.5160222265625001 0.1469922390625 0.5475502390625 0.1473487828125 0.555225128125
0 0.684260775 0.46360994843750003 0.6472682062499999 0.430307084375 0.6263171390625 0.44106940625 0.629051834375 0.46037905625000003 0.64415401875 0.4515140625 0.6710529828125 0.47217490156249997 0.6731503390625 0.4792867125 0.6841980171875 0.47138754218749995 0.684260775 0.46360994843750003
0 0.587912625 0.374330346875 0.5376543765624999 0.4023569046875 0.5432149703125 0.4231608890625 0.5822284484375 0.4079195015625 0.6238226640625 0.4375806671875 0.6398220359375 0.42824991875 0.637224609375 0.41798078906249997 0.587912625 0.374330346875
0 0.53781715 0.39521077656250003 0.5720260171875 0.37619923437499997 0.57185443125 0.3648985828125 0.49411382968749995 0.30114675156250004 0.3983735078125 0.37100774531249997 0.3993765859375 0.3834713078125 0.41714776875000004 0.3955446296875 0.4174762515625 0.38740129843750004 0.47766339375 0.340324940625 0.5368630796875 0.38305663125 0.53781715 0.39521077656250003
0 0.3771420265625 0.384086521875 0.30585720156249996 0.43874631875 0.3048815640625 0.44893406249999995 0.33254044843749997 0.46008862968750003 0.3312530171875 0.44378627656249997 0.3846499546875 0.41105512187500004 0.41919217968750005 0.42888712656249994 0.416954615625 0.40658587031250004 0.3771420265625 0.384086521875