0 0.6991489140625 0.48132082187499997 0.6963274937499999 0.4744380828125 0.6811383906249999 0.49316215 0.6189424812500001 0.486930384375 0.6195870078125 0.49252108906250003 0.68574939375 0.5006541624999999 0.6991489140625 0.48132082187499997
0 0.62112235625 0.47486411562499997 0.6190020703125 0.46794463124999996 0.6039798109375 0.4831446515625 0.5481124875 0.4769327484375 0.5466536093750001 0.4826336890625 0.60408855625 0.4919272078125 0.62112235625 0.47486411562499997
0 0.5206331796875 0.4221280453125 0.500759584375 0.43195783125 0.5002421734375 0.43550025000000003 0.53922715 0.441542328125 0.557053946875 0.42619532656250003 0.5206331796875 0.4221280453125
0 0.520287328125 0.4548629734375 0.543682878125 0.4572028765625 0.5429872203125 0.4403476984375 0.5204164390625 0.45016408593749996 0.520287328125 0.4548629734375
0 0.4701958171875 0.451669928125 0.5127906890625 0.4550681703125 0.534002228125 0.44438459375 0.5318852890625 0.43980341718749993 0.49484668750000005 0.43498787187500004 0.46973398906249997 0.4464389546875 0.4701958171875 0.451669928125
0 0.5448745671874999 0.4584542171875 0.5133227734375 0.45447723125 0.4866334375 0.468075475 0.486031096875 0.4744883265625 0.535954259375 0.481631578125 0.5444668187499999 0.4757425921875 0.5448745671874999 0.4584542171875
0 0.5023181375 0.4593707109375 0.500772521875 0.45494727656249995 0.46068033125 0.44916565625000004 0.4315577765625 0.46289141875000006 0.43167469062499997 0.4687035234375 0.4755004890625 0.4741017890625 0.5023181375 0.4593707109375
0 0.4407514828125 0.5047053796875 0.3914655953125 0.4950928140625 0.3439077421875 0.5184531203125 0.3449015359375 0.5270734140625 0.398070346875 0.538379565625 0.44255608593750007 0.5132831796875 0.4407514828125 0.5047053796875
0 0.3835182890625 0.5399552421875 0.327490978125 0.5258177671875 0.264127721875 0.5578657421875 0.2647662609375 0.5648785828125 0.32214377031249997 0.58409451875 0.3839290515625 0.54779305625 0.3835182890625 0.5399552421875
0 0.301231575 0.59359184375 0.301006096875 0.5841182500000001 0.2441974546875 0.565414525 0.156963203125 0.6073858999999999 0.160488571875 0.6177706015625 0.2195148765625 0.6425913734375001 0.301231575 0.59359184375
0 0.378577646875 0.4973943140625 0.33350275625000003 0.485392965625 0.286898503125 0.5062641890624999 0.287309265625 0.5141020046875 0.3335938625 0.5233298359375 0.37795097499999997 0.5009503078125 0.378577646875 0.4973943140625
0 0.27157698125 0.5138424515625 0.2048583265625 0.53874895625 0.20663460156250002 0.5467862171875 0.25486658906250004 0.5621452609375 0.3180162359375 0.5311925296875 0.317178246875 0.5255452 0.27157698125 0.5138424515625
0 0.229162665625 0.5629503234375 0.1811159609375 0.5459554984375 0.0938545296875 0.58223705 0.0962704921875 0.592137871875 0.14239583281249998 0.6138405890625 0.2309389390625 0.5709875859375 0.229162665625 0.5629503234375
0 0.372626478125 0.700816225 0.40923715625 0.6677096890625001 0.4049754359375 0.64492560625 0.3724993765625 0.669123759375 0.31370766250000004 0.649708746875 0.31140311249999997 0.6350025125000001 0.285530884375 0.6486290484375 0.28429302500000003 0.664032209375 0.372626478125 0.700816225
0 0.572397421875 0.659158821875 0.53281849375 0.6453835031249999 0.53316370625 0.6617262515625 0.485518471875 0.7184185125 0.41084261250000004 0.688587878125 0.41393075625 0.6792230609375001 0.3952769546875 0.694005125 0.397125071875 0.7097578328124999 0.4795826765625 0.7417370265625001 0.5202925781250001 0.73806968125 0.5719922640624999 0.6709394093750001 0.572397421875 0.659158821875
0 0.6224049843749999 0.598763821875 0.620797359375 0.5875999968750001 0.6073268171875 0.584215746875 0.5769148140625 0.618531253125 0.5289619328125 0.6108188328125 0.531478084375 0.6393184359374999 0.5853602578125 0.6528554296875 0.6224049843749999 0.598763821875
0 0.6049132140625 0.5771843718749999 0.6287683234375 0.5836033234375 0.655557753125 0.548455115625 0.6551034890625 0.5397872265625 0.6421428203125 0.53637625625 0.6238342296875 0.5675010671875 0.6050778765625 0.560814903125 0.60365296875 0.5726489328125 0.6049132140625 0.5771843718749999