0 0.48773716718750004 0.6292284921875 0.51395003125 0.6475261 0.524643390625 0.64548625625 0.5252501828125 0.63959323125 0.4882042953125 0.616451859375 0.46133885937499997 0.6248541953125 0.45904314687500003 0.6380380921875 0.48773716718750004 0.6292284921875
0 0.4020858546875 0.6132054484375 0.4321636421875 0.5992762765624999 0.461131121875 0.6153039984374999 0.460775496875 0.622560834375 0.4773818328125 0.616259375 0.47860949843749995 0.610675028125 0.4338079640625 0.5860008328124999 0.3945191734375 0.5992997390625 0.394007446875 0.6060917984375 0.4020858546875 0.6132054484375
0 0.38752171406249997 0.617579734375 0.400899265625 0.6232239421875 0.4034567078125 0.6160551328125 0.3865945140625 0.6052713984375 0.35325977656249996 0.6187428359375 0.3526835015625 0.62441873125 0.3646056953125 0.6309654953125 0.38752171406249997 0.617579734375
0 0.3467505703125 0.6335487515625 0.3603792859375 0.6405567703124999 0.36383576406249996 0.6332928953125 0.3442154328125 0.6232286218749999 0.3154639 0.63402290625 0.313771459375 0.639763353125 0.3240446390625 0.6438641796875 0.3467505703125 0.6335487515625
0 0.347917215625 0.5874362140625 0.384376278125 0.5706397546875001 0.387025265625 0.5628195546875 0.3314787328125 0.531099784375 0.2948166234375 0.5540674296875 0.293714540625 0.5603336828125001 0.347917215625 0.5874362140625
0 0.27971259375 0.5528303718750001 0.31541463593749997 0.530392053125 0.3190236921875 0.5220425265624999 0.2506289328125 0.4856386125 0.2171357484375 0.5112658078125001 0.21668505468750002 0.5176236078125 0.27971259375 0.5528303718750001
0 0.5040325 0.554243540625 0.5613419093750001 0.529306475 0.562939284375 0.5226669921875 0.509505371875 0.47906610625 0.449943678125 0.5090006812500001 0.4498051828125 0.5162880328125 0.5040325 0.554243540625
0 0.433811509375 0.5056263609375 0.49471001875000004 0.4772081734375 0.49574755000000004 0.46982575468750004 0.430730634375 0.418840096875 0.37304564687499997 0.4559024046875 0.3710785640625 0.46359702187499996 0.433811509375 0.5056263609375
0 0.5785996375 0.5230965624999999 0.651494284375 0.4928216234375 0.652250134375 0.48429252343750007 0.6026154109374999 0.43414018125 0.5278147125 0.4716754765625 0.5259356562499999 0.4771682765625 0.5785996375 0.5230965624999999
0 0.5148103875000001 0.4665265578125 0.588834115625 0.4282178109375 0.59032938125 0.417578440625 0.5268286234375 0.3542292875 0.450570215625 0.40528767187500003 0.449688784375 0.413134865625 0.5148103875000001 0.4665265578125
0 0.597225865625 0.5323568671875 0.6679562546875 0.504877621875 0.697911965625 0.5327794203125 0.69772183125 0.5309813484375 0.6621031375 0.49453401875 0.5919666265625 0.5240894953125 0.5901826390625 0.5304813312500001 0.597022815625 0.5385280531250001 0.597225865625 0.5323568671875
0 0.6860954125000001 0.4908205171875 0.695530590625 0.49458214843750004 0.782806284375 0.46123570625 0.815029534375 0.504512653125 0.814981415625 0.4969776546875 0.779670228125 0.44573849218749995 0.6854909734375 0.4840930078125 0.6860954125000001 0.4908205171875