0 0.7574688203125 0.5265127781250001 0.8326932640625 0.516064115625 0.8543055031250001 0.5388086171875 0.8559945078125001 0.5294556218750001 0.8400605359375 0.5097788046875 0.757816890625 0.5198427015625 0.7574688203125 0.5265127781250001
0 0.6759968140625 0.5359518140625 0.7376798109375 0.530080584375 0.7563512171875 0.5472212578125 0.757452053125 0.536747496875 0.7414457484375 0.524475703125 0.6753897734375001 0.531652225 0.6759968140625 0.5359518140625
0 0.672004659375 0.5792368406249999 0.6682481375 0.576696115625 0.6255074953124999 0.5826651515625 0.6247681468749999 0.587147478125 0.64706904375 0.5970020453125 0.6882879609375 0.59275073125 0.6731646828125 0.5860646984375 0.672004659375 0.5792368406249999
0 0.611821375 0.5502671703125 0.6400110515625 0.5647509984375 0.67304276875 0.559127265625 0.67348220625 0.5434079078125 0.6668211046875 0.537553678125 0.61237248125 0.5421391375 0.611821375 0.5502671703125
0 0.6727694890625 0.5591994234375 0.647272971875 0.5618843796874999 0.6481533484375 0.5662687078124999 0.6728842328125 0.578524575 0.6727694890625 0.5591994234375
0 0.5933437640625 0.5731861453125 0.6198125578125 0.5838509000000001 0.660909271875 0.579378015625 0.6604031781249999 0.572654784375 0.639063709375 0.5622259609375 0.5933428593750001 0.5674255625 0.5933437640625 0.5731861453125
0 0.5536959609375 0.558104384375 0.58420535625 0.5707097421875 0.62732191875 0.5643268671875 0.62807834375 0.5571299671875 0.6004884109375 0.542709171875 0.5542470671874999 0.549976353125 0.5536959609375 0.558104384375
0 0.468367790625 0.5045680515625001 0.5150711203125 0.5246359468749999 0.5632530671875 0.5133281625 0.563678103125 0.5063996125 0.521377378125 0.4819435140625 0.46928180468749997 0.49587179531250003 0.468367790625 0.5045680515625001
0 0.41841813749999995 0.5153868593750001 0.46248566406249997 0.5345713546875 0.5018299765625 0.526579265625 0.5017183078125 0.518987940625 0.46017581874999997 0.49885610468749997 0.41925380937499995 0.5103205734375 0.41841813749999995 0.5153868593750001
0 0.3497765015625 0.49058768593749996 0.4036136984375 0.5120117484375 0.44249964531249997 0.49972691406249997 0.44368201249999994 0.49136204843750003 0.3907282171875 0.467302184375 0.3506274796875 0.48249117343750003 0.3497765015625 0.49058768593749996
0 0.3993146140625 0.47214603593750004 0.4531680234375 0.4963004546875 0.5042063953125 0.48377697499999994 0.5033842187500001 0.47429187031250003 0.44959293906250003 0.443777128125 0.40035469843750005 0.462250296875 0.3993146140625 0.47214603593750004
0 0.308449203125 0.43379325937499996 0.3789540046875 0.46394237812499994 0.43062273125 0.44542148125000003 0.432057240625 0.43465764531250006 0.35743168125 0.394676728125 0.311209265625 0.4219560109375 0.308449203125 0.43379325937499996
0 0.261263234375 0.45581715 0.330789175 0.48374110156250005 0.3664548859375 0.46747960468749994 0.368536865625 0.45920929062500004 0.29732155625 0.42716639375 0.2630138234375 0.4478151890625 0.261263234375 0.45581715
0 0.7967614843749999 0.460862265625 0.7645590984374999 0.42109563124999994 0.73692505625 0.427286684375 0.738443340625 0.44745637499999996 0.7540672390625 0.4430348421875 0.7806963359375 0.469481990625 0.7793239578125 0.4738855 0.7957213999999999 0.4707580046875 0.7967614843749999 0.460862265625
0 0.7566498796875 0.40692426406250004 0.7114404703125 0.3524504625 0.6526540890625 0.3723455484375 0.652153428125 0.4001858140625 0.703869884375 0.3840954 0.7348718796875 0.4179753796875 0.7363406218749999 0.4241934203125 0.75439500625 0.419724159375 0.7566498796875 0.40692426406250004
0 0.6038750312500001 0.29991191562499997 0.6543713531249999 0.35312229375 0.6548783515625 0.36560610625 0.6920911453125 0.3519326828125 0.6954185265625 0.3346977578125 0.636114278125 0.272982040625 0.601708371875 0.2714881203125 0.5126080390625 0.31730270312500003 0.510889871875 0.3307653765625 0.527510653125 0.34282053125 0.5292297265625 0.33511844218750003 0.6038750312500001 0.29991191562499997
0 0.49237712343749995 0.33094189375 0.41440262499999997 0.371862178125 0.4134570953125 0.38085830625 0.43733871874999997 0.3988307265625 0.438014990625 0.383742628125 0.490155578125 0.3549630828125 0.5231125765625 0.37601165000000003 0.5263769218750001 0.3593764671875 0.49237712343749995 0.33094189375