0 0.28647475624999996 0.540020184375 0.288186253125 0.54800174375 0.3055616578125 0.5284362203125 0.368162690625 0.54626328125 0.371312628125 0.5378033703125 0.3062416484375 0.5206638890625 0.28647475624999996 0.540020184375
0 0.3653116875 0.5547493453125 0.36442246875 0.5649131609375 0.3842641625 0.5515878875 0.4385883578125 0.5641724625 0.4391637359375 0.557595875 0.38287775625 0.543333546875 0.3653116875 0.5547493453125
0 0.4380296265625 0.585096134375 0.4719121984375 0.5940024937499999 0.49833745625 0.5834400296875 0.49822373750000004 0.5762501421875 0.44880036875 0.56103245625 0.441073075 0.5672887609374999 0.4380296265625 0.585096134375
0 0.462501734375 0.5911985125 0.439344128125 0.5842208015625 0.43664161406249996 0.6037910921874999 0.46217928906249994 0.5948840640624999 0.462501734375 0.5911985125
0 0.43657411875 0.6102223734375001 0.421540209375 0.6150966796875 0.45908683437500003 0.6245711875 0.4804782921875 0.6177772515625 0.48043830625000006 0.6125744875 0.44121475 0.6024581015625 0.437378725 0.60385558125 0.43657411875 0.6102223734375001
0 0.44908951249999995 0.60017604375 0.44834939374999994 0.6058057265625 0.48560732343749996 0.6157501421875 0.5110375171875 0.6080716328125 0.5125577390625 0.60201503125 0.47065293906249994 0.5914164828125 0.44908951249999995 0.60017604375
0 0.48039809843750003 0.5875649734375 0.48049032187499996 0.595000565625 0.5209208984375 0.6054701390624999 0.5537129515625 0.59571228125 0.5534272625 0.5904880203125 0.510668628125 0.5783292656250001 0.48039809843750003 0.5875649734375
0 0.54836528125 0.54647035 0.5478063796875 0.552858640625 0.598126575 0.569145125 0.64837883125 0.55224939375 0.6479979124999999 0.5452837125000001 0.5949227406250001 0.5265279421875 0.54836528125 0.54647035
0 0.6087808156250001 0.563392478125 0.6093429484375 0.571116765625 0.65175764375 0.5872067765625 0.7025535421875 0.572586865625 0.702845246875 0.566422784375 0.6573008953125 0.5493162109374999 0.6087808156250001 0.563392478125
0 0.61384190625 0.5281831546875 0.6666068859375 0.5476545390625 0.7288801203124999 0.5263636578125 0.7289813640625 0.516716734375 0.675620503125 0.492736703125 0.6115721015625 0.51733845625 0.61384190625 0.5281831546875
0 0.6740239875 0.5421138484375 0.6747028453125 0.5513338531249999 0.7198940109375 0.569647446875 0.7844523109375 0.550537153125 0.7843385921875 0.543347265625 0.7376854578125001 0.5219347562500001 0.6740239875 0.5421138484375
0 0.6946993859374999 0.4953962265625 0.750078109375 0.521781053125 0.8379412578125001 0.49381597031249996 0.8379902640625 0.48193622031250005 0.7818774375 0.44979273124999997 0.695153815625 0.48454228125 0.6946993859374999 0.4953962265625
0 0.7639264953125 0.516307859375 0.764424140625 0.5247692578125001 0.8077326546875 0.5476222374999999 0.8957432687500001 0.523631403125 0.8942198187500001 0.5155754265625 0.8493755999999999 0.48763640625000004 0.7639264953125 0.516307859375
0 0.3415267234375 0.4835376171875 0.3426180671875 0.4898931453125 0.35541094375000004 0.49430713906249996 0.376835565625 0.4678465921875 0.3938790984375 0.4726324703125 0.3956936078125 0.45565845312500003 0.3733612859375 0.45106881874999993 0.3415267234375 0.4835376171875
0 0.3840899015625 0.43388625468750003 0.38050149218749996 0.444774503125 0.396833865625 0.450157115625 0.42866842812500006 0.41768831874999995 0.47523369843749996 0.43527077968750005 0.479157084375 0.409255928125 0.42767491093750004 0.38761905625000004 0.3840899015625 0.43388625468750003
0 0.617171928125 0.3607070296875 0.51462723125 0.301338840625 0.4418560578125 0.3723991109375 0.4426450328125 0.385976665625 0.4786052609375 0.40426550624999996 0.4777181640625 0.3880435578125 0.531226803125 0.341326659375 0.5997035984375 0.3796062765625 0.5993440156250001 0.3874822484375 0.61719253125 0.3755352640625 0.617171928125 0.3607070296875
0 0.634281271875 0.40240000781249996 0.6920005484375 0.43183103437500003 0.6911832609374999 0.4449385828125 0.7179744890624999 0.432456078125 0.71965826875 0.42074224375 0.6405792906250001 0.3756044828125 0.6003332359375 0.3987709875 0.6000228640625 0.4211482203125 0.634281271875 0.40240000781249996