0 0.622802353125 0.5524762937500001 0.6210018875000001 0.5428738078124999 0.5567852640625001 0.5110655734375 0.49736988281250005 0.5518761375000001 0.5006707375 0.5635791671875 0.5633869734375 0.5893858484375001 0.622802353125 0.5524762937500001
0 0.7131257359375 0.4837585046875 0.6438077921875001 0.43934700781249997 0.56998868125 0.4984623109375 0.5714890703125 0.5077647187500001 0.6390065484375 0.539572953125 0.7128256578125 0.49246075625 0.7131257359375 0.4837585046875
0 0.4058461890625 0.5233687578125 0.48326623125 0.556977459375 0.538480525 0.51196580625 0.538480525 0.5014630875 0.45655931718750004 0.46215291093750005 0.40644634531249996 0.5134661953124999 0.4058461890625 0.5233687578125
0 0.35183220625 0.5743819640625001 0.42145022968749996 0.5992884125 0.46586172656249997 0.5662798671875 0.46766219218750005 0.556077225 0.39324292656250004 0.5257693796875 0.352732440625 0.5668800218750001 0.35183220625 0.5743819640625001
0 0.5456823890625 0.5893858484375001 0.48236599843750005 0.563279090625 0.43975496718749996 0.5974879453125 0.44005504531249995 0.6061901984375 0.5000705812499999 0.6250950921875 0.547182778125 0.5974879453125 0.5456823890625 0.5893858484375001
0 0.4721633578125 0.44204770625 0.473063590625 0.452250346875 0.55588503125 0.49516145624999996 0.6312045281249999 0.4366463078125 0.629103984375 0.4246432015625 0.5441820015625 0.3700290625 0.4721633578125 0.44204770625
0 0.702544846875 0.5710404765625 0.756539 0.5435560875000001 0.791625453125 0.5663622828125 0.8050752593749999 0.5612942390625 0.8042955609375 0.5529124750000001 0.7518608062500001 0.5211397421874999 0.6791538781249999 0.5610993140625 0.6809082 0.5700658515625 0.7056636421875 0.5817613374999999 0.702544846875 0.5710404765625
0 0.660051253125 0.5733795734375 0.6023535296875 0.60495738125 0.604107853125 0.6129492953125 0.617752584375 0.6180173390625 0.6187272078125 0.6123645203125 0.661805575 0.5942365203125 0.697281878125 0.6110000484375 0.7120961593749999 0.6057370796875 0.7109266109375 0.597160390625 0.660051253125 0.5733795734375
0 0.5393928390625 0.6377047375 0.5401725374999999 0.6456966515625 0.55479189375 0.6507646953124999 0.5553766671875 0.6437474046875 0.5904631203124999 0.6271788015624999 0.6234054015625 0.640043834375 0.6210663046875 0.6258143281249999 0.5881240234375 0.611779746875 0.5393928390625 0.6377047375
0 0.5228242359374999 0.6907242671875 0.5249684078125 0.6854612984374999 0.47838139531249996 0.6720114921875 0.4473883609375 0.68955471875 0.4469985125 0.6952075359375 0.47740677187499997 0.6790287828125 0.5228242359374999 0.6907242671875
0 0.38559721874999997 0.6805881796875 0.4356928765625 0.6940379875 0.4659062125 0.6774693843749999 0.46629606093750003 0.67025716875 0.41483592968750005 0.654078415625 0.38598706875 0.6741556640625 0.38559721874999997 0.6805881796875
0 0.31659386093749997 0.6622652546875 0.373901734375 0.6780541578125 0.402360746875 0.6564175125 0.402165821875 0.65193424375 0.34524779843750003 0.6338062421874999 0.3169837109375 0.6568073609375 0.31659386093749997 0.6622652546875