0 0.2998680609375 0.4159038234375 0.38036311093749997 0.41244739218750004 0.3807280546875 0.40332202187500005 0.3036713828125 0.4089436 0.28867816875 0.38253060781250003 0.28466618593750004 0.39080824999999997 0.2998680609375 0.4159038234375
0 0.39428601093750004 0.41492265625 0.460717421875 0.4132901609375 0.4633571609375 0.403444709375 0.40194503125000003 0.4074927421875 0.3782413140625 0.383211353125 0.37700245468750004 0.3927384953125 0.39428601093750004 0.41492265625
0 0.45126733124999996 0.3365594640625 0.46996976406249996 0.34978518125 0.46941415937500003 0.3515878359375 0.4694534375 0.3564557359375 0.51574799375 0.35406471562499997 0.515168653125 0.34749071875 0.49323404687499994 0.3359138203125 0.45126733124999996 0.3365594640625
0 0.5272766203125 0.40188495937499996 0.5288337890625 0.3937586984375 0.498428425 0.375978484375 0.4658505640625 0.3770308046875 0.4636911578125 0.39748596875 0.47178632656249997 0.40606063593749997 0.5272766203125 0.40188495937499996
0 0.49266030625 0.3719370140625 0.4694786515625 0.35800185625 0.4668209140625 0.376487440625 0.49207606249999997 0.375625784375 0.49266030625 0.3719370140625
0 0.5005848562499999 0.37427251250000004 0.5015815140625 0.3782116734375 0.5496238984375 0.37501710781250003 0.549571525 0.368526575 0.523131509375 0.3529949703125 0.4756995578125 0.35574603125 0.478110190625 0.3609895171875 0.5005848562499999 0.37427251250000004
0 0.543821121875 0.407005778125 0.595760934375 0.40307804062499997 0.5963320859375 0.3977666359375 0.5606439578125 0.37752915625 0.514516328125 0.3788662421875 0.5134313046875 0.38571681562500004 0.543821121875 0.407005778125
0 0.693087559375 0.48219239687500004 0.6953205875 0.47418484375 0.6395405046875 0.44058804374999994 0.5832460296875001 0.4467864046875 0.578667925 0.45538729218749996 0.6340008187499999 0.4918075359375 0.693087559375 0.48219239687500004
0 0.7192414859375 0.5610896921874999 0.78526699375 0.5442123140625 0.7878819359375 0.53176305 0.7141420921875 0.48567412968749996 0.6485481828124999 0.49779607812500004 0.6480483875 0.5070429046875 0.7192414859375 0.5610896921874999
0 0.8496251671874999 0.6528706296875 0.9103389312499999 0.6248612109375 0.9174793687499999 0.61023444375 0.8101621625 0.5446776171875001 0.7421861609375 0.5657482671875 0.739968721875 0.575687803125 0.8496251671874999 0.6528706296875
0 0.756290809375 0.4751863078125 0.7572533859374999 0.46504801875 0.7012404531249999 0.43495178125 0.6540281515624999 0.44065910468749997 0.6512173781249999 0.44825356562499996 0.7060563140625 0.48170130312500004 0.756290809375 0.4751863078125
0 0.79505413125 0.539096425 0.8457543234375 0.5255803 0.851671078125 0.51461875 0.777599009375 0.47265782500000003 0.720245503125 0.4835122390625 0.722783490625 0.4938833765625 0.79505413125 0.539096425
0 0.9256019421874999 0.6176586046875 0.974062275 0.591889046875 0.9813985453124999 0.582117084375 0.8721776140624999 0.52654948125 0.8218379046875001 0.5459112453125 0.82361790625 0.5529464703125 0.9256019421874999 0.6176586046875
0 0.3588381625 0.5399056296875 0.38746335468750004 0.5308443984375 0.38877571718750004 0.5069519984374999 0.36633985468749997 0.5120498796875 0.348432696875 0.46904657031249997 0.3286946046875 0.4727178703125 0.3588381625 0.5399056296875
0 0.418734871875 0.5993131671875 0.388435825 0.5425878703125 0.35980026249999997 0.5466315859375 0.40967351093750004 0.6394191078125 0.48014137031250004 0.622133484375 0.4837473046875 0.5965156421875 0.5264824578125 0.5861259359375001 0.5062324859375 0.5571812234375 0.500467909375 0.5878755765625 0.418734871875 0.5993131671875
0 0.6190190984374999 0.7141862578125 0.5371970968750001 0.7373774296875 0.4679007109375 0.654632578125 0.47623880312500005 0.6288403234375 0.4203266171875 0.64284458125 0.41726164375 0.6588395125 0.4586769046875 0.734748103125 0.5783507046875 0.756186265625 0.6420491703125 0.7332509890625001 0.6408830812499999 0.717117546875 0.62159123125 0.701303015625 0.6190190984374999 0.7141862578125
0 0.6369769562500001 0.6570912421874999 0.6327175140625 0.6654010625 0.6271673765625 0.683660509375 0.658049165625 0.7236389562500001 0.765595759375 0.6790041578125 0.7689892953124999 0.6609347640625 0.7406393875 0.6351795765625 0.7336670875 0.6590616515625001 0.66423548125 0.68793664375 0.6369769562500001 0.6570912421874999