0 0.36550255468750004 0.5033171546874999 0.39466062343749997 0.5378140250000001 0.4147837984375 0.5300111609375 0.41765853750000004 0.5152267890625 0.3983567171875 0.5172801734375 0.3770015125 0.48647939687499997 0.36550255468750004 0.492228875 0.36550255468750004 0.5033171546874999
0 0.3983567171875 0.54931298125 0.43901374375 0.6027009953125 0.48993769531250003 0.5875059453125 0.48952701718749997 0.562454646875 0.4443525453125 0.5702575109375 0.4172478609375 0.5361713171875 0.4020528109375 0.5378140250000001 0.3983567171875 0.54931298125
0 0.45215540781249997 0.6178960453125 0.5117035765625 0.6946762234375 0.6266931453125 0.6490910734375 0.6283358531250001 0.63307466875 0.6139621578125001 0.622397065625 0.6098553875 0.63061060625 0.5375762296875 0.660179353125 0.48952701718749997 0.5944874546875 0.45420879375 0.6059864125 0.45215540781249997 0.6178960453125
0 0.6509230890625 0.6113252124999999 0.6094447093750001 0.5875059453125 0.6123194484375001 0.61255724375 0.6513337671875 0.6363765124999999 0.735933234375 0.6051650578125 0.735933234375 0.58955933125 0.7096499046875 0.5760069890625 0.7084178734375 0.590380684375 0.6509230890625 0.6113252124999999
0 0.6201223125 0.4848366890625 0.6767957421874999 0.4716950234375 0.6767957421874999 0.46307080625 0.6291572078125001 0.440894246875 0.577001225 0.45116117187500004 0.5761798703125 0.46307080625 0.6201223125 0.4848366890625
0 0.68459860625 0.46635622187500003 0.7371652656250001 0.453625234375 0.73511188125 0.4441796625 0.6866519906249999 0.42693122812500006 0.641066840625 0.43925153906250003 0.6394241328125 0.44664372500000005 0.68459860625 0.46635622187500003
0 0.695276209375 0.5267257453124999 0.753592346875 0.5090666328125 0.757288440625 0.496746321875 0.6928121468749999 0.4684096078125 0.6390134562500001 0.4860687203125 0.6373707484375 0.49346090625 0.695276209375 0.5267257453124999
0 0.767555365625 0.5020851234375 0.816836609375 0.4848366890625 0.8176579625 0.4766231484375 0.753592346875 0.45116117187500004 0.70472178125 0.4643028375 0.7034897499999999 0.4741590859375 0.767555365625 0.5020851234375
0 0.7162207375 0.53658199375 0.8024629125 0.5792924046875 0.866117853125 0.5534197515625 0.8665285296875 0.5431528265625001 0.7786436453125 0.5049598625 0.720738184375 0.5250830375 0.7162207375 0.53658199375
0 0.8780274859375 0.5513663671875 0.9318261765625 0.52631506875 0.93264753125 0.5152267890625 0.842298584375 0.4836046578125 0.7926066640625 0.50372783125 0.7926066640625 0.511941371875 0.8780274859375 0.5513663671875
0 0.33205819375 0.45671244062499994 0.3974156796875 0.44638174062499997 0.39720484843750004 0.4400568234375 0.3333231765625 0.4503875234375 0.31961918749999996 0.430569446875 0.31708922031250003 0.4368943640625 0.33205819375 0.45671244062499994
0 0.4115413296875 0.44490592656250005 0.4674114375 0.4347860578125 0.46804392968749997 0.42930446250000004 0.41491461875 0.43541854999999996 0.3963615265625 0.4206604078125 0.3950965421875 0.4286719703125 0.4115413296875 0.44490592656250005
0 0.4800612734375 0.4312019375 0.531082278125 0.4217145609375 0.5302389562500001 0.41517881250000005 0.501776825 0.4035831296875 0.47141721875 0.4075889109375 0.47141721875 0.42761781875000004 0.4800612734375 0.4312019375
0 0.47183888124999995 0.40801057187499995 0.4941869234375 0.40463728281250005 0.4937652625 0.3987340265625 0.4712063890625 0.38903581875 0.47183888124999995 0.40801057187499995
0 0.4722605421875 0.38292173125 0.4731038640625 0.3903008015625 0.515059153125 0.3835542234375 0.5167457984375 0.37891595 0.49397609375 0.371536878125 0.4577132296875 0.3753318296875 0.4722605421875 0.38292173125
0 0.5026201484375 0.40442645156249996 0.5460512515625 0.3987340265625 0.545629590625 0.3932524296875 0.521384071875 0.381656746875 0.48195875 0.387981665625 0.48195875 0.3947282453125 0.5026201484375 0.40442645156249996
0 0.5407804859375 0.42129289999999997 0.584013409375 0.41496798281249997 0.5846459015625001 0.409064725 0.555762109375 0.39514990625 0.51421583125 0.402318146875 0.51421583125 0.409064725 0.5407804859375 0.42129289999999997