0 0.143298990625 0.5255016968749999 0.24072257343749998 0.4996042890625 0.2377628703125 0.49319159843750005 0.1472452625 0.5166225859375 0.1144418796875 0.4939315234375 0.1178948671875 0.5030572765625 0.143298990625 0.5255016968749999
0 0.2589740796875 0.4961513015625 0.333213315625 0.474940090625 0.33247339062500003 0.46803411562499997 0.264400203125 0.4857923390625 0.235789734375 0.47124046093749994 0.2385027953125 0.48529905468749995 0.2589740796875 0.4961513015625
0 0.3292670453125 0.4113064609375 0.3317334640625 0.42339191718749997 0.3709495390625 0.41401952187499996 0.371689465625 0.4085933984375 0.3433256375 0.40094749687500003 0.3164416609375 0.4068669046875 0.3292670453125 0.4113064609375
0 0.3443122046875 0.47050053593749996 0.40228786875000005 0.45471544843749995 0.40228786875000005 0.4458363375 0.36455164687499997 0.43572401562499996 0.333213315625 0.4433699171875 0.3351864515625 0.4655676953125 0.3443122046875 0.47050053593749996
0 0.3317334640625 0.4421367078125 0.35467116875000004 0.4376971515625 0.35319131718749996 0.4317777453125 0.331486821875 0.4251184109375 0.3317334640625 0.4421367078125
0 0.366278140625 0.43597065781250005 0.4121535484375 0.4251184109375 0.41190690625000004 0.41969228750000004 0.378363596875 0.41105981875 0.33446132500000003 0.4216654234375 0.33396804062499996 0.42758483125 0.366278140625 0.43597065781250005
0 0.4136334 0.45027589375000004 0.4627151546875 0.4389303625 0.4624685125 0.43103781874999997 0.4230057953125 0.42092549687499997 0.3778703140625 0.4335042390625 0.3773770296875 0.4391770046875 0.4136334 0.45027589375000004
0 0.20408926562500002 0.5818118875 0.2596401890625 0.6317272109375 0.29466142500000003 0.616833121875 0.29224616718749996 0.593888175 0.2584325609375 0.6035492046875001 0.22663167031250003 0.5705406843749999 0.2234113265625 0.5612821968749999 0.200868921875 0.5685279703125 0.20408926562500002 0.5818118875
0 0.2741317359375 0.6514518140625001 0.35866575 0.7303502281250001 0.4391743359375 0.6727865890625 0.43675907968749994 0.6417907828125 0.46211928437500005 0.6268966953125 0.437564165625 0.6067695484375 0.43675907968749994 0.6317272109375 0.354237778125 0.678422190625 0.295869053125 0.6313246671875 0.2982843109375 0.6240788953124999 0.274936821875 0.6333373812499999 0.2741317359375 0.6514518140625001
0 0.389923425 0.740750709375 0.6333411984375 0.7389307640625 0.6447158609375 0.732105965625 0.63834605 0.716636425 0.6210565625 0.704351790625 0.615596725 0.71982133125 0.5951223328124999 0.7375658046875 0.46590616875 0.7375658046875 0.44315684375000003 0.7220962640625 0.4472517234375 0.68569734375 0.3830986265625 0.7307410062499999 0.389923425 0.740750709375
0 0.6601854015625 0.7193663453125 0.7266134296875 0.6392887218750001 0.7279783890625 0.6260941140625 0.6979492796875 0.6128995046875 0.6974942937499999 0.6288240328125 0.651085671875 0.6779625734375 0.6210565625 0.6638579921875001 0.61832664375 0.695707046875 0.6601854015625 0.7193663453125
0 0.48493555937500005 0.48633890781250005 0.53608235625 0.5016829453125 0.5418363703125 0.507756628125 0.585311146875 0.48953558125 0.5837128093749999 0.480265225 0.5252136609375 0.4626835140625 0.4711898578125 0.4831422328125 0.47023085625 0.49273225624999994 0.48493555937500005 0.48633890781250005
0 0.608646871875 0.5362070328125 0.6182368968749999 0.5291743484375 0.6409332875 0.5381250375 0.6492446421875 0.5410020453125 0.683768728125 0.5192646578125 0.6821703921875 0.5074369609375 0.604171528125 0.485699571875 0.555582071875 0.5115926375 0.5559017390625 0.520223659375 0.608646871875 0.5362070328125
0 0.59394216875 0.48186356249999995 0.6348596046874999 0.46460151875 0.6339006031250001 0.4572491671875 0.5747621203125 0.4422247953125 0.5338446828125 0.45756883437500007 0.533525015625 0.467158859375 0.59394216875 0.48186356249999995
0 0.6908014140625001 0.510953303125 0.7256451687500001 0.48729790937499995 0.7237271625 0.4789865546875 0.651162646875 0.4617245109375 0.6121632140625 0.4821832296875 0.6131222171874999 0.48985525 0.6908014140625001 0.510953303125
0 0.7087027921875 0.55858375625 0.7087027921875 0.5723294578125 0.7774312984375 0.594066846875 0.8113160515625 0.55378874375 0.8116357187500001 0.5419610484375 0.7067847875 0.5151089796874999 0.6642690124999999 0.5473953953125 0.7087027921875 0.55858375625
0 0.8173897328124999 0.5464363921875 0.843602465625 0.5151089796874999 0.84456146875 0.50232228125 0.7515382328125 0.4821832296875 0.717014146875 0.5099943 0.7179731484375 0.5179859875 0.8173897328124999 0.5464363921875