0 0.6827197546875 0.4424706734375 0.6814745546875 0.43562553125000003 0.6665512546875 0.45291094374999996 0.60414643125 0.442853759375 0.602095421875 0.4486665921875 0.6642815390625 0.46008463906249997 0.6827197546875 0.4424706734375
0 0.6071006156250001 0.4215725234375 0.5872801796875 0.43711029999999995 0.5355016234375001 0.4285700859375 0.5323147328125 0.43615087499999994 0.5914166859375001 0.44512437499999996 0.6057192578125 0.4307121109375 0.6071006156250001 0.4215725234375
0 0.530783278125 0.383891059375 0.5446525624999999 0.376802190625 0.5053512734375001 0.370923421875 0.4878016359375 0.3788644203125 0.48711095625 0.3834342140625 0.524853446875 0.3911185140625 0.532219484375 0.3891088921875 0.530783278125 0.383891059375
0 0.53163316875 0.4226988875 0.529462096875 0.40708270312500006 0.5001951640625 0.4038227375 0.47190449843750004 0.4146308171875 0.47085515468750005 0.4222489171875 0.521985671875 0.4329160140625 0.53163316875 0.4226988875
0 0.5084026703125 0.40610419531249997 0.528219321875 0.4082828375 0.53130339375 0.3890929015625 0.5087986453125 0.4009183453125 0.5084026703125 0.40610419531249997
0 0.519887678125 0.3956136859375 0.5193728921874999 0.3901064796875 0.4825624828125 0.38152207968749996 0.4545825109375 0.3920301265625 0.455992065625 0.3987747765625 0.5004951984375 0.40413343125 0.519887678125 0.3956136859375
0 0.486325878125 0.41091160625 0.4861644296875 0.402661459375 0.4481325640625 0.3940557390625 0.41524012343749994 0.40600532031250003 0.41389074687500005 0.41331272500000005 0.45989404531250005 0.42022485 0.486325878125 0.41091160625
0 0.42440566874999996 0.4583983890625 0.423360109375 0.44830007031249997 0.37223492187499996 0.4373276078125 0.3239517078125 0.45603404531249997 0.324386540625 0.46612170312499995 0.3806282890625 0.48145986875 0.42440566874999996 0.4583983890625
0 0.3626087453125 0.44632328125000004 0.3606630859375 0.4352928796875 0.317155996875 0.4253697625 0.26646185624999996 0.44220137656249997 0.267250025 0.4495460953125 0.3156002890625 0.461997403125 0.3626087453125 0.44632328125000004
0 0.36289055000000003 0.48267753906250005 0.3048486015625 0.4654752109375 0.2439068984375 0.4919025671875 0.2422041859375 0.5019529140625 0.302641071875 0.5219461546875 0.3633626921875 0.49062765312499995 0.36289055000000003 0.48267753906250005
0 0.2952650671875 0.47202797500000004 0.2963304015625 0.4634937859375 0.24924423281250002 0.4486208890625 0.1822485578125 0.47188800468750003 0.1833314296875 0.47984877812500004 0.23526077500000003 0.49724986718749997 0.2952650671875 0.47202797500000004
0 0.27973347187500003 0.5218517578124999 0.219928634375 0.5006477234375 0.1328178203125 0.5388365609375 0.1344634484375 0.5495562656249999 0.1926668453125 0.5750087390624999 0.282005815625 0.5316660343749999 0.27973347187500003 0.5218517578124999
0 0.20852890781250003 0.506252415625 0.2092995390625 0.49710216875 0.1555486734375 0.47905837343749996 0.0697765765625 0.51055053125 0.0696273328125 0.5191007109375 0.11931252968749999 0.5425717609375 0.20852890781250003 0.506252415625
0 0.6338944265625 0.5040709609375 0.6340513156250001 0.49508276875 0.6204331921875 0.49232760468750003 0.599791321875 0.5210979124999999 0.585472971875 0.5172516125 0.5837336328125 0.5344838375000001 0.6052237093749999 0.5395342328125 0.6338944265625 0.5040709609375
0 0.6003929609374999 0.5484408421875 0.5997931421875 0.5415972640625 0.5829643718749999 0.5373475078125 0.5557254921875 0.5731954109374999 0.5070430984375001 0.560117990625 0.507278934375 0.5878141718750001 0.5591719734375 0.6023861828125 0.6003929609374999 0.5484408421875
0 0.372309084375 0.6350882 0.3699699265625 0.6454768484375 0.483818325 0.695655465625 0.5433796796875 0.6211712984375 0.5450813640625001 0.6060962390625 0.50465555625 0.5938822140625 0.5076214546875 0.609398384375 0.46786368125 0.6619307156249999 0.387534759375 0.628161221875 0.3869725921875 0.619160478125 0.372309084375 0.6350882
0 0.262158190625 0.5997192484375 0.348157975 0.6382630125000001 0.3871483078125 0.6090937015625 0.3854053296875 0.5853272234375 0.3505078640625 0.60665595625 0.2879168515625 0.586862290625 0.2896436390625 0.57034911875 0.2631282703125 0.5853506921875 0.262158190625 0.5997192484375