0 0.6731576703125 0.5686357296875 0.672563790625 0.572991703125 0.7247048171875 0.596563009375 0.7645917890625 0.5679437171874999 0.7661632421875 0.5588862890625 0.686178071875 0.5294686359375 0.6406487328125 0.554136309375 0.6731576703125 0.5686357296875
0 0.772534790625 0.562876121875 0.8030012937500001 0.5396125875 0.8038817828125 0.5297877640624999 0.7300388703125 0.5087350234375 0.6933345703125 0.5254565953125 0.6937962484375 0.5305990703125001 0.772534790625 0.562876121875
0 0.6720737046874999 0.5265359078125 0.7065904640625 0.50969969375 0.7081045953125 0.5017360359375 0.6480587812499999 0.4825031453125 0.610682625 0.49809273125000003 0.6107988203125 0.502851509375 0.6720737046874999 0.5265359078125
0 0.557054325 0.516852084375 0.5569412328125 0.5259859421875 0.627733671875 0.5494379546875 0.6635750390624999 0.535230296875 0.66556840625 0.52509820625 0.6051182374999999 0.49962907031250003 0.557054325 0.516852084375
0 0.49017528906249996 0.48848688593749995 0.49199978906249997 0.4955287421875 0.5424134015625001 0.517181559375 0.5863330718750001 0.502300496875 0.585697878125 0.4934930125 0.540197453125 0.4757535984375 0.49017528906249996 0.48848688593749995
0 0.59536984375 0.497290221875 0.630751084375 0.48488640937499994 0.63295618125 0.47769014531250004 0.5844434984375 0.461620821875 0.5461646453125 0.4735071859375 0.5473172875000001 0.47941705625 0.59536984375 0.497290221875
0 0.671616175 0.6259527953124999 0.6729376828125 0.61468871875 0.6511753734375 0.6044084187500001 0.650659475 0.61425235 0.6048435265625 0.6443888734375001 0.5797028203125 0.628813240625 0.5775757031250001 0.6414974625000001 0.5970358265625 0.6538506578125001 0.5937369593749999 0.6609896 0.6097040421875 0.6702350015625 0.671616175 0.6259527953124999
0 0.505801875 0.7414099281250001 0.5912276953125 0.680965621875 0.592108184375 0.6711407984375 0.5759102625 0.659324159375 0.5752781687499999 0.6644093125 0.515015471875 0.705122046875 0.45049283906250004 0.659697546875 0.4527330515625 0.6378794671875 0.41063788125 0.6598023859375 0.4103910359375 0.671488375 0.49097938750000003 0.7382279640625 0.505801875 0.7414099281250001
0 0.3322179625 0.5935420312499999 0.3345614609375 0.6046325921875 0.3921011109375 0.6577341421875 0.45173326718749995 0.6290528765625 0.45205344218750004 0.6020158906249999 0.3897529609375 0.6258046265625 0.349831378125 0.5853253265625 0.3322179625 0.5935420312499999
0 0.3497533984375 0.57983736875 0.349307728125 0.5604376671875 0.3247097796875 0.5693851015625 0.2955761390625 0.54628838125 0.2945381421875 0.5381909703125001 0.278133140625 0.5442774578125 0.2798812125 0.5527776734375001 0.32106853125 0.590032984375 0.3497533984375 0.57983736875
0 0.20448614062499998 0.4846199765625 0.22801324374999998 0.5049818187499999 0.30103630937500003 0.48967995625 0.2993039671875 0.4854901296875 0.23064498125 0.4994591671875 0.2052733171875 0.47704873281250004 0.20331653906249997 0.477141375 0.20448614062499998 0.4846199765625
0 0.30016255625 0.47655628437499997 0.3001115484375 0.477529571875 0.31618817187500003 0.4873509546875 0.37580109375 0.4746645640625 0.3766503078125 0.469634071875 0.320335534375 0.4789798515625 0.29934063593750004 0.4661680203125 0.30016255625 0.47655628437499997
0 0.3791587984375 0.462738615625 0.386650084375 0.47250044375 0.43625385781250003 0.46085103437499997 0.43535115312499995 0.455728728125 0.402717603125 0.441526171875 0.37905264375000003 0.4461417109375 0.3791587984375 0.462738615625
0 0.4461193578125 0.4588305640625 0.488296365625 0.45108616250000005 0.48858200937499996 0.4456357515625 0.45547753125 0.43297005312500003 0.41428401406250004 0.4405708046875 0.415022665625 0.44509893749999996 0.4461193578125 0.4588305640625
0 0.4056068625 0.44226316875 0.44463874375 0.434939515625 0.4453035015625 0.42970416250000004 0.41649252031249995 0.42077693906249997 0.37831068125 0.42677879531249996 0.3783217109375 0.43029283281249997 0.4056068625 0.44226316875
0 0.38697763125 0.4252810875 0.41061198593750003 0.421249521875 0.41096986874999997 0.4181452 0.386830671875 0.40946281406249996 0.3561478359375 0.41390575468749996 0.37734676718750004 0.42282443281250004 0.38697763125 0.4252810875