0 0.657686278125 0.651040421875 0.5703780093749999 0.6593309515625 0.5428775124999999 0.5952012812499999 0.545923525 0.5810949359375 0.5233819328125 0.5800539125 0.5215197500000001 0.59078165 0.5570890609375 0.6883046734375 0.685199940625 0.6772406140625 0.687849465625 0.6634330453125 0.6644792046875 0.6254077265625 0.657686278125 0.651040421875
0 0.552047496875 0.545087771875 0.5211195156249999 0.5457041046875 0.5069173499999999 0.500459315625 0.49038885312499997 0.50203586875 0.49050347656250004 0.508787446875 0.5143265890625 0.5713368 0.547883421875 0.569671934375 0.552047496875 0.545087771875
0 0.4900205671875 0.44916384843749996 0.47179712812499996 0.44766620625 0.47176518125 0.45546068125000005 0.48576065 0.49713143593750003 0.5063141625 0.49718405624999995 0.5097021703125 0.4806442875 0.50146235 0.48125874843750005 0.4900205671875 0.44916384843749996
0 0.5178630203125001 0.642024496875 0.5152736265625 0.6604489953125 0.4151631015625 0.671548765625 0.4089583640625 0.5845336359375 0.3747551234375 0.5857531578125 0.3736783703125 0.7018773031250001 0.525960015625 0.687829253125 0.5284141140624999 0.6754122125 0.5178630203125001 0.642024496875
0 0.3705497390625 0.5046909921875 0.371712875 0.5796536234375 0.41028312656250004 0.57762985 0.4084829640625 0.550080478125 0.3873319 0.5492348796875001 0.38574220000000004 0.5050536625000001 0.3705497390625 0.5046909921875
0 0.587787871875 0.411856378125 0.5877221046875001 0.4047571671875 0.5677699078125 0.38529164374999997 0.5227844390625 0.38251433281249997 0.5196895703125 0.396968309375 0.5271157390625001 0.4097104359375 0.587787871875 0.411856378125
0 0.451433425 0.3781585765625 0.4455293171875 0.379810296875 0.4442045546875 0.38671408125 0.4549228921875 0.40629986249999994 0.5163936375 0.410330534375 0.516181303125 0.40427421875 0.4576870390625 0.399243871875 0.451433425 0.3781585765625
0 0.5740272859375 0.38617106093750003 0.6241238859375 0.387894203125 0.6244602453125 0.38297849687499996 0.60525780625 0.36574533593749997 0.557198140625 0.3646629640625 0.55646529375 0.3698774453125 0.5740272859375 0.38617106093750003
0 0.5551123484375 0.364369825 0.598902715625 0.3655611828125 0.5996900562499999 0.36248135000000004 0.58401843125 0.347871403125 0.54241156875 0.346277921875 0.5400927671875 0.3526875046875 0.5551123484375 0.364369825
0 0.5992597296875 0.4134686421875 0.6546685250000001 0.41522936718750003 0.657530384375 0.40747811250000004 0.6309243203125 0.3874319484375 0.5820228234375 0.38729476093750004 0.5813876890625 0.39181397812499996 0.5992597296875 0.4134686421875
0 0.6115658921875 0.4545474828125 0.6097469296875 0.4624453078125 0.6433018703125 0.50367448125 0.7162764203124999 0.5015229421875 0.71933370625 0.492381159375 0.680923190625 0.4554325546875 0.6115658921875 0.4545474828125
0 0.7346952828125 0.50163005625 0.8015646625 0.500038484375 0.8033347703124999 0.49248829218749995 0.7546963546875001 0.45516574531250004 0.694431984375 0.45768559062499997 0.690624940625 0.4645950109375 0.7346952828125 0.50163005625
0 0.8050954578124999 0.5682438999999999 0.8825835890624999 0.5642452125 0.8878243796874999 0.554701303125 0.82044014375 0.5044637515625 0.7495025281250001 0.5072560625 0.7468849515625 0.51326915625 0.8050954578124999 0.5682438999999999
0 0.655474628125 0.507866740625 0.6551006859374999 0.5180946390625001 0.7002533796875 0.5726522187499999 0.787274146875 0.5689297625 0.791325471875 0.5602821812500001 0.7314256609374999 0.504715525 0.655474628125 0.507866740625
0 0.7212202890625 0.57985290625 0.7171201078125 0.5888481203125 0.791688103125 0.676254121875 0.8924938921875001 0.665252065625 0.8961919484375 0.654073346875 0.8091317453125001 0.5748376359375 0.7212202890625 0.57985290625
0 0.9163771562499999 0.6668361468749999 0.98243665 0.6583952828124999 0.9866383078125001 0.6284989249999999 0.916114109375 0.5728571015624999 0.8320698249999999 0.5755798828125 0.8289148265625 0.5854169312499999 0.9163771562499999 0.6668361468749999