0 0.6515549 0.6123992921875 0.615225778125 0.5887063859375 0.61246160625 0.6100300015625 0.6187797140625 0.60884535625 0.6397084484375 0.6254303890624999 0.63654939375 0.6301689703125 0.648790728125 0.641225659375 0.7340851875000001 0.6037118921875 0.736059596875 0.592655203125 0.7080229921875001 0.5764650515625 0.7092076375 0.591865440625 0.6515549 0.6123992921875
0 0.5382238359375 0.6613646296875 0.48807385312499996 0.60963511875 0.49123290624999993 0.5930500859375 0.4529293765625 0.606870946875 0.45332425781249996 0.6171378734374999 0.46201165624999996 0.6274047984375 0.4667502375 0.6250355078125 0.478596690625 0.640830778125 0.47583251875 0.6467540046875 0.48373015312499995 0.658205575 0.48965337968749995 0.6562311671875001 0.50544865 0.675185490625 0.5018947140625001 0.685057534375 0.5165053390625001 0.699273278125 0.6274671140625 0.6495181765625 0.62628246875 0.636092196875 0.6112769609375001 0.6226662171874999 0.6104871984375 0.630563853125 0.5382238359375 0.6613646296875
0 0.4429689984375 0.5750767359375 0.41509845468749995 0.5410401421875 0.41559173749999995 0.5374638328125 0.4010398609375 0.541286784375 0.4020264296875 0.5501658953125 0.40621934218750005 0.5563319453125 0.4106588984375 0.55559201875 0.418798084375 0.56693755 0.4163316640625 0.5698972546875 0.422251071875 0.5772965140624999 0.4244708484375 0.5733502421875001 0.4340898859375 0.58691555 0.43384324375 0.5943148093749999 0.440502578125 0.6024539953125 0.49155746875000006 0.5851890562500001 0.49081754218749996 0.562251353125 0.4429689984375 0.5750767359375
0 0.3977430671875 0.5183495296875 0.379000303125 0.4967232640625 0.3793607421875 0.490235384375 0.3665652015625 0.4923980109375 0.3663849828125 0.5008682984374999 0.3710706734375 0.506455084375 0.37449483125 0.5057342078125 0.378099209375 0.5109605562499999 0.377198115625 0.5143847140625 0.3806222734375 0.5205121562499999 0.38548818281249997 0.5205121562499999 0.38873212343749997 0.5262791609375 0.38873212343749997 0.5318659453125 0.3934178140625 0.53709229375 0.41576495468749997 0.5318659453125 0.4145034234375 0.5230352203125 0.41522429843750003 0.516727559375 0.3977430671875 0.5183495296875
0 0.3194695890625 0.4394060125 0.3341398375 0.458491578125 0.3982331578125 0.44695478125 0.39780586875 0.4419697453125 0.335279275 0.45193981718750004 0.3210363140625 0.43199967343749995 0.3186150109375 0.43256939218749996 0.3194695890625 0.4394060125
0 0.3962391421875 0.429435940625 0.4124761171875 0.444533478125 0.46887823749999996 0.4354179828125 0.46887823749999996 0.42986322968749996 0.415324709375 0.4371271390625 0.3973785796875 0.4200355875 0.3962391421875 0.429435940625
0 0.47591847343750004 0.42592820312499996 0.476405471875 0.431041678125 0.5302187140625 0.42398021249999995 0.5296099671875 0.41618825 0.5028250953125 0.40364805937500003 0.4712919953125 0.4083962875 0.47177899375 0.4242237109375 0.47591847343750004 0.42592820312499996
0 0.5182872703125 0.41010077968749997 0.52400949375 0.40961378125000003 0.5253487375 0.41070952656250004 0.5248617390625 0.414240259375 0.529975215625 0.415579503125 0.536427934375 0.4150925046875 0.5367931828125 0.42069297812500006 0.5861016968749999 0.41460550781250005 0.5863451953125 0.40949203125 0.5544468484375 0.39549084843750004 0.5131737953125 0.402430565625 0.51353904375 0.40863978593750006 0.5182872703125 0.41010077968749997
0 0.48584105156249996 0.39536910000000003 0.49016315468749994 0.394760353125 0.4917458984375 0.394760353125 0.4916241484375 0.39786496250000003 0.5006336046875 0.39914333125 0.50172935 0.4040133078125 0.5117128015625 0.40376980937500007 0.546654884375 0.39756058906249997 0.5461678875 0.3935428578125 0.52145275625 0.38307240781249996 0.4812754484375 0.388064134375 0.48200594375000005 0.39402985625000003 0.48584105156249996 0.39536910000000003
0 0.473605234375 0.38940337812500003 0.48151894687499996 0.389890375 0.5150000359375 0.3838029046875 0.515487034375 0.380272171875 0.4934503890625 0.3715062140625 0.45753431093749997 0.376254440625 0.4740922328125 0.3858726453125 0.473605234375 0.38940337812500003
0 0.7186868125 0.5336764374999999 0.7298877593750001 0.540859653125 0.736218728125 0.538302915625 0.7528983984375001 0.5464601265625 0.7516809046875 0.5546173375000001 0.7681170749999999 0.5599743125 0.7712825609375 0.5564435796875 0.7919799609375 0.5665487812500001 0.79051896875 0.5730014999999999 0.8059811453125001 0.5807934625 0.866977603125 0.5547390875 0.8686820953125001 0.5443903859375 0.778831025 0.505065325 0.719173809375 0.525397478125 0.7186868125 0.5336764374999999
0 0.8040331546875 0.516022771875 0.81133811875 0.5124920390625001 0.828870034375 0.520771 0.8266785453125 0.5262497234375 0.841531975 0.53124145 0.84786294375 0.5284412125 0.868073346875 0.536233175 0.86624710625 0.542320646875 0.8812222843749999 0.550234359375 0.9306525484374999 0.5267367203125 0.9327222890625 0.5183360109375 0.84262771875 0.48558541718750003 0.792345209375 0.502995584375 0.792588709375 0.51030055 0.8040331546875 0.516022771875
0 0.712842840625 0.4771847078125 0.7185650625 0.4759672140625 0.7298877593750001 0.47961969687500006 0.7290355125 0.484733171875 0.7384102171875 0.48862915312500005 0.745349934375 0.4864376640625 0.7588641203125001 0.49276863281249994 0.757037878125 0.4975168609375 0.7688475718750001 0.5016563406250001 0.8169385921875 0.486194165625 0.8190083328125001 0.47767170625000005 0.7511939062499999 0.45246957656250003 0.7039551328125 0.4662272609375 0.7041986312499999 0.4731669765625 0.712842840625 0.4771847078125
0 0.6456371609375 0.497882109375 0.65208988125 0.49593411875 0.660612340625 0.49995184843749996 0.6609775875 0.505552321875 0.6707175421875 0.5099353015625 0.6766832625 0.5078655609375 0.6888582046875 0.514927028125 0.689223453125 0.5204057515625 0.6993286546874999 0.52466698125 0.75642913125 0.5073785640625 0.7574031265625 0.49836910625 0.6947021765625 0.470244990625 0.637114703125 0.48461142187500006 0.6366277046875 0.49386437812499995 0.6456371609375 0.497882109375
0 0.5823274640625 0.463061775 0.5884149359374999 0.461113784375 0.595111153125 0.46500976562499996 0.595232903125 0.4695144953125 0.60241611875 0.47231473125 0.6072860953125 0.471827734375 0.614834559375 0.47474972031249996 0.61532155625 0.47888919999999996 0.6193392875 0.48302867968749996 0.6768050125 0.4701232421875 0.6768050125 0.4623312796875 0.6276182484375 0.44102513125 0.5757529953125 0.4523478265625 0.57623999375 0.46038328906250003 0.5823274640625 0.463061775
0 0.6456371609375 0.4478430984375 0.653307375 0.4471126015625 0.6593948453125 0.44918234218749997 0.659273096875 0.45295657343749995 0.6654823171875 0.4569743046875 0.6737612765625001 0.45563506093750006 0.6809444921875001 0.45807005 0.679970496875 0.46500976562499996 0.690440946875 0.4662272609375 0.7348794843750001 0.45417406875 0.7360969796875 0.44747785 0.6858144687500001 0.42848494062500003 0.6393061921875 0.438955390625 0.639549690625 0.445529859375 0.6456371609375 0.4478430984375