0 0.6318311328124999 0.54508744375 0.694877640625 0.5303811406250001 0.711975171875 0.547544696875 0.7117783453125 0.538928465625 0.6943077109375 0.5206835578125 0.6291364609375 0.539753228125 0.6318311328124999 0.54508744375
0 0.5614086078125 0.5646165421875 0.6171966171875 0.5497097796875 0.63505075625 0.565971646875 0.632978009375 0.55501305 0.6152343734375 0.543197490625 0.5597711078125001 0.5586328390624999 0.5614086078125 0.5646165421875
0 0.5005352000000001 0.5755122453125 0.5004660421875 0.5810882640624999 0.529157875 0.5938954703125 0.5609868921875 0.5852623234375 0.5585894015624999 0.5737751421875 0.558969521875 0.5653869312500001 0.5514934 0.5626990265625 0.5005352000000001 0.5755122453125
0 0.5604976781250001 0.5853548640625 0.5383553984375 0.591101509375 0.5383212187499999 0.5955488546875001 0.562471715625 0.6054992078125 0.5604976781250001 0.5853548640625
0 0.562508465625 0.6059192640625 0.5585442046875 0.6041497328125 0.5191165765625 0.6131017390625 0.5183971859375001 0.6169741234375 0.54230880625 0.6241941093750001 0.57821060625 0.6136458499999999 0.5623456609375 0.6088964109375 0.562508465625 0.6059192640625
0 0.48838427187500005 0.6077483 0.514204521875 0.6150129390625 0.5509385328125 0.6067198671875 0.551437421875 0.6003271406249999 0.52934255625 0.5921016671875 0.4874864625 0.6023243140625001 0.48838427187500005 0.6077483
0 0.44641554687499996 0.5949124859375 0.47873087031250006 0.6062648687500001 0.518258278125 0.5960343171875 0.520208990625 0.5893029390625 0.4907789375 0.57706321875 0.445801265625 0.5903102375 0.44641554687499996 0.5949124859375
0 0.3536669125 0.5531622984375 0.4030555203125 0.5682594625 0.45071091093750004 0.552630290625 0.4499093890625 0.5434688546875 0.405271340625 0.5244544421875 0.351629384375 0.5444273296875 0.3536669125 0.5531622984375
0 0.29801893281249997 0.5720373703125 0.347091628125 0.587162175 0.3887723375 0.572374046875 0.390032115625 0.5649422484375 0.3415636046875 0.54944625625 0.2952271390625 0.5655966968749999 0.29801893281249997 0.5720373703125
0 0.2702983359375 0.517163271875 0.27038511875000004 0.5254322499999999 0.33520198125 0.545864540625 0.3871695796875 0.528584778125 0.3881806109375 0.5183097765625 0.325792371875 0.49289006406249997 0.2702983359375 0.517163271875
0 0.21444886406250002 0.5446508718749999 0.21603228749999998 0.5518339234375 0.2785667421875 0.5680092828125 0.3260562984375 0.5504846390625 0.324472875 0.5433015890624999 0.262293859375 0.5239118359375 0.21444886406250002 0.5446508718749999
0 0.1626045671875 0.48329242343749995 0.16232016093749999 0.4909572171875 0.245617709375 0.5225058437500001 0.3050251234375 0.49566195156250004 0.3052937765625 0.48417858125 0.21805134375000002 0.447563484375 0.1626045671875 0.48329242343749995
0 0.1056769 0.5239258687499999 0.190439584375 0.5467514125 0.2362785546875 0.5249145609375 0.235943025 0.5138023796875 0.1505327640625 0.4872135375 0.1039552828125 0.5151632609375 0.1056769 0.5239258687499999
0 0.6258591671875 0.44733016875000003 0.6038409421875001 0.4546224609375 0.605715646875 0.47264304218750003 0.622963359375 0.468749196875 0.644922040625 0.4948502265625 0.656471075 0.490560628125 0.6575214140625001 0.48212170624999995 0.6258591671875 0.44733016875000003
0 0.569949140625 0.38753219687499996 0.521426890625 0.4087695078125 0.525660834375 0.43671935937499995 0.569527234375 0.41678370625000005 0.60425145 0.45249978906250005 0.61796016875 0.44563637656250005 0.615985553125 0.43328859218750004 0.569949140625 0.38753219687499996
0 0.5209351140625 0.403148478125 0.5575866031250001 0.38593080625 0.5558819484375 0.37326129531249996 0.48643351875 0.30182912812499996 0.38335359062499996 0.3639107015625 0.38377134062499996 0.3755003703125 0.3985448828125 0.3876227203125 0.3992734953125 0.37891383749999996 0.46979559843749996 0.339952059375 0.5206949234375 0.38677354375 0.5209351140625 0.403148478125
0 0.36015534374999997 0.4020113703125 0.3985888703125 0.422199415625 0.399491421875 0.4018490984375 0.3616459609375 0.3747531171875 0.28126110625 0.42024183125 0.2828363453125 0.4314321234375 0.3069881046875 0.4451188515625 0.3088705875 0.42915442343750004 0.36015534374999997 0.4020113703125