0 0.46165797187499996 0.418647 0.48623983906249996 0.41825615000000005 0.48569918124999995 0.41248914687499993 0.455310175 0.413741884375 0.420279728125 0.413570459375 0.41973907187500004 0.41933746406249994 0.46165797187499996 0.418647
0 0.5625443265625 0.41659869531249993 0.5634454203125 0.411372346875 0.4996479375 0.411372346875 0.49946771874999996 0.418941540625 0.5625443265625 0.41659869531249993
0 0.5669769671875 0.3626049328125 0.566616528125 0.3681917171875 0.5997768031249999 0.3685521546875 0.5994163640625 0.36422690156250004 0.5904054203125 0.3510709234375 0.5586868984375 0.35233245625 0.5669769671875 0.3626049328125
0 0.6154922609375 0.387582525 0.6162131359374999 0.38271661562500003 0.6026967203125 0.3673980109375 0.5653914125 0.3675782296875 0.5653914125 0.38776274375 0.6154922609375 0.387582525
0 0.5743054140625 0.4157672671875 0.637201803125 0.41504639218749995 0.6379226796874999 0.40765741718750004 0.6215227609375 0.387653121875 0.5645735953125001 0.3892750921875 0.5651142515625 0.3981058171875 0.5743054140625 0.4157672671875
0 0.6127170765625001 0.36790318125 0.6601146421874999 0.3653801171875 0.659934421875 0.3612350828125 0.6456971312500001 0.35024173125 0.6004621921875 0.3522241390625 0.5999215359375001 0.35763070468749997 0.6127170765625001 0.36790318125
0 0.6276761734375 0.3874751375 0.68300336875 0.3860333859375 0.68282315 0.3799059453125 0.6655221375 0.36584887187500004 0.616682821875 0.3683719359375 0.6150608515625 0.37630156718749996 0.6276761734375 0.3874751375
0 0.651435278125 0.41482975624999996 0.7136107921875 0.41338800625000005 0.7143316671875 0.40491771875 0.6918043078125 0.38635517343750003 0.6361166734375 0.3874364875 0.633593609375 0.39572655625 0.651435278125 0.41482975624999996
0 0.6777057734375 0.5025040781250001 0.768401540625 0.49896473124999996 0.768401540625 0.487904271875 0.7294687234375 0.45074112812499995 0.6516030890625 0.4551653125 0.650718253125 0.4644560984375 0.6777057734375 0.5025040781250001
0 0.7852134390625001 0.4997696171875 0.8683880937499999 0.49888478125 0.8714850234375 0.48782432187499997 0.819722071875 0.4519884328125 0.746280621875 0.4559701984375 0.74318369375 0.46526098437499996 0.7852134390625001 0.4997696171875
0 0.7294687234375 0.574900021875 0.8334370421875 0.571360675 0.843612665625 0.5580881234375 0.7816740921875 0.5041130828125 0.6892086515625 0.509422103125 0.6883238140625 0.5173856328124999 0.7294687234375 0.574900021875
0 0.8650505453124999 0.5698727515625001 0.9668067718750001 0.566333403125 0.9681340281249999 0.5548305265625 0.8986743421875 0.5008554843749999 0.8031119734375001 0.5057220859375 0.805324065625 0.5167825453125 0.8650505453124999 0.5698727515625001
0 0.8216935453125 0.690331628125 0.9601704968749999 0.683252934375 0.9632674250000001 0.672192475 0.8694747296875001 0.5837087999999999 0.7562156250000001 0.5885754015625 0.751791440625 0.59919344375 0.8216935453125 0.690331628125
0 1 0.5752940375 0.9812839609375 0.5704758390625 0.8944201312500001 0.57939688125 0.88758205625 0.5882863781250001 0.9908369796875001 0.6860708421874999 0.9989806953125001 0.6757714125 1 0.5881725734375001 1 0.5752940375
0 0.36593015156250003 0.696741071875 0.515447178125 0.6887401609375 0.502445696875 0.5847283171875 0.49994541249999996 0.66223714375 0.4034344234375 0.6697379984375 0.3924331703125 0.610731278125 0.39693368281249997 0.5932292859375 0.38043180312499997 0.5862284890625 0.361929696875 0.686739934375 0.36593015156250003 0.696741071875
0 0.69370239375 0.681209140625 0.667199375 0.615201625 0.6566981796875 0.6572064078125 0.5616873609375 0.6617069203125 0.5476857671875 0.595199346875 0.551186165625 0.5896987203124999 0.529183659375 0.5921990046875 0.547185709375 0.694710678125 0.69370239375 0.681209140625