0 0.304017965625 0.537173425 0.306314465625 0.54315769375 0.319882578125 0.52232975625 0.3820500703125 0.5228106390625 0.3836265 0.51676721875 0.31636710625000003 0.514576178125 0.304017965625 0.537173425
0 0.38249497187500003 0.53633246875 0.382613271875 0.5440783296875 0.3964411234375 0.528550596875 0.45440136718749996 0.5267118375 0.453123246875 0.5210696 0.3993188171875 0.5179578984375001 0.38249497187500003 0.53633246875
0 0.4628458453125 0.5715539921875 0.4498789109375 0.578815975 0.487023609375 0.579553284375 0.506313365625 0.5675172609375 0.50574218125 0.563453078125 0.4672560296875 0.5623862421875 0.46227878125000005 0.565676034375 0.4628458453125 0.5715539921875
0 0.46433831875 0.5213517375000001 0.4568086015625 0.5304398531250001 0.46032769218749997 0.5462640734375 0.4917770453125 0.5470247265625 0.5136151515625 0.5310041546875001 0.5149771999999999 0.522264790625 0.46433831875 0.5213517375000001
0 0.4628980171875 0.564552890625 0.4828825296875 0.55008796875 0.48260105624999994 0.5462421 0.459347346875 0.54666088125 0.4628980171875 0.564552890625
0 0.5355178015625001 0.55046141875 0.534982315625 0.5466512484375 0.49072941875 0.5450997328125 0.4710744359375 0.5582232 0.471788415625 0.5633034265625 0.5115089265625 0.5639377578125 0.5355178015625001 0.55046141875
0 0.571886728125 0.5254049046875 0.526729 0.5229444390625 0.5010093265625 0.5389924734375 0.502227209375 0.5458150796875 0.5447377265625 0.5478704999999999 0.5711837359375 0.5314613593749999 0.571886728125 0.5254049046875
0 0.5561695906249999 0.4817657578125 0.5570977640625 0.488370053125 0.60670824375 0.4948672375 0.6542220890625 0.466172178125 0.6524604828125 0.4591669578125 0.59850023125 0.45120886718750003 0.5561695906249999 0.4817657578125
0 0.6193895859375 0.48557316406249995 0.621396965625 0.49617024218749994 0.66524481875 0.5003689687499999 0.71322275 0.47497605781249996 0.7101553890625001 0.46789532031250003 0.665950546875 0.4611564796875 0.6193895859375 0.48557316406249995
0 0.6132095453125 0.4434429796875 0.6138878265625001 0.44826919531250004 0.669804653125 0.4572474515625 0.7293407859375 0.421941228125 0.7275036640625 0.4162417625 0.670622965625 0.4004052015625 0.6132095453125 0.4434429796875
0 0.6801916578125 0.451902225 0.6822031546875 0.460685525 0.7279279468750001 0.46902394999999997 0.7899245578125 0.436480271875 0.7881313734375001 0.4274072609375 0.739037153125 0.417211121875 0.6801916578125 0.451902225
0 0.6881346421875 0.38861906875 0.6913365625 0.400343409375 0.7497852640625 0.41259223125 0.8324652609375001 0.361340953125 0.8288939937500001 0.3525178375 0.76777885625 0.33235484375 0.6881346421875 0.38861906875
0 0.763260221875 0.40525884999999995 0.76614085 0.4146970875 0.81247664375 0.4255399265625 0.8952115624999999 0.3820517859375 0.8934897749999999 0.3734867984375 0.8436815765624999 0.3582104328125 0.763260221875 0.40525884999999995
0 0.5804650640625 0.347918915625 0.6135744171875 0.3178806515625 0.6751574625 0.3346107671875 0.6756139109375 0.34848350781250004 0.7014465421875 0.3304183328125 0.70008248125 0.3171708953125 0.6121734140624999 0.2902037703125 0.5748689984375 0.325809071875 0.5804650640625 0.347918915625
0 0.5849002109375 0.2980187359375 0.5870979984375 0.281781984375 0.5096370218749999 0.25832393593749997 0.4633664875 0.262006828125 0.4116598265625 0.33680072031249997 0.41358059062499997 0.350467665625 0.4554573765625 0.3580214109375 0.453673809375 0.3453306765625 0.4906141203125 0.2858847328125 0.5697610359375 0.30363063125 0.573710734375 0.3140259515625 0.5849002109375 0.2980187359375
0 0.3695245 0.41240690312500006 0.36929496093749997 0.42139859375000005 0.3868509171875 0.425899709375 0.4125252375 0.3854582109375 0.4600534890625 0.3907244546875 0.4559982515625 0.3654115859375 0.40143864531249995 0.356156071875 0.3695245 0.41240690312500006
0 0.340470384375 0.4677580375 0.343100878125 0.4758500296875 0.35341177031250004 0.478382896875 0.3713291796875 0.4464977515625 0.38986926093749996 0.447376334375 0.38670580625 0.428408834375 0.364954784375 0.42947475468749996 0.340470384375 0.4677580375