0 0.34215602500000003 0.5371170359375 0.3719388375 0.5710555890625 0.39341016562500003 0.564821978125 0.39341016562500003 0.5481990125 0.378865071875 0.5502768828125 0.35670111875 0.5225719421874999 0.343541271875 0.5267276828125 0.34215602500000003 0.5371170359375
0 0.3795576953125 0.5849080609375 0.4190372375 0.63408433125 0.47029137812500005 0.6195392375 0.47029137812500005 0.5918342953125 0.4238856015625 0.6063793890625 0.39479541406249996 0.5724408359375001 0.3754019546875 0.5759039546875 0.3795576953125 0.5849080609375
0 0.43358233124999995 0.6520925421875 0.5021520609375 0.7303590015625 0.61089395625 0.6818753546874999 0.6053529671875 0.6673302609375 0.5921931203125 0.653477790625 0.51946765 0.6901868375 0.46890613124999997 0.6299285890624999 0.4328897078125 0.6347769546875 0.43358233124999995 0.6520925421875
0 0.5977341078125 0.6437810609375 0.6337505328125 0.6707933781250001 0.7161727328125 0.6285433421875 0.7127096140625 0.6181539890625001 0.6877751671875 0.5994531546874999 0.6912382859374999 0.61607611875 0.629594790625 0.641703190625 0.600504603125 0.6167687421875 0.5977341078125 0.6437810609375
0 0.5977341078125 0.5128752125 0.6538366140625 0.499715365625 0.650373496875 0.490711259375 0.6039677203125 0.46854730624999996 0.5568693203125 0.48309240156250005 0.5554840734375001 0.4914038828125 0.5977341078125 0.5128752125
0 0.6787710609375 0.553047378125 0.735566190625 0.535039165625 0.7369514390624999 0.523264565625 0.6704595796875 0.49486700156249996 0.6157423203125 0.5128752125 0.6157423203125 0.52187931875 0.6787710609375 0.553047378125
0 0.78127934375 0.6049941421875 0.8415375921875 0.5793670718749999 0.8394597218750001 0.566207225 0.753574403125 0.52811293125 0.6967792734375 0.5565104953125 0.6981645203125 0.5613588593750001 0.78127934375 0.6049941421875
0 0.7667342500000001 0.5391949078125 0.8498490734375 0.5710555890625 0.9004105921875001 0.55166213125 0.898332721875 0.5405801546875 0.8186810156250001 0.5066416015625 0.7667342500000001 0.52811293125 0.7667342500000001 0.5391949078125
0 0.6808489328125 0.5017932359375 0.7369514390624999 0.5260350593750001 0.7895908265625 0.5128752125 0.7909760734375 0.502485859375 0.727254709375 0.482399778125 0.6836194265625 0.49209650624999995 0.6808489328125 0.5017932359375
0 0.615049696875 0.473395671875 0.6600702265625 0.4927891296875 0.7085538734375 0.481707153125 0.7099391203125001 0.472010425 0.6579923562500001 0.45538745937499997 0.6185128140625 0.4664694359375 0.615049696875 0.473395671875
0 0.31046873124999996 0.49344311875 0.37762341093749996 0.48030416093749995 0.37324375781249997 0.47057159843749996 0.31436175624999996 0.48371055781249994 0.2987896578125 0.46375880468749997 0.2939233765625 0.47057159843749996 0.31046873124999996 0.49344311875
0 0.3883292296875 0.47738439218749995 0.44867111406250004 0.46619194531249997 0.44721122968750004 0.4584058953125 0.3878426015625 0.47008497031249996 0.37227050156249997 0.4496465890625 0.37373038593749996 0.46327217656249997 0.3883292296875 0.47738439218749995
0 0.44818448593750004 0.4413739125 0.4710560078125 0.43650763125 0.4695961234375 0.43212797812500003 0.44915774218750004 0.41898901874999994 0.44818448593750004 0.4413739125
0 0.44881434843749995 0.4406841078125 0.44881434843749995 0.45851779062500003 0.45935243281249993 0.4628411078125 0.5074493343750001 0.4533838515625 0.507179128125 0.44743929062500004 0.4779967375 0.43527996093750004 0.44881434843749995 0.4406841078125
0 0.4904262734375 0.43933307031249996 0.5177172125 0.452303021875 0.5623014203125 0.44527763125 0.5623014203125 0.43663099843750003 0.53365944375 0.42528229062499995 0.4909666890625 0.433388509375 0.4904262734375 0.43933307031249996
0 0.4815094328125 0.43582037656250006 0.5242021890624999 0.4287949859375 0.5244723953125 0.4231206328125 0.5006941515625 0.41366337656249996 0.45908222656250003 0.4231206328125 0.4815094328125 0.43582037656250006
0 0.4523270421875 0.4217695953125 0.49231772500000004 0.4160952421875 0.49231772500000004 0.41069109531250003 0.4720521765625 0.4028550828125 0.43557418906249995 0.409340059375 0.4523270421875 0.4217695953125