0 0.4214739328125 0.6073346500000001 0.481088678125 0.7401140359375 0.6556030125000001 0.689011253125 0.6537037296875 0.674372575 0.610814878125 0.61142098125 0.6028032546875 0.6483954984375 0.49124462187500006 0.682737675 0.4453822734375 0.6022842046875 0.44713449375 0.5921547578124999 0.42336910781250003 0.5958450828124999 0.4214739328125 0.6073346500000001
0 0.43342296874999997 0.5721491203125 0.4461644171875 0.56867528125 0.447808396875 0.5530338687499999 0.43138073125 0.558870565625 0.3963319953125 0.5063690375000001 0.39851308125 0.49215922343749996 0.3749621265625 0.4938093640625 0.3738184890625 0.504690346875 0.4057937 0.58643451875 0.430382103125 0.5814555484375 0.43342296874999997 0.5721491203125
0 0.592514428125 0.54349041875 0.6466660937500001 0.5319926374999999 0.6494904765625 0.5116622703125 0.5983449656250001 0.520725715625 0.5503056375 0.480610303125 0.55377536875 0.46722350468749996 0.5255722265625 0.47388527187499996 0.5253598484374999 0.4889895796875 0.5402170640625 0.5111783578125 0.5533159000000001 0.5043042125 0.58166815625 0.535474690625 0.592514428125 0.54349041875
0 0.8119721468750001 0.621443575 0.7946124515624999 0.6037951953125 0.7065383671875 0.635228009375 0.6357466656249999 0.566752840625 0.6411566515625 0.5475417031250001 0.6062677640625 0.5568728546874999 0.6225095375 0.5744037359374999 0.6143349640625 0.598410525 0.6861875265624999 0.6782999109375 0.8098857078125 0.635917809375 0.8119721468750001 0.621443575
0 0.9265523921875 0.5905361265625 0.9293152906250001 0.57500271875 0.9078666203125 0.5586199781250001 0.9001905718750001 0.572506721875 0.8348257328124999 0.59219798125 0.8106107890625 0.5698731359375 0.7965226421875 0.5909978421875001 0.8312118171874999 0.6212052015625 0.9265523921875 0.5905361265625
0 0.8137378359375 0.4379600375 0.89529245 0.479309646875 0.9303878031249999 0.47339101093749997 0.9353580156250001 0.46374095625 0.9342686234375 0.45797509999999997 0.893907625 0.4656008390625 0.8187080468750001 0.42830998593749997 0.8137378359375 0.4379600375
0 0.397849103125 0.44285004531250005 0.44800618593749997 0.4334282375 0.4186111875 0.39586541875000003 0.326092259375 0.410442125 0.345427646875 0.45768521562500003 0.3895251265625 0.45214760312499996 0.40038038125000003 0.45102799375 0.397849103125 0.44285004531250005
0 0.30799397968750003 0.3729363671875 0.3212378578125 0.4082365 0.409902809375 0.3926895890625 0.390658075 0.360714690625 0.30799397968750003 0.3729363671875
0 0.40945797187500005 0.3700374046875 0.431908753125 0.39839332031249997 0.5108665875 0.389172915625 0.4840616171875 0.359229084375 0.40945797187500005 0.3700374046875
0 0.516103703125 0.3931141734375 0.440969625 0.3982153859375 0.4380002625 0.41033627812500006 0.4650402296875 0.43804426718749995 0.5575608437499999 0.43420531875 0.559618753125 0.425379440625 0.516103703125 0.3931141734375
0 0.6526193140625 0.42239947187500004 0.6542995546875 0.4133985375 0.6082404828125 0.38359464062500004 0.5397330796875 0.3892427703125 0.5378042375 0.397116271875 0.5748242125 0.4256030234375 0.6417843953125 0.42419748906250004 0.6526193140625 0.42239947187500004
0 0.5973663046875 0.378780703125 0.55835969375 0.3552245703125 0.49999919375 0.35863527031250003 0.49816630625 0.369088565625 0.5292612515624999 0.3910789484375 0.59526518125 0.384800590625 0.5973663046875 0.378780703125
0 0.8254915437499999 0.401148646875 0.7942568249999999 0.3878241515625 0.7441090546875 0.3932226015625 0.740189809375 0.40065566874999997 0.8000625734375 0.43111113593750006 0.8141429812500001 0.4285116484375 0.8254915437499999 0.401148646875
0 0.7791949640625 0.3818478875 0.7293370375 0.36060381874999997 0.6806590984375 0.36396015625 0.6792228234375 0.37165419375000003 0.72705541875 0.394254390625 0.7774809390625 0.3891989328125 0.7791949640625 0.3818478875
0 0.837918484375 0.37546798593749997 0.787587078125 0.35574315156249997 0.7444958234375 0.3596866734375 0.7431900328125 0.3661392234375 0.7926071046875001 0.3885921578125 0.833933996875 0.38352179531249997 0.837918484375 0.37546798593749997