0 0.35775768124999996 0.57024854375 0.35916467500000004 0.581728775 0.3903256703125 0.6114192234375 0.4146251921875 0.6021963203125 0.4111416734375 0.5824403125 0.392934384375 0.5912062703125 0.37339388125 0.5644050578125 0.35775768124999996 0.57024854375
0 0.4004753984375 0.6124931734375 0.402009378125 0.6211928046875 0.450978403125 0.6684895359375 0.4985124265625 0.644806046875 0.4938202546875 0.6181954125 0.44989934218750005 0.6354376187499999 0.41706255312499996 0.6048195265625 0.4004753984375 0.6124931734375
0 0.6283380937499999 0.6688754593749999 0.5583763640625 0.7060113218749999 0.4998659390625 0.6524821921874999 0.46557790781249997 0.6674982109375 0.466720040625 0.6799605109375 0.5279993109375 0.7372226484375 0.57781885 0.7294934265624999 0.646367746875 0.6783600328125 0.64606863125 0.6646937796875 0.6287917640625 0.6534935078124999 0.6283380937499999 0.6688754593749999
0 0.6642837484374999 0.6393205078124999 0.6241910734375 0.61842428125 0.6268066125 0.6422351609375 0.66999940625 0.665750675 0.7463146828125 0.6137755125 0.7412294125 0.5998978796875 0.7122430296875 0.5881240437499999 0.7170575968749999 0.600466446875 0.6642837484374999 0.6393205078124999
0 0.6083187515625 0.5141940171875 0.6578708078125 0.49003273125 0.658184771875 0.48209403437500004 0.6074058703125 0.47013974375 0.558225578125 0.4925217078125 0.5592412890625 0.500225946875 0.6083187515625 0.5141940171875
0 0.6189224765625 0.47325036249999997 0.6683130890625 0.48510669218749997 0.7119594953124999 0.46438600937499996 0.709672725 0.45724864375 0.656546815625 0.44947848749999997 0.618415028125 0.4664847640625 0.6189224765625 0.47325036249999997
0 0.6271871 0.5201213703125 0.6935294328125 0.54064228125 0.7437077921874999 0.5122575171875 0.7413824859375 0.5010139031249999 0.675547603125 0.4872585890625 0.625487284375 0.5104812328125 0.6271871 0.5201213703125
0 0.6856958671875 0.4902677296875 0.7491644734375 0.5061540515625 0.795412425 0.4788050765625 0.7955111968749999 0.47158983125000004 0.727348709375 0.4603014609375 0.6841712156249999 0.483681490625 0.6856958671875 0.4902677296875
0 0.8084609109375 0.5741891046875 0.8595008406250001 0.5370835781250001 0.8580555609375 0.524999284375 0.7643184171875 0.5065667859375 0.7135531015625001 0.5374543218750001 0.7145102 0.54482614375 0.8084609109375 0.5741891046875
0 0.7795568890625 0.5093638921875 0.87376295 0.5304557375 0.9130309234375 0.49851070937499997 0.912054559375 0.4890857609375 0.82001139375 0.47446761562499995 0.7784173 0.5009959890625 0.7795568890625 0.5093638921875
0 0.318359078125 0.54102776875 0.3813512234375 0.518602284375 0.38022521249999996 0.5149478015625 0.3193903296875 0.5345847609375001 0.30131314374999996 0.5194703734375 0.301380828125 0.526682865625 0.318359078125 0.54102776875
0 0.39535085625 0.5146888859375001 0.45095167500000005 0.49404831875 0.44861671718749996 0.49036619375 0.3945413296875 0.507366384375 0.3763541359375 0.4929938359375 0.3762565234375 0.5033660609374999 0.39535085625 0.5146888859375001
0 0.42798911874999995 0.440301815625 0.443512471875 0.4450298703125 0.44433610625000003 0.44970092812500007 0.4472346390625 0.4511163515625 0.485483153125 0.43859256562500004 0.485744921875 0.43324849375 0.4620472203125 0.42996179687499997 0.42798911874999995 0.440301815625
0 0.5050970296874999 0.4678848484375 0.477993075 0.4589375953125 0.44731472187500004 0.4679592296875 0.449386771875 0.4851733109375 0.46102209062500005 0.4910685625 0.5070060640625 0.47188289218749996 0.5050970296874999 0.4678848484375
0 0.4880076328125 0.4624696703125 0.5179006828125 0.469480246875 0.5592818546875 0.45423675937499997 0.559956009375 0.4471342734375 0.5281668921875 0.44166209843750004 0.4886406046875 0.4551336328125 0.4880076328125 0.4624696703125
0 0.476907675 0.45961060781249996 0.517835278125 0.44589198281250003 0.5172316609375 0.43973724531249997 0.4901683171875 0.4351174859375 0.45466714843749995 0.449564984375 0.4547765859375 0.4529170890625 0.476907675 0.45961060781249996
0 0.46775850312499995 0.456889196875 0.44392371875 0.45145934062500004 0.4469711625 0.46874225156250005 0.46962635625000004 0.4606536859375 0.46775850312499995 0.456889196875