0 0.3454300265625 0.5561615828125 0.3762170171875 0.5887957921875 0.39653642968749997 0.5838698734375 0.39653642968749997 0.5678606390625001 0.381758675 0.5697078578125 0.36020778125 0.5395366078125 0.347277246875 0.5463097453125 0.3454300265625 0.5561615828125
0 0.3823744140625 0.606652246875 0.42055028281249995 0.6583743890625 0.4759668640625 0.6423651546875 0.47535112343749997 0.6115781640625 0.427939159375 0.6238929609375 0.39838365 0.590027271875 0.3823744140625 0.5937217109375 0.3823744140625 0.606652246875
0 0.43717525625000003 0.673767884375 0.488281659375 0.7396520421874999 0.5338464046875 0.7402677828125 0.6114296203125 0.7027076546875 0.613892578125 0.6866984203125 0.60096204375 0.67623084375 0.5972676046875 0.6866984203125 0.52399456875 0.7174854093749999 0.47350390468750003 0.662068828125 0.47350390468750003 0.6472910734374999 0.4390224765625 0.6614530875 0.43717525625000003 0.673767884375
0 0.60096204375 0.6645317875 0.637290690625 0.6934715578125 0.7241100031250001 0.650369771875 0.7228785234374999 0.63928645625 0.695785971875 0.6232772203125 0.6945544921875 0.6399021953124999 0.635443471875 0.663916046875 0.6021935218750001 0.6411336750000001 0.60096204375 0.6645317875
0 0.559502071875 0.5103219359375 0.604183553125 0.533927246875 0.65532839375 0.5190334203125 0.65645245625 0.5100409203125 0.613176053125 0.489807796875 0.560064103125 0.5021724843750001 0.559502071875 0.5103219359375
0 0.6193583953124999 0.495428109375 0.6688171421875 0.5145371703125 0.7140606546875 0.502734515625 0.7146226859375 0.494866078125 0.6643208921875 0.4766000640625 0.6202014421875 0.4878406875 0.6193583953124999 0.495428109375
0 0.74779376875 0.547978028125 0.7958474375 0.5305550593749999 0.794723375 0.5226866234374999 0.7328887015625 0.49964334375 0.6856780796875 0.5150992015625 0.6851160484375 0.5212815453124999 0.74779376875 0.547978028125
0 0.77223650625 0.5592186515625001 0.86159946875 0.59462661875 0.9076860281249999 0.5698972453125 0.9099341531249999 0.5614667765625 0.8208578265625001 0.529993028125 0.7758953296875 0.5505071671875 0.77223650625 0.5592186515625001
0 0.7899404890625 0.62638138125 0.8483917359375001 0.5999659140625 0.8478297046875 0.588444275 0.759028771875 0.5510691984375 0.7028256515625 0.5746745093750001 0.7019826046875 0.5822619312499999 0.7899404890625 0.62638138125
0 0.6196450312499999 0.5344892781249999 0.6196450312499999 0.5426387312500001 0.680344403125 0.5735504484375 0.7387956484375 0.5538793546874999 0.7399197109375 0.546291934375 0.675848153125 0.5179093578125 0.6196450312499999 0.5344892781249999
0 0.45334765 0.4363096765625 0.45410702656249996 0.44029640312499996 0.4584734390625 0.44257453125 0.49701178749999997 0.43592998906249997 0.49701178749999997 0.4323229515625 0.4761289390625 0.4234002796875 0.4396788765625 0.4289057578125 0.45334765 0.4363096765625
0 0.45391718125 0.46060971874999995 0.476888315625 0.4562433046875 0.477078159375 0.45301595624999996 0.45353749375 0.4433339078125 0.45391718125 0.46060971874999995
0 0.48581098593750005 0.45681283749999996 0.5279563703125 0.44959876249999997 0.5283360593750001 0.44409328437499995 0.503276640625 0.4351706125 0.46435860625 0.44181515625 0.46416876250000005 0.4456120375 0.48581098593750005 0.45681283749999996
0 0.46170078906249995 0.48396054062499994 0.5110602484375 0.47446833593750004 0.51200946875 0.46820348125000005 0.484482078125 0.4556737734375 0.45353749375 0.4607995625 0.45391718125 0.47465817968749996 0.46170078906249995 0.48396054062499994
0 0.5203626078125 0.4721902078125 0.5670642499999999 0.46440659999999995 0.5666845625 0.45795190156250004 0.5378282624999999 0.4463714125 0.49549303437500003 0.454914396875 0.49644225468750003 0.45928081093750006 0.5203626078125 0.4721902078125
0 0.37930846093750004 0.48358085156249997 0.3962045828125 0.49705978125000005 0.45182889687500005 0.4852894484375 0.45106952031249997 0.480353503125 0.39867255625000003 0.48832695312499996 0.3791186171875 0.4721902078125 0.37930846093750004 0.48358085156249997
0 0.31476147499999996 0.509589490625 0.38025768125 0.498768378125 0.3800678375 0.4947816515625 0.31893804531250003 0.5031347921875 0.301852078125 0.4849097609375 0.30014348125 0.491744146875 0.31476147499999996 0.509589490625