0 0.3803684375 0.587862403125 0.36122516875 0.697450684375 0.5093774265625 0.687462890625 0.508545109375 0.6796946078125 0.49994451093750003 0.583423384375 0.5013317046875 0.6641580421875 0.3989568296875 0.66748730625 0.3945568921875 0.5889701859375001 0.382248359375 0.5869187640625 0.3803684375 0.587862403125
0 0.686938184375 0.683023871875 0.686938184375 0.6722037640625 0.6608589484375 0.614219078125 0.6544778578125 0.6577769515624999 0.5559871249999999 0.6622159703125 0.542115190625 0.590636790625 0.5443347000000001 0.584810578125 0.5268560640625 0.5845331390624999 0.543502384375 0.6932891031249999 0.686938184375 0.683023871875
0 0.8134502250000001 0.6905147171875 0.953001884375 0.68357875 0.9579957796875 0.6699842546875 0.8611696796875 0.5792618046875 0.7471423796875001 0.5839782625 0.7449228703124999 0.5939660546875001 0.8134502250000001 0.6905147171875
0 0.8603373624999999 0.56955145 0.9665963796874999 0.567331940625 0.9696482046874999 0.5567892703124999 0.8905781796875001 0.5018564109375 0.8015203609375 0.505185675 0.798191096875 0.5135088359375 0.8603373624999999 0.56955145
0 0.6874930625 0.5093472546875 0.686938184375 0.519057609375 0.72994118125 0.5778746109374999 0.8364776359375 0.5751002234375 0.8400843390625001 0.5631703609375001 0.7807124609375 0.505740553125 0.6874930625 0.5093472546875
0 0.679724778125 0.5054631140625 0.766008209375 0.501578971875 0.7676728421875 0.4915911796875 0.727721671875 0.454691834375 0.65087115625 0.457743659375 0.650316278125 0.4674540140625 0.679724778125 0.5054631140625
0 0.78709355 0.501578971875 0.8714349109375 0.4982497078125 0.8739318578124999 0.48909423125 0.8209410703125 0.451640009375 0.744090553125 0.45330464062500003 0.7443679921874999 0.46218267968750004 0.78709355 0.501578971875
0 0.494202290625 0.3913400078125 0.496701628125 0.4174997375 0.5605180390625 0.4158335125 0.56018479375 0.4116679515625 0.50136705625 0.41216781874999997 0.4972014953125 0.39150663125 0.494202290625 0.3913400078125
0 0.5738478375 0.41633338125 0.6348316671875 0.4143339109375 0.6373310046875 0.40883536875 0.619669021875 0.388340803125 0.5638504890625 0.3905068953125 0.5636838656250001 0.397505040625 0.5738478375 0.41633338125
0 0.65049418125 0.41450053281250004 0.712810990625 0.4141672890625 0.712810990625 0.4068358984375 0.6896504640625001 0.3861747109375 0.633332065625 0.388507425 0.6329988203125 0.394172590625 0.65049418125 0.41450053281250004
0 0.62650054375 0.388507425 0.68115271875 0.3870078234375 0.682152453125 0.38217577187499996 0.6649903375 0.367679615625 0.613004121875 0.3678462375 0.613004121875 0.37367802499999997 0.62650054375 0.388507425
0 0.6113378968750001 0.3695124625 0.6583254375 0.3673463703125 0.6599916625 0.36334743125 0.6451622609375 0.350684121875 0.5995077 0.3505174984375 0.5981747203125 0.3571823984375 0.6113378968750001 0.3695124625