0 0.49515826093750004 0.64586795625 0.49766939531250004 0.6334592031249999 0.48852547812499997 0.6171098781250001 0.48535384062500003 0.624319790625 0.3940680609375 0.6373550625 0.3784616234375 0.5762738328125 0.3463257703125 0.5777239078124999 0.3611202796875 0.669496321875 0.49515826093750004 0.64586795625
0 0.489415371875 0.582806121875 0.5255035078125 0.6442296828125 0.6344587171875 0.6267151984375 0.63723691875 0.6146362437499999 0.611002503125 0.588645640625 0.6086966046875 0.6077140390625 0.5324418484375 0.6184066390625 0.49944918437499997 0.5648516921875 0.4909989375 0.5648687265625 0.489415371875 0.582806121875
0 0.3810440640625 0.5481683890625 0.35414976875000004 0.55043764375 0.3465840796875 0.516126725 0.3326677171875 0.51799603125 0.33302633125000003 0.5276376453125 0.34228784375 0.5756506953125 0.380568465625 0.5732062015625 0.3810440640625 0.5481683890625
0 0.7246767390625 0.6223093359375 0.8064191375 0.6054210109375 0.8090295031249999 0.5955034515625 0.732255721875 0.5464705296875 0.65611304375 0.5529714968749999 0.6539619984375 0.5641133218750001 0.7246767390625 0.6223093359375
0 0.8248861906249999 0.6050099953125 0.89477363125 0.5927556171874999 0.897465496875 0.58206263125 0.812152703125 0.537816175 0.7489984375 0.5456822796874999 0.745949128125 0.5541817140624999 0.8248861906249999 0.6050099953125
0 0.7918373046875 0.527841003125 0.730921384375 0.49576268749999997 0.6737044921875001 0.4993528734375 0.672359146875 0.5084233984375001 0.7252559125 0.5422068484375 0.7884410328125 0.535911975 0.7918373046875 0.527841003125
0 0.6609512718749999 0.5013444296875 0.5940927640625 0.5052932296875 0.59284929375 0.5133944703125 0.640890328125 0.5523515156250001 0.711961871875 0.543749565625 0.7140011453125 0.53553596875 0.6609512718749999 0.5013444296875
0 0.60817675625 0.4663978375 0.549735596875 0.47044734374999997 0.5492879296875001 0.4784362265625 0.5827471875 0.505080753125 0.645014253125 0.5000613781250001 0.6475739734375 0.49249047656249995 0.60817675625 0.4663978375
0 0.6600122578125001 0.4990897515625 0.7162191124999999 0.4957854046875 0.717401459375 0.488265734375 0.6748518859375 0.46419375 0.621522028125 0.46623249375000003 0.6206866453125001 0.47418062812499995 0.6600122578125001 0.4990897515625
0 0.5842054203125 0.43526257656249995 0.5595424984374999 0.41816651406250005 0.514323778125 0.41948978593749997 0.51267163125 0.4240201015625 0.53500826875 0.44087166250000004 0.5832675765625 0.4404559640625 0.5842054203125 0.43526257656249995
0 0.5529205078125 0.415902528125 0.53427821875 0.404927215625 0.49259956406249994 0.40427058281250006 0.490110865625 0.40930096875000005 0.5066312109375 0.421817240625 0.5515640953125 0.419483934375 0.5529205078125 0.415902528125