0 0.1439795796875 0.5271366234375 0.2253467984375 0.50549640625 0.22448118906249998 0.5011683625 0.1454222609375 0.520500290625 0.12378204374999999 0.498283 0.1226278984375 0.5060734796874999 0.1439795796875 0.5271366234375
0 0.24410165312499998 0.5031881171875 0.3055598703125 0.48558740624999996 0.30584840625 0.4803937546875 0.24410165312499998 0.491935203125 0.22419265312499997 0.482124971875 0.22419265312499997 0.49280081249999996 0.24410165312499998 0.5031881171875
0 0.30325158124999996 0.43249673906249997 0.30440572499999996 0.436536246875 0.3093108421875 0.43971014531249997 0.35086005937500003 0.427880159375 0.34970591406249996 0.4226865078125 0.32633447968749996 0.41605017499999997 0.286805015625 0.4255718703125 0.30325158124999996 0.43249673906249997
0 0.31854400156249996 0.4803937546875 0.3716346671875 0.467986696875 0.3690378421875 0.4604847546875 0.3384530015625 0.450674521875 0.30584840625 0.4601962171875 0.30786816093749997 0.4731803484375 0.31854400156249996 0.4803937546875
0 0.3072910875 0.45731085625 0.33123959531249997 0.4524057390625 0.3303739859375 0.44692355156249997 0.30382865312499996 0.436536246875 0.3072910875 0.45731085625
0 0.3404727546875 0.4512515953125 0.38259904375 0.4417298984375 0.384041725 0.4362477109375 0.35489956562499997 0.42586040625 0.31623571093749997 0.435093565625 0.3147930296875 0.4411528265625 0.3404727546875 0.4512515953125
0 0.380579290625 0.4653898703125 0.42616801562499995 0.452117203125 0.4250138703125 0.44576940625 0.3926978125 0.43740185625 0.352014203125 0.44663501562499996 0.35086005937500003 0.45500256562499997 0.380579290625 0.4653898703125
0 0.4662745515625 0.5144410296874999 0.5161913203124999 0.498283 0.5156142484374999 0.48991545 0.46915991406249996 0.4726032765625 0.4209743640625 0.490781059375 0.4201087546875 0.4988600734375 0.4662745515625 0.5144410296874999
0 0.5248474078124999 0.4939549578125 0.566396625 0.47721985624999996 0.56495394375 0.47000644999999996 0.520230828125 0.45702231875 0.4827211171875 0.47000644999999996 0.478681609375 0.4789510734375 0.5248474078124999 0.4939549578125
0 0.544179334375 0.54819976875 0.5917878125 0.523385653125 0.591210740625 0.5127098125 0.5314837406249999 0.4953976390625 0.48387526249999996 0.5138639578124999 0.48387526249999996 0.523385653125 0.544179334375 0.54819976875
0 0.5975585375 0.51703785625 0.6356453203125 0.497705928125 0.6350682484375 0.4902039859375 0.5788036828124999 0.4740459578125 0.543025190625 0.490781059375 0.5424481171875 0.500591290625 0.5975585375 0.51703785625
0 0.6382421468749999 0.581669971875 0.68152258125 0.55108513125 0.6826767265625 0.5412749 0.606791696875 0.5187690734375 0.5635112624999999 0.54271758125 0.5617800453124999 0.5528163484374999 0.6382421468749999 0.581669971875
0 0.690755740625 0.5447373343749999 0.725668625 0.51963468125 0.7273998421875 0.5144410296874999 0.6546887124999999 0.49337788437499996 0.6215070453125 0.5121327390625 0.6194872921875 0.5216544359374999 0.690755740625 0.5447373343749999
0 0.191299521875 0.570128521875 0.22852069687499998 0.607349696875 0.25737432031249996 0.5963853203125 0.25477749375 0.57965021875 0.2334258125 0.585998015625 0.20630340625 0.5571443921875 0.19101098593750002 0.56262658125 0.191299521875 0.570128521875
0 0.23861946406249998 0.62235358125 0.2919986671875 0.6711162046875 0.34855176875 0.6425511171875 0.344223725 0.6168713921875 0.29632671093749996 0.635049175 0.25823992812499996 0.6067726234374999 0.25852846406249996 0.600136290625 0.23919653749999997 0.60792676875 0.23861946406249998 0.62235358125
0 0.3104649859375 0.6832347265625 0.35028298593749996 0.714685175 0.37769392812499997 0.73892221875 0.40827876874999997 0.739787828125 0.49426256718749995 0.677175465625 0.49108866874999996 0.668519378125 0.4781045375 0.6575550015625 0.4088558421875 0.7094915234375 0.34999444999999996 0.6659225515625 0.3517256671875 0.648610378125 0.31017645 0.66909645 0.3104649859375 0.6832347265625
0 0.51099766875 0.6636142625 0.5851514796874999 0.6131204218749999 0.5845744078124999 0.6027331171875 0.5614915093749999 0.5903260593749999 0.5614915093749999 0.604464334375 0.5124403484375 0.638511609375 0.47608478437499996 0.6188911453125 0.4755077109375 0.6416855078125 0.51099766875 0.6636142625