0 0.1429517828125 0.510783940625 0.1441489734375 0.5202125140625 0.16692195 0.4986302796875 0.24149646093750002 0.5130015671875 0.24149795156249998 0.506322415625 0.159893721875 0.491968009375 0.1429517828125 0.510783940625
0 0.240977559375 0.5232231374999999 0.24152873281249998 0.5337401578125001 0.261071625 0.5176001593749999 0.32236281093749997 0.5266915812499999 0.32319404218750003 0.52242965625 0.2576041859375 0.5118058671875 0.240977559375 0.5232231374999999
0 0.3225683546875 0.5768840109375 0.3071158828125 0.5827693890625001 0.34805581406249997 0.5891721078125001 0.370841896875 0.5804981859375 0.3703381484375 0.57598330625 0.327968475 0.5677855796875 0.32408413125 0.5701262218750001 0.3225683546875 0.5768840109375
0 0.3244837515625 0.5342690609375 0.3240998984375 0.549989875 0.3567920234375 0.557334646875 0.38570109218750004 0.5443460015625 0.385576128125 0.536200265625 0.3314421109375 0.5287714703125 0.3244837515625 0.5342690609375
0 0.34969008125 0.5540918968749999 0.324369028125 0.5500762359375 0.32324304062500003 0.5693688984375 0.348581453125 0.5584241421875 0.34969008125 0.5540918968749999
0 0.336014190625 0.5641603609375 0.3351569234375 0.5708478890625 0.375963225 0.5774654796875 0.4029538921875 0.5682006109375 0.40325628281250003 0.5624479703125 0.3578702171875 0.55486265 0.336014190625 0.5641603609375
0 0.36910723125 0.5503485687499999 0.3694859625 0.5575751953125 0.41220938125 0.56620586875 0.4433366796875 0.555214525 0.4432117171875 0.547068790625 0.3974140796875 0.537391484375 0.36910723125 0.5503485687499999
0 0.4360742359375 0.5030581890625 0.43613607656250003 0.5099994859375 0.48366018750000006 0.5238134234375 0.5313497843749999 0.50621729375 0.53089215 0.49748511874999995 0.4795969234375 0.480849453125 0.4360742359375 0.5030581890625
0 0.49729029531249996 0.5188719890625 0.4967814796875 0.526447065625 0.5356535984375 0.5364873234374999 0.580664771875 0.5196354375000001 0.58009539375 0.5145323578125 0.539829471875 0.500941909375 0.49729029531249996 0.5188719890625
0 0.5566928796874999 0.4943213421875 0.55743584375 0.502736625 0.5956255609375 0.51703975625 0.650510225 0.49846267656250004 0.6500841515625 0.49033272187500004 0.6108333015625 0.4730658375 0.5566928796874999 0.4943213421875
0 0.49796587812500004 0.47414998593749996 0.49664841718749997 0.48357906249999993 0.5469614140625 0.49875652031250006 0.6020051640624999 0.4774536734375 0.6014844078125 0.4675170640625 0.55328045625 0.44649228125 0.49796587812500004 0.47414998593749996
0 0.5712694015625 0.43830304375000007 0.5721386093749999 0.4491272046875 0.6227672156249999 0.4703268515625 0.6947532765625 0.44390898749999996 0.6926165109375 0.4319435109375 0.647885128125 0.40228251875 0.5712694015625 0.43830304375000007
0 0.633417790625 0.4661454421875 0.63506408125 0.47451338437499996 0.6698298515625 0.49261919374999996 0.7407219375 0.4683722171875 0.7393925375 0.4602896046875 0.7062124953125 0.43787357968749996 0.633417790625 0.4661454421875
0 0.23993300624999997 0.4073578140625 0.205693528125 0.44538460625000004 0.20621428437499997 0.45532121718749996 0.22242557343749997 0.459302603125 0.22128553750000002 0.45483330312500003 0.24926227812500001 0.42981605937499995 0.2646333578125 0.4350492234375 0.2672051625 0.4149866359375 0.23993300624999997 0.4073578140625
0 0.296571446875 0.341586734375 0.2485730578125 0.3936198046875 0.2501549453125 0.40652016875 0.267950684375 0.4119281984375 0.2697428421875 0.405795546875 0.302475490625 0.37358451718749996 0.3532789640625 0.3923595109375 0.35423603593749997 0.364531196875 0.296571446875 0.341586734375
0 0.49697087812499996 0.3168932296875 0.41039040312499997 0.26647828281249997 0.3759534625 0.266169490625 0.31350053906249997 0.324696884375 0.3159213546875 0.3420823296875 0.3523675359375 0.35768458281250004 0.35352719375 0.3452444125 0.4067391265625 0.29474973125 0.479439565625 0.333814640625 0.48075318749999996 0.3415961453125 0.4979821078125 0.330427375 0.49697087812499996 0.3168932296875
0 0.59218628125 0.37651760625 0.516460246875 0.33157253125 0.48101889375000006 0.358188725 0.483408146875 0.37497195156249996 0.5174215765625 0.35567706875 0.5679845015625 0.38714599843749997 0.5678701968750001 0.40224881406249996 0.5926596953125001 0.385550890625 0.59218628125 0.37651760625