0 0.043344439062500004 0.5380004890625 0.049333460937500004 0.5474216921874999 0.0714657875 0.5202900765625 0.1582732515625 0.5325777 0.161768103125 0.5252128578125 0.069113546875 0.5139191109375 0.043344439062500004 0.5380004890625
0 0.1591572828125 0.542390784375 0.1583869359375 0.5564803765625 0.178993 0.5404771734375 0.2509891515625 0.5455395484375 0.2523366921875 0.540373609375 0.177426896875 0.5293337734375 0.1591572828125 0.542390784375
0 0.2531625984375 0.5956474609375 0.2378398453125 0.6047938578125 0.2783097765625 0.6087214515625 0.30483451562499997 0.5971445625 0.30478260156250003 0.5937454171875001 0.2581589796875 0.5876609687500001 0.253743321875 0.5914866390625 0.2531625984375 0.5956474609375
0 0.25410668125 0.550833790625 0.25487346093749996 0.5686994125 0.2884859125 0.5735907625000001 0.32111221875 0.558420009375 0.322059671875 0.55040730625 0.2648144625 0.5414493640625 0.25410668125 0.550833790625
0 0.2836973203125 0.5726853234375 0.25468243749999997 0.5702486296875 0.2541449640625 0.5913029375 0.28282270781249996 0.57706629375 0.2836973203125 0.5726853234375
0 0.333999675 0.5747598703125 0.2909581921875 0.5711936859375 0.2669338578125 0.5847681015624999 0.269205784375 0.5905676109375 0.3087783734375 0.5943299453125 0.34025105 0.582281503125 0.339148471875 0.58201065625 0.3408288578125 0.577303540625 0.333999675 0.5747598703125
0 0.30197373125000004 0.5682491375 0.30399489375 0.5740561859375 0.34585386875 0.5798558703125 0.3814484484375 0.564661115625 0.38104104687499996 0.5602474203125001 0.32995810468750003 0.5538268046875 0.30197373125000004 0.5682491375
0 0.3714743390625 0.51597923125 0.3734559046875 0.5238591515625 0.42370237499999996 0.535153896875 0.467407946875 0.515953475 0.468042834375 0.5049756359375001 0.41502240312499994 0.49412486875 0.3714743390625 0.51597923125
0 0.4344897578125 0.5285037296875 0.43599724687499997 0.5387238437499999 0.4786865140625 0.544436540625 0.521167346875 0.5253545171875 0.521592075 0.518010528125 0.4781181359375 0.507220825 0.4344897578125 0.5285037296875
0 0.4333290734375 0.48276137031250005 0.43465423750000004 0.49219040312500006 0.484369409375 0.5038511890625 0.5411057609375 0.478395103125 0.540191428125 0.4677428453125 0.4895928140625 0.4497960390625 0.4333290734375 0.48276137031250005
0 0.49385804218749996 0.50309641875 0.49579481875000003 0.512730865625 0.5335541921875 0.5243236984374999 0.5870224312500001 0.5004924046875 0.5865498203125 0.4929831578125 0.5461432125 0.47914002343749995 0.49385804218749996 0.50309641875
0 0.5064820078125 0.44704492343749996 0.5096018531250001 0.45680447187500006 0.5557940734375 0.47449644218750003 0.6278083890625 0.4416484859375 0.62530015625 0.432094353125 0.5781843359375001 0.40783063437499995 0.5064820078125 0.44704492343749996
0 0.566070478125 0.473399553125 0.573239003125 0.481255503125 0.6105620203125001 0.49387086875 0.6708065859375 0.46847626406250004 0.664224103125 0.4614709453125 0.63913019375 0.43799168593750004 0.566070478125 0.473399553125
0 0.1172406734375 0.468604290625 0.11799901406249999 0.47607338125 0.1339055828125 0.47937392343749996 0.156748384375 0.44702639218750007 0.181899309375 0.4506933703125 0.1854460359375 0.4333175625 0.1529136515625 0.4226456359375 0.1172406734375 0.468604290625
0 0.21575566249999997 0.34961791249999996 0.1651034375 0.404963646875 0.16768271875000001 0.4191697453125 0.18791073281249998 0.42419392343749995 0.18670140625 0.41766232968750006 0.22048219531250002 0.384360309375 0.27956180937499997 0.4006015828125 0.278025525 0.3739682546875 0.21575566249999997 0.34961791249999996
0 0.5239422031250001 0.3779544515625 0.45007362031250003 0.3369970578125 0.41138998750000005 0.36492682187500003 0.4151338078125 0.3874190375 0.44840492187500003 0.3629298015625 0.501717184375 0.38981913125 0.5036848515625 0.4038198125 0.5259517859375 0.3921154828125 0.5239422031250001 0.3779544515625
0 0.4261659875 0.34410591562500004 0.4294287546875 0.32720176093750003 0.3469165265625 0.278372803125 0.289884178125 0.287139434375 0.23706463125 0.335911678125 0.2378267796875 0.348021296875 0.28120921249999997 0.369177003125 0.28210335625 0.352135865625 0.3368307546875 0.3035653640625 0.41281103437500005 0.3426937109375 0.41621577656250003 0.35020306875 0.4261659875 0.34410591562500004