0 0.5399686765625 0.5934326999999999 0.4877607515625 0.5339229671875 0.47096659374999994 0.5386691421875 0.46950623281250004 0.5485265828125 0.537778134375 0.637243546875 0.6476703390624999 0.5813847171875001 0.648765609375 0.5711621874999999 0.615907475 0.5448756796875001 0.6122565718749999 0.5616698375 0.5399686765625 0.5934326999999999
0 0.663734315625 0.5346531484375 0.6221140125 0.5025251953125001 0.6180980171875 0.5295418828125 0.664464496875 0.5686065546875 0.7509909171875 0.52698625 0.753181459375 0.5167637203125001 0.725434590625 0.49668374843749996 0.7221487765625 0.5101920921875001 0.663734315625 0.5346531484375
0 0.461839334375 0.50398555625 0.4253302953125 0.45688889687499995 0.40926631875 0.460904890625 0.40963140937500003 0.47149251249999996 0.4549026171875 0.528081521875 0.48995129375 0.5149382671875 0.48849093281249995 0.49485829687500005 0.461839334375 0.50398555625
0 0.9054241484375 0.6335926421875 0.9119957765625 0.622274840625 0.8864394499999999 0.6043854109375 0.8170722765624999 0.6620696921875 0.7973573953125 0.6514820703125 0.7849443234375 0.6719271328125 0.8159770046875 0.6993089109375 0.9054241484375 0.6335926421875
0 1 0.513112815625 0.9214881265624999 0.47149251249999996 0.8594227609375 0.508366640625 0.8557718578125 0.519319353125 0.9824582203125001 0.5919723390625 1 0.579194175 1 0.513112815625
0 0.8926459859375001 0.4620001625 0.8035639328125 0.4163638640625 0.7404032968750001 0.441920190625 0.7374825734375 0.4503172703125 0.8254693546875 0.50398555625 0.8897252625000001 0.4725877828125 0.8926459859375001 0.4620001625
0 0.77800760625 0.406141334375 0.7122913359374999 0.372918109375 0.6516863328125 0.3897122671875 0.6516863328125 0.3984744359375 0.715212059375 0.43790419687500004 0.77654724375 0.41526859375 0.77800760625 0.406141334375
0 0.5815889796875 0.3364090703125 0.5428893984375 0.3134083765625 0.51842834375 0.319980003125 0.518063253125 0.35429849999999996 0.5275556031249999 0.3564890421875 0.5830493406249999 0.34407596875 0.5815889796875 0.3364090703125
0 0.453077165625 0.36780684375 0.4308066515625 0.349552325 0.4311717421875 0.3623304875 0.44869607968749997 0.377664284375 0.5136821687500001 0.36196539687499996 0.5118567171875 0.35575886093750003 0.453077165625 0.36780684375
0 0.5961925953125 0.34079015468749996 0.6469401578125 0.3280119921875 0.6480354296875 0.32034509375 0.6056849453125001 0.30136039375 0.556762834375 0.31194801562499996 0.5563977437500001 0.319980003125 0.5961925953125 0.34079015468749996
0 0.7900555875 0.40979223749999993 0.841898421875 0.3889820859375 0.843723875 0.38058500781250004 0.77326143125 0.3513777765625 0.7236091390625 0.367441753125 0.7217836859375 0.37693410312500003 0.7900555875 0.40979223749999993
0 0.900312884375 0.4645557953125 0.9536160796875001 0.43790419687500004 0.9572669828124999 0.4269514859375 0.8652642078125 0.3889820859375 0.8141515531250001 0.41015732812500005 0.8119610109375 0.4211100390625 0.900312884375 0.4645557953125