0 0.0698618015625 0.47105164843749997 0.1628540609375 0.462998378125 0.1596183671875 0.4555160546875 0.072434953125 0.46476665468749995 0.0512629875 0.436879159375 0.0449488203125 0.44608561093750004 0.0698618015625 0.47105164843749997
0 0.178647134375 0.4594264578125 0.25389658125 0.4510076609375 0.25273015 0.44579784062499994 0.18060118125 0.44834450156249994 0.160566175 0.43163190625 0.1608443328125 0.44573979843749995 0.178647134375 0.4594264578125
0 0.24165679999999998 0.386120721875 0.2566510140625 0.39579630312499997 0.257086171875 0.39997485781250003 0.2613656265625 0.4039523015625 0.308173190625 0.3994987 0.3083437015625 0.3961034390625 0.28223914687499996 0.3836079015625 0.24165679999999998 0.386120721875
0 0.26640429375 0.45036802812500004 0.3239272578125 0.443413371875 0.323260021875 0.43537248437500004 0.2911830421875 0.41907233125000004 0.257420359375 0.42278764375 0.25603054687500004 0.44061562343749994 0.26640429375 0.45036802812500004
0 0.28564458125000003 0.41540127499999996 0.257481159375 0.40017246406250007 0.2572835203125 0.4212327046875 0.2863657671875 0.4198101 0.28564458125000003 0.41540127499999996
0 0.2725071421875 0.40143295781250005 0.2700341984375 0.40714964531250003 0.2935701578125 0.4215542296875 0.3367098796875 0.41949234375 0.343623675 0.41718855781249997 0.3421085890625 0.412425665625 0.3432199484375 0.4121934625 0.312186928125 0.399053978125 0.2725071421875 0.40143295781250005
0 0.3319402171875 0.440271609375 0.38321611718750004 0.4356376734375 0.38377730625 0.431240884375 0.3487347 0.414813153125 0.30669881875 0.4191484484375 0.304476225 0.4248814203125 0.3319402171875 0.440271609375
0 0.41486912968749995 0.5029058765625 0.46823594843749994 0.49391210625 0.46798456875000005 0.48291879687500006 0.42497570781249994 0.46220476875000005 0.3743656640625 0.47173905781250003 0.3721103 0.47954502187500003 0.41486912968749995 0.5029058765625
0 0.47838346875 0.4920199078125 0.5222074796875 0.4827539953125 0.5220393125 0.47539965781250004 0.48025031093750004 0.4548466984375 0.437387678125 0.45906608125000004 0.43552443125 0.46922735937500004 0.47838346875 0.4920199078125
0 0.4878470609375 0.549810171875 0.5390411859375 0.5336401640624999 0.540326721875 0.52302630625 0.48451333593749996 0.4956056578125 0.43442149375000005 0.50552430625 0.43276806875 0.514901346875 0.4878470609375 0.549810171875
0 0.5453871 0.5224576437499999 0.5862522125 0.5100331140625001 0.5869866046875 0.502544934375 0.5343826375 0.4768621421875 0.49624168125 0.48713013125 0.49396984687499995 0.49669111718750003 0.5453871 0.5224576437499999
0 0.5749200437499999 0.5948418125 0.622853953125 0.57223719375 0.62569409375 0.5627764171875 0.5548700234374999 0.5274352078125 0.5080885015625001 0.5435043140625 0.504629953125 0.5531490359375 0.5749200437499999 0.5948418125
0 0.63688138125 0.5668261140624999 0.6627794171875 0.5442369234375 0.669602371875 0.537465596875 0.610280765625 0.5099839562499999 0.572540215625 0.5212890828125001 0.5651018875 0.52889006875 0.63688138125 0.5668261140624999
0 0.117396690625 0.5105804015625 0.11637814531249999 0.518018475 0.15042545937500001 0.565194103125 0.1833104703125 0.555664040625 0.1803723109375 0.5381750390625 0.15510873281249998 0.5409620296875 0.1334087578125 0.5078370015625 0.117396690625 0.5105804015625
0 0.18545525624999998 0.564868140625 0.165064221875 0.569183309375 0.1619907265625 0.5832907390625001 0.21068055624999998 0.64037049375 0.27376230156250003 0.6182081734375 0.2762271390625 0.5916446843750001 0.216616703125 0.6058142156249999 0.184018715625 0.57135355 0.18545525624999998 0.564868140625
0 0.4112564859375 0.60955059375 0.40672998125 0.6318984515625 0.4444153125 0.6611612390625 0.5196682890625001 0.622806771875 0.5221708625 0.6087245015625 0.5003259671875 0.596250196875 0.49787088125 0.6101736796874999 0.44365267187499996 0.63518605625 0.4112564859375 0.60955059375
0 0.4073742359375 0.6541676109375001 0.33007468281249996 0.6906204484375 0.277075709375 0.6401695765625 0.2767768359375 0.6231076140625 0.23268250781250002 0.6427364078125 0.2314982046875 0.6548120515625 0.2825834484375 0.7053979609375001 0.339275103125 0.7161496515625 0.4234411734375 0.6702300734375 0.420770340625 0.6532223484374999 0.411038978125 0.6467816515625 0.4073742359375 0.6541676109375001