0 0.7730000859375 0.5371878156250001 0.8539801015625 0.5290469 0.87231766875 0.5540597093749999 0.8745448078125 0.546505671875 0.8563323421875 0.522675934375 0.772745246875 0.532781421875 0.7730000859375 0.5371878156250001
0 0.6895334625 0.54643611875 0.752285559375 0.5436004765625 0.7706354859375 0.5560860328125 0.772121275 0.5455140890625 0.7538516625 0.5324570765625001 0.6905420062500001 0.5413331671875 0.6895334625 0.54643611875
0 0.6848583171875 0.590067590625 0.6804426578125 0.58624191875 0.6376513796875 0.5921742437499999 0.638071475 0.5974779765625 0.6602918625 0.6073024 0.7007617921875 0.6033748078125 0.6854390390625 0.5942284109375 0.6848583171875 0.590067590625
0 0.624188184375 0.5573570953125 0.6531100546874999 0.5713284421875 0.6867225078125 0.5664370937500001 0.6865294515625 0.553298228125 0.67696141875 0.5446692328125 0.6226607 0.5495667531249999 0.624188184375 0.5573570953125
0 0.6848923015625 0.5690935921875 0.6604941984375 0.5706179859375 0.6605884109375 0.576167290625 0.6854297734375 0.590147903125 0.6848923015625 0.5690935921875
0 0.6059571734375 0.579270128125 0.6333700890625 0.59361215 0.672942678125 0.5898498156249999 0.6752146046874999 0.5840503046875 0.6511902703125 0.570475890625 0.6081487875 0.5740420765625001 0.6059571734375 0.579270128125
0 0.5667089296875 0.564138878125 0.5975459515625 0.5769225203125 0.6391186390625 0.5734412828125001 0.6414260890625 0.5653157906249999 0.6134417156249999 0.5508934562500001 0.566449459375 0.55769223125 0.5667089296875 0.564138878125
0 0.4831342109375 0.507813325 0.526727065625 0.5314222109375 0.5769735359375 0.520127465625 0.5789551015625001 0.5122475453125 0.5354070375 0.49039318437499996 0.4837272921875 0.49944689374999995 0.4831342109375 0.507813325
0 0.4315038875 0.5206618125 0.47398472031249994 0.5397438390625 0.51293643125 0.5321064109375 0.5181814765625 0.5238110265625 0.4745530984375 0.502528121875 0.431079159375 0.513317825 0.4315038875 0.5206618125
0 0.41144577968749996 0.474719796875 0.46818213281250004 0.50017588125 0.517897303125 0.4885150953125 0.5192224671875 0.4790860640625 0.46295872656250003 0.4461207328125 0.41236011406250006 0.464067540625 0.41144577968749996 0.474719796875
0 0.364882884375 0.4909028125 0.41835112499999993 0.5147341062499999 0.45611049843749996 0.5031412734375 0.4580472765625 0.493506828125 0.40576210625 0.46955043124999996 0.365355496875 0.483393565625 0.364882884375 0.4909028125
0 0.3248454265625 0.4337030984375 0.39685974218750003 0.46655105468749997 0.44305196249999995 0.448859084375 0.446171809375 0.4390995359375 0.3744694796875 0.399885246875 0.32735366093749996 0.424148965625 0.3248454265625 0.4337030984375
0 0.276823 0.45405156875 0.34589508750000003 0.48502916249999994 0.38136400312499996 0.4710748234375 0.384689265625 0.46192688593750003 0.3173269140625 0.429149978125 0.2792601859375 0.44914940000000003 0.276823 0.45405156875
0 0.7837774750000001 0.43147763906250003 0.7536787078125 0.4383196625 0.7539211859375 0.4552533078125 0.775948515625 0.45193886718750004 0.7987913203125 0.4842863984375 0.8146978890625001 0.48098585624999995 0.8154562296875 0.47351676718749997 0.7837774750000001 0.43147763906250003
0 0.7758651265625 0.4152142953125 0.7297918515624999 0.3594972765625 0.669813628125 0.3799137 0.670525625 0.40594585937499994 0.7204863671874999 0.3946109578125 0.75426715625 0.4279129796875 0.7530578296875 0.434444571875 0.77328584375 0.42942039374999996 0.7758651265625 0.4152142953125
0 0.6716376625 0.3565689328125 0.6675139046874999 0.3734716859375 0.711509878125 0.35896751718750003 0.7131918171875 0.3449266765625 0.6781383796875 0.3082407078125 0.6543673437499999 0.280424671875 0.624200621875 0.2753108984375 0.53033965625 0.325347290625 0.5322779718749999 0.3343608578125 0.5436097953125001 0.347025571875 0.619412734375 0.3052320484375 0.6716376625 0.3565689328125
0 0.5118800640625001 0.336447440625 0.431420528125 0.3761296625 0.4305463515625 0.3864961921875 0.4516778796875 0.4019950234375 0.45364554687499997 0.387994340625 0.5069578109374999 0.3611050140625 0.5402289234375 0.38559424999999997 0.54397274375 0.363102034375 0.5118800640625001 0.336447440625