0 0.5682222984374999 0.68338145 0.473128809375 0.649283221875 0.4721051171875 0.633727790625 0.45703464218749995 0.6580111671875 0.457228146875 0.6703413984375 0.598943921875 0.7221279046875 0.626562290625 0.608986015625 0.594858753125 0.5993790703124999 0.5682222984374999 0.68338145
0 0.3087362578125 0.6198405874999999 0.4276821046875 0.6651081875 0.482228709375 0.579538415625 0.4815625734375 0.568934665625 0.46229457968750004 0.5626606359374999 0.462211353125 0.5739157984375 0.41970592343749996 0.6332308328125 0.3415025375 0.6041846390625001 0.3383384734375 0.5789780828125 0.30714198125 0.60741240625 0.3087362578125 0.6198405874999999
0 0.49286306562500004 0.5356964109375 0.46375104218749996 0.5277268375 0.4623970296875 0.550625871875 0.4942895 0.5612623140624999 0.530517596875 0.50989638125 0.5329968984375 0.4991910046875 0.5187213374999999 0.494731340625 0.49286306562500004 0.5356964109375
0 0.1188376421875 0.5631940078125 0.2107384078125 0.5960754703125 0.29716745 0.53041834375 0.29542964375 0.5199125671875 0.2118185984375 0.4957698375 0.1162705140625 0.5504050406250001 0.1188376421875 0.5631940078125
0 0.016671965625 0.5286057765625001 0.09616227187500001 0.5586414609375 0.19360469375 0.50166628125 0.1921989515625 0.4899475015625 0.1186119484375 0.47095611875000004 0.013755568749999999 0.51727585 0.016671965625 0.5286057765625001
0 0.1489214546875 0.4688724140625 0.220087628125 0.490661446875 0.28490643125 0.451184540625 0.2839979453125 0.44296195312500003 0.2183582515625 0.42699874375 0.1464283203125 0.4585610625 0.1489214546875 0.4688724140625
0 0.23488968125 0.4946634375 0.3154105921875 0.5205680375 0.3727861984375 0.474389546875 0.3716488765625 0.4659037125 0.296991684375 0.448073715625 0.2347709328125 0.48575434062499995 0.23488968125 0.4946634375
0 0.315888678125 0.44774798125000004 0.38717442343749997 0.4649908015625 0.426063846875 0.434740328125 0.42734189687499996 0.4255305 0.3624995140625 0.41285947968750003 0.31676080156249997 0.4382984234375 0.315888678125 0.44774798125000004
0 0.23783895156249998 0.42749603281250004 0.3020327453125 0.4433975546875 0.3485421234375 0.4160047203125 0.346562471875 0.408046509375 0.29035044062500004 0.395873309375 0.2372873984375 0.42027172031250004 0.23783895156249998 0.42749603281250004
0 0.39470671875 0.3780852796875 0.44761625 0.388021590625 0.47188700937499994 0.372197125 0.47115952656250004 0.3656127609375 0.4241399671875 0.35638529218750004 0.394927828125 0.37067631562500003 0.39470671875 0.3780852796875
0 0.4320056671875 0.35856869062499996 0.48054421718749996 0.367308421875 0.49906865156249997 0.3550913234375 0.49952329375 0.34858962187500003 0.45508085937500004 0.3407302734375 0.4311335234375 0.35405305 0.4320056671875 0.35856869062499996
0 0.5176904046875 0.4009400328125 0.528829646875 0.39028535 0.5296293921874999 0.37460149375 0.4836576359375 0.3673776453125 0.46156925937500004 0.38172134375 0.4607157578125 0.389680040625 0.5176904046875 0.4009400328125