0 0.25819882656250004 0.5482865765625 0.25966468125 0.557233278125 0.2778411234375 0.5380862984375 0.343499834375 0.551600284375 0.343022665625 0.544090109375 0.275144971875 0.5299291328125 0.25819882656250004 0.5482865765625
0 0.3400338875 0.5643132015625001 0.3395011390625 0.5716029953125 0.3590398078125 0.5557238359375 0.4156163484375 0.5668490140625 0.4161101796875 0.5617888171875001 0.3581466453125 0.54881465625 0.3400338875 0.5643132015625001
0 0.4178070296875 0.5691175312500001 0.41625123750000004 0.588554625 0.44759048593750006 0.5935622109375001 0.4761936359375 0.5810853140625001 0.4759050078125 0.5743894390625 0.42621287968750005 0.563789934375 0.4178070296875 0.5691175312500001
0 0.41390237343749997 0.6069641125 0.43946162343750006 0.5946368359374999 0.43872161875 0.5905688671875 0.416080390625 0.58672686875 0.415817553125 0.590169075 0.41390237343749997 0.6069641125
0 0.414297140625 0.6075792609375 0.41399184843750003 0.6134537578125 0.40091349374999996 0.6193080531249999 0.4377077046875 0.6254246171875 0.4599602171875 0.61668916875 0.45799699218749995 0.6130053546875 0.42021055625 0.605654953125 0.414297140625 0.6075792609375
0 0.425558353125 0.6012877421875 0.42583282968749997 0.60879438125 0.46523725625 0.6163757765625 0.4903557421875 0.6060683328125 0.4892351234375 0.6005744515625 0.4482197859375 0.5923566796874999 0.425558353125 0.6012877421875
0 0.4592358515625 0.5884939124999999 0.45894471093749994 0.593557646875 0.499721978125 0.6037987890625 0.5315646453125 0.591581190625 0.532257628125 0.586727225 0.4870247 0.5762055546875 0.4592358515625 0.5884939124999999
0 0.525009015625 0.5417223765625 0.5248710796875 0.5496247375000001 0.5735187484375001 0.5636484984375 0.6215780921875 0.544286303125 0.6219984921874999 0.5369744125 0.5675074421875 0.522263115625 0.525009015625 0.5417223765625
0 0.5859492453125 0.5559607046874999 0.5872491640625 0.565352009375 0.6277273359375 0.577769325 0.67662385 0.560763896875 0.6755757390625 0.5537191421875 0.6307329125 0.53976179375 0.5859492453125 0.5559607046874999
0 0.5832340484375 0.51024131875 0.5848011046875 0.52110113125 0.64190073125 0.5373218078125 0.6996747125 0.514908721875 0.7006906875000001 0.5070216875 0.6445814953125 0.48437737812500004 0.5832340484375 0.51024131875
0 0.649263709375 0.53481540625 0.6511949687499999 0.5415828078125 0.6910060390625 0.5586727859375 0.7537300375 0.5378099484375001 0.753297940625 0.52901933125 0.7061954125 0.510338234375 0.649263709375 0.53481540625
0 0.6643136640625 0.47769534374999995 0.665028225 0.48707643125000005 0.720295140625 0.507656653125 0.80022958125 0.47362684374999997 0.7989041171875 0.46569893906250004 0.7461012515625 0.43813526718749995 0.6643136640625 0.47769534374999995
0 0.73030245625 0.5046108703125001 0.732773096875 0.514022609375 0.774324921875 0.5320212796875 0.8555848265625 0.5059193750000001 0.8545673687500001 0.497118540625 0.8134359421875 0.4718079765625 0.73030245625 0.5046108703125001
0 0.314164528125 0.4850886046875 0.31353219062500004 0.49608669843750003 0.326669965625 0.5002793046875 0.3500614609375 0.4720638640625 0.3684896921875 0.475908453125 0.36963141875 0.4609559640625 0.34201980781249997 0.4534281578125 0.314164528125 0.4850886046875
0 0.3529113734375 0.44017557968750004 0.352720096875 0.45113376875 0.3663563515625 0.4548951375 0.39830076718749996 0.4190448015625 0.44573974843749997 0.4374895921875 0.447790225 0.409730084375 0.39570269687500004 0.38846377187500003 0.3529113734375 0.44017557968750004
0 0.5843557390624999 0.370225153125 0.586867871875 0.360873409375 0.479477946875 0.3006679296875 0.40887444687499996 0.37577474375 0.41061266406249997 0.38833254375 0.44674308125 0.40423104375 0.44466131875 0.388926865625 0.4971752578125 0.3409081125 0.568605546875 0.3754309953125 0.5684142703124999 0.38638918437499997 0.5843557390624999 0.370225153125
0 0.68425311875 0.41111717812500004 0.6023584750000001 0.3705393921875 0.56586798125 0.397697746875 0.5697699375 0.4208633578125 0.606658628125 0.3933204703125 0.659440078125 0.419688175 0.6591395015625 0.436908184375 0.6848240765625 0.42326311875 0.68425311875 0.41111717812500004