0 0.0713697390625 0.546184153125 0.16155080156249998 0.5221052937499999 0.1570649734375 0.515298515625 0.0728124203125 0.5395478203125 0.0471194921875 0.515760471875 0.042499934375 0.5259235 0.0713697390625 0.546184153125
0 0.176483684375 0.5158452 0.2491280140625 0.494487375 0.24707462812499997 0.4895592515625 0.176483684375 0.5045922875 0.1538509421875 0.49161263593750004 0.156574684375 0.505457896875 0.176483684375 0.5158452
0 0.24225325 0.43963650000000004 0.2434073953125 0.44367600781250005 0.2483125109375 0.44684990625000004 0.293635603125 0.4343359171875 0.2932139421875 0.43096262812499997 0.2653361484375 0.423189934375 0.225806684375 0.43271162968750004 0.24225325 0.43963650000000004
0 0.2613346359375 0.49168551875000005 0.316776034375 0.4748477609375 0.3147226484375 0.46704489687499995 0.2803024984375 0.4565624890625 0.2476979046875 0.4660841859375 0.2494250015625 0.48388265625000004 0.2613346359375 0.49168551875000005
0 0.24729313125000002 0.46457663125000004 0.275686521875 0.458125559375 0.2742107078125 0.45390894687500005 0.2438306953125 0.4438020234375 0.24729313125000002 0.46457663125000004
0 0.2830843265625 0.4585921625 0.325210615625 0.4490704671875 0.3316193265625 0.44560111406249997 0.32930019062500004 0.441173671875 0.33035434375 0.44075201093749994 0.2975111375 0.4332009734375 0.2588472828125 0.4424341328125 0.2574046015625 0.44849339375 0.2830843265625 0.4585921625
0 0.324121696875 0.4703622921875 0.3738139265625 0.456894790625 0.3736030953125 0.45246734843749997 0.33624021875 0.44237427656249995 0.2955957734375 0.4539431625 0.294402465625 0.4599749875 0.324121696875 0.4703622921875
0 0.41666705937500004 0.51764455 0.4676613640625 0.4995203640625 0.46550483593749997 0.4887377203125 0.419552421875 0.4758067953125 0.37136687031250004 0.49398457812499996 0.37050126250000004 0.5020635921875 0.41666705937500004 0.51764455
0 0.47732614375000004 0.4958948140625 0.5188753609375001 0.4791597125 0.5174326812500001 0.47194630625 0.47270956406250003 0.4589621765625 0.43123079999999997 0.470560475 0.43116034687499993 0.4808909296875 0.47732614375000004 0.4958948140625
0 0.4966811375 0.5511637796875 0.544289615625 0.5263496640625001 0.54371254375 0.5156738234375 0.48398554374999997 0.4983616484375 0.4363770640625 0.5168279671875 0.4363770640625 0.5263496640625001 0.4966811375 0.5511637796875
0 0.5485972968749999 0.514235075 0.5866840796874999 0.49490314843750005 0.58610700625 0.48740120625000005 0.529842440625 0.47124317656250003 0.49406394843749996 0.48797827812500005 0.49348687656249995 0.49778851093750004 0.5485972968749999 0.514235075
0 0.5902509484375 0.5803912234374999 0.6335313828125 0.5498063828124999 0.634685528125 0.5399961515625 0.5588004984375 0.517490325 0.5155200640625 0.5414388328124999 0.513788846875 0.5515376 0.5902509484375 0.5803912234374999
0 0.646406078125 0.5420416734375 0.66798809375 0.515298515625 0.6735315640625 0.5074452671875 0.6103390484375 0.4906822234375 0.5751349765625 0.5083691781249999 0.5691295515625 0.5171463390625 0.646406078125 0.5420416734375
0 0.1253350984375 0.5843599703125 0.16705711875 0.624906640625 0.19778765468749998 0.6098109390625 0.1918572 0.593097840625 0.1674613875 0.6002294640625 0.14033898281249998 0.571375840625 0.12504656249999999 0.576858028125 0.1253350984375 0.5843599703125
0 0.18158913125 0.640720059375 0.23945105 0.6884777453125001 0.29772599375 0.6556980890624999 0.29554068437500003 0.6291101453125 0.23929637812500001 0.6534156531249999 0.2012095953125 0.625139103125 0.20149813125 0.61850276875 0.1821662046875 0.626293246875 0.18158913125 0.640720059375
0 0.47324512500000004 0.6683650171875 0.54069465625 0.6175256984375 0.5407138484375 0.6032228015625 0.5170346859375 0.5947313359375 0.5170346859375 0.6088696109375 0.4679835265625 0.6429168875 0.4316279609375 0.6232964234375 0.4310508875 0.6460907859375 0.47324512500000004 0.6683650171875
0 0.26246018125 0.69908495625 0.3215534765625 0.7400314921875 0.37925086874999997 0.7407754375 0.45416441562500004 0.680938196875 0.4485807984375 0.6646526421875001 0.4378788625 0.659999628125 0.43555235468750003 0.667909753125 0.3657571234375 0.7172317171875 0.304802621875 0.6767504828125 0.3015455109375 0.659999628125 0.261529578125 0.6869871171875 0.26246018125 0.69908495625