0 0.1409622890625 0.5759756140625 0.231659075 0.53738689375 0.2265506640625 0.5324321734375 0.1399683359375 0.566660871875 0.112030784375 0.5472663015625 0.1126722609375 0.556315434375 0.1409622890625 0.5759756140625
0 0.24668193437500002 0.52991805625 0.3171405375 0.5020523203125 0.31384796718749997 0.49432121875 0.2541624578125 0.520357746875 0.2228872390625 0.5130927234375 0.226532284375 0.5210894359375 0.24668193437500002 0.52991805625
0 0.32377119374999996 0.4268510859375 0.29114395625 0.43719342968749997 0.3048405625 0.4412556578125 0.30868552656250003 0.45222905312500006 0.3150437484375 0.4499538109375 0.3154038328125 0.44760045000000004 0.3513230875 0.43610461718750004 0.3501451859375 0.42936189843749994 0.32377119374999996 0.4268510859375
0 0.327711059375 0.493921709375 0.3837243265625 0.471514865625 0.38284971093750003 0.46529165 0.3449374703125 0.4577228875 0.3127699109375 0.47063701562500004 0.317996984375 0.491806796875 0.327711059375 0.493921709375
0 0.33481864375 0.45709785625 0.308339325 0.45222129375 0.31300212968749996 0.46937609687500004 0.336126225 0.4620319359375 0.33481864375 0.45709785625
0 0.3159363125 0.452381890625 0.34662484843749997 0.45953288125 0.3568413359375 0.4550263375 0.3903577109375 0.441513215625 0.3908254 0.43755792187500003 0.3601336109375 0.43184038593749996 0.3158050109375 0.44707777968749995 0.3159363125 0.452381890625
0 0.39554355 0.46821607031249995 0.43988517031249996 0.44724485312500006 0.4394087984375 0.44239866875 0.4016343703125 0.43726710312500006 0.3568413359375 0.4550263375 0.35877612187499996 0.46150998281250005 0.39554355 0.46821607031249995
0 0.49680619375 0.46354408437499994 0.4503086609375 0.4881243984375 0.4509851734375 0.49665978437499997 0.4558981828125 0.4944001296875 0.5148792640625001 0.50467945 0.515199496875 0.5088189109375 0.5595094625 0.4798385140625 0.556268315625 0.47166356406250004 0.49680619375 0.46354408437499994
0 0.565969571875 0.47370002187500004 0.604480690625 0.44998059531249995 0.6038000203125 0.4432764984375 0.5478881859375 0.43622723125 0.5080947484375 0.4601268765625 0.50973334375 0.4643425828125 0.565969571875 0.47370002187500004
0 0.577249809375 0.47394539062499996 0.528900196875 0.507677990625 0.53188488125 0.5158889828125 0.575017896875 0.521334315625 0.580079240625 0.518269228125 0.61014093125 0.521890209375 0.61760194375 0.5265952734375 0.653164421875 0.49492131875 0.65263624375 0.4855804984375 0.577249809375 0.47394539062499996
0 0.6597728625 0.48797739218749997 0.6926542578125 0.45955705937499997 0.6916450375000001 0.4523760796875 0.6214516453125001 0.444195603125 0.5858656 0.4701192296875 0.586658559375 0.47576142812500005 0.6597728625 0.48797739218749997
0 0.6344564515625 0.52370346875 0.6349208609375 0.5288687828125 0.664465465625 0.5343931375000001 0.665875325 0.542563928125 0.7427922234375 0.5576453531250001 0.7755987531249999 0.51380531875 0.7754074421875 0.50127880625 0.6755973578125001 0.4870610484375 0.6344564515625 0.52370346875
0 0.781995090625 0.503491321875 0.80535960625 0.4724855625 0.803657240625 0.46409435156249995 0.715083034375 0.453528078125 0.685531509375 0.4833111328125 0.686248221875 0.49027169375 0.781995090625 0.503491321875
0 0.20023270937499998 0.608172103125 0.20385506250000002 0.618760859375 0.2593578140625 0.658339721875 0.291981590625 0.6383885015625 0.2822842734375 0.61798251875 0.26139410625 0.630308925 0.2180684265625 0.5984091734375 0.20023270937499998 0.608172103125
0 0.4242822390625 0.6321732250000001 0.3502107234375 0.6882552 0.29148383125 0.6469952609375 0.2684419734375 0.659197228125 0.2721163671875 0.6731933921875 0.352921278125 0.7318387984375 0.42369625 0.6796348437499999 0.4148111859375 0.643748459375 0.44152290625 0.621213403125 0.4199087140625 0.6101653515625001 0.4242822390625 0.6321732250000001
0 0.399185084375 0.7573102875 0.5329303953125 0.73739746875 0.47280729062500004 0.7435882140625 0.4350271390625 0.71773853125 0.42421211718749996 0.6893796671875 0.3794678375 0.7293884453125 0.381225846875 0.7449344609375 0.399185084375 0.7573102875
0 0.5927634265624999 0.6981311828125001 0.5534819140625 0.7343376312500001 0.599032975 0.7275557109374999 0.6143323671875 0.7027829890625 0.6124499171875 0.6893886640625 0.591967003125 0.680315825 0.5927634265624999 0.6981311828125001
0 0.5894306734375 0.665306034375 0.6368515718750001 0.6838250343750001 0.6959155515625 0.602961296875 0.69468019375 0.5941712703124999 0.6666697578125 0.583168471875 0.66436648125 0.5971510640625 0.6185746421875 0.65096595 0.58799394375 0.6398975390625 0.5894306734375 0.665306034375