0 0.3202847109375 0.45366296874999995 0.38639460468750003 0.4445896578125 0.38629162031250003 0.439589121875 0.3232897859375 0.44710532187499996 0.3065286171875 0.42625463906250005 0.305090334375 0.43564307968750005 0.3202847109375 0.45366296874999995
0 0.4011383109375 0.44371648124999996 0.4580692578125 0.43515545624999996 0.457144146875 0.42984860156250004 0.40312145 0.4346246765625 0.3843128859375 0.4167561828125 0.3833226359375 0.4292139546875 0.4011383109375 0.44371648124999996
0 0.4484862984375 0.37569035156249997 0.46127591093750003 0.38307716875 0.46082435625 0.3880583421875 0.4673723234375 0.3913406875 0.5059163296875 0.38463604687499997 0.5063485187500001 0.380209415625 0.4847153234375 0.37168095 0.4484862984375 0.37569035156249997
0 0.48450142500000004 0.401655121875 0.46052772343750004 0.3886031984375 0.45896004531249995 0.409646646875 0.48485263281249996 0.40749715000000003 0.48450142500000004 0.401655121875
0 0.46896991874999994 0.4330376453125 0.5183952203125 0.42476973593749995 0.5208554390625 0.417915453125 0.49079148593750005 0.4043732453125 0.46117820312499996 0.40972410625 0.4606263015625 0.42552847656250004 0.46896991874999994 0.4330376453125
0 0.47196971718749997 0.394832525 0.4965560546875 0.4062401953125 0.5370312671875 0.399880603125 0.5364124718750001 0.393751621875 0.5109071843749999 0.38481033125 0.4712540984375 0.3914762421875 0.47196971718749997 0.394832525
0 0.53002118125 0.4257309375 0.574723215625 0.4175756953125 0.5755101359375 0.41094058593750005 0.5423574859375 0.3984009515625 0.5041101125 0.40456073437500006 0.502758971875 0.411453746875 0.53002118125 0.4257309375
0 0.6069348109375 0.48856660312500005 0.6635902203125 0.47454254218749997 0.6641443781249999 0.46765885 0.6179015671875 0.44407978437500006 0.5629116187500001 0.45533803125 0.5635781984375 0.4632056765625 0.6069348109375 0.48856660312500005
0 0.6737938828125001 0.4698784671875 0.7227089906249999 0.4618596015625 0.7226801390625 0.453700453125 0.675365825 0.433849265625 0.6276167359375 0.4444190453125 0.62645768125 0.45065406562500004 0.6737938828125001 0.4698784671875
0 0.62327101875 0.49698144375000003 0.6810725421875 0.5310049390625 0.74093848125 0.5148965703124999 0.74090963125 0.5067374203125 0.6823937718749999 0.4751991765625 0.6260955328125 0.4879806109375 0.62327101875 0.49698144375000003
0 0.7520823234375 0.5102653265625 0.8008810296875 0.496594453125 0.8022370750000001 0.48471836718750005 0.7375807125 0.4582998640625 0.69189404375 0.47270696093750003 0.6909170546875 0.48271363437500003 0.7520823234375 0.5102653265625
0 0.8608971875 0.5570523609375 0.9102391078125001 0.5368111890625 0.9114638265625 0.5286958140625 0.8236094515625 0.49268152499999995 0.7782033453125 0.5080397453125001 0.777864084375 0.5177549140625 0.8608971875 0.5570523609375
0 0.703071703125 0.5389899859375 0.78484725625 0.5873429859375 0.8465428125000001 0.563767915625 0.8466343453125 0.552161446875 0.7607916515625 0.5124521109375 0.7020151234374999 0.53330514375 0.703071703125 0.5389899859375
0 0.3496894046875 0.4912425640625 0.35115127031250004 0.5001599515625 0.3786309859375 0.5358756078125 0.40256174375000003 0.5310368328124999 0.40175097187500003 0.5136304968750001 0.38427041875 0.5165665984375 0.366889953125 0.4861687640625 0.3496894046875 0.4912425640625
0 0.3874370453125 0.5376017359375 0.3873088484375 0.5514287453125 0.425311753125 0.6006340609375 0.4800642875 0.586586653125 0.47709557656249996 0.5598839703125 0.4288179890625 0.571320259375 0.40310938125 0.5356664515625 0.3874370453125 0.5376017359375
0 0.517543165625 0.6609540671875 0.47538855937499996 0.6087665453125 0.4773373421875 0.5935844968749999 0.43877217343749997 0.601104109375 0.43646916874999997 0.6162737875000001 0.49557580312500005 0.7009721046874999 0.60678675625 0.654494878125 0.611482725 0.6418913374999999 0.594670134375 0.625699475 0.59230978125 0.632355465625 0.517543165625 0.6609540671875
0 0.5994616890625 0.5900467953125 0.597619734375 0.61232564375 0.6336873562500001 0.6458586234375 0.7176805984375 0.6069426171875001 0.7172937671875 0.5977081171874999 0.6949249609375 0.5781303453125 0.691864034375 0.5946921703125 0.6336637453125 0.616066903125 0.5994616890625 0.5900467953125