0 0.41043248906249996 0.38465045625 0.44328984374999997 0.4089906734375 0.44622163437499995 0.3922834546875 0.4080310515625 0.359850165625 0.3268917609375 0.3975443796875 0.328891215625 0.410397625 0.3524646515625 0.4235590359375 0.35483587656250004 0.4097011234375 0.41043248906249996 0.38465045625
0 0.44617515937499996 0.3774763578125 0.5235043375 0.3379375015625 0.5691466875 0.392968315625 0.5669259156249999 0.4039554265625 0.604156846875 0.3919244359375 0.603959921875 0.3799881375 0.5410875421875 0.3006136203125 0.4330892609375 0.3525273578125 0.4332861875 0.36446365625 0.44617515937499996 0.3774763578125
0 0.6433268296875 0.460598228125 0.660032303125 0.45571635625000007 0.6605911265625 0.4450533859375 0.618446365625 0.393907040625 0.5666035171875 0.410107140625 0.5693505890624999 0.436159265625 0.613985071875 0.4241050390625 0.6433268296875 0.460598228125
0 0.6839815875 0.5087878031249999 0.6953555765625 0.5036265203125 0.696433721875 0.4987481359375 0.6659690859375 0.4601398953125 0.64380316875 0.46720304218750003 0.6430294140624999 0.481967153125 0.65926029375 0.47829413125000003 0.6839815875 0.5087878031249999
0 0.662242375 0.5541509265625 0.663395346875 0.5586564625 0.7304992203125 0.5505048109375 0.74476459375 0.5698663296875 0.74706818125 0.5683201375 0.7468189859375001 0.5624728703125 0.7295059687500001 0.5429516328124999 0.662242375 0.5541509265625
0 0.5900074281250001 0.5700904328124999 0.6444694296875 0.5646100828125 0.6642457562499999 0.5795374875 0.6644623765625 0.570102978125 0.6477046546875 0.5558894125 0.5878478625 0.5635874078125 0.5900074281250001 0.5700904328124999
0 0.527249371875 0.5801367546875 0.5550603921875 0.5954852390625 0.5856082453125 0.5904185187500001 0.5845702546875 0.5784178843750001 0.5787932328125 0.5667245265624999 0.5269566140624999 0.5751206609375 0.527249371875 0.5801367546875
0 0.4717819546875 0.588898246875 0.4994611171875 0.6014616265625 0.5428553 0.5951234171875 0.5430876203125 0.5906904828124999 0.5141538453125001 0.5755609749999999 0.4718243359375 0.5827884390625 0.4717819546875 0.588898246875
0 0.50982961875 0.60506103125 0.5356564921875 0.6158604203125 0.575959471875 0.610193665625 0.5753460968749999 0.6059942296874999 0.5523333671875 0.5945088640625 0.511228253125 0.5995779406249999 0.50982961875 0.60506103125
0 0.5983019234375 0.6238664578125 0.5823463375 0.6102505671875 0.5412267015625 0.615596703125 0.540512865625 0.6186153062499999 0.5611482265625 0.6277535234375 0.5983019234375 0.6238664578125
0 0.385459790625 0.5343667953125 0.42823314687499997 0.55577799375 0.4826213703125 0.5464043046875 0.48079694218749996 0.538807565625 0.4353256015625 0.5158658765624999 0.3840733203125 0.529015565625 0.385459790625 0.5343667953125
0 0.3297310140625 0.548115340625 0.37645578749999997 0.568344525 0.42084086562499995 0.5590022343750001 0.4184187625 0.5522076296875 0.3770306984375 0.5308690328125001 0.3311586875 0.542078134375 0.3297310140625 0.548115340625
0 0.3098726625 0.49234418125 0.308824865625 0.501735128125 0.371109653125 0.527224890625 0.4210202015625 0.513171425 0.421397721875 0.50596790625 0.36196946093750004 0.47368236250000006 0.3098726625 0.49234418125
0 0.25486125625 0.518910015625 0.31665000625 0.5432625015625 0.357622084375 0.530129690625 0.3581605046875 0.5251571578124999 0.3004393328125 0.497406190625 0.2563034515625 0.51259575 0.25486125625 0.518910015625
0 0.21421998750000001 0.4462139609375 0.2120639546875 0.45554682968750004 0.292010240625 0.49390842656249995 0.34565205312499997 0.47227156406250004 0.34457168125000004 0.46638073750000003 0.264157221875 0.42104911874999995 0.21421998750000001 0.4462139609375
0 0.15643799687499998 0.47263459531249996 0.1551131421875 0.482011021875 0.2335556171875 0.5119592265625 0.27710834218749997 0.4972947421875 0.2788711546875 0.49016382187499996 0.19775855625 0.4528523796875 0.15643799687499998 0.47263459531249996