0 0.823489115625 0.5147503546875 0.9201723984375001 0.47234907187499997 0.9594348484375 0.4925408359375 0.9594541171875001 0.4837104984375 0.917699575 0.4641925578125 0.8178439578125 0.5077190171875 0.823489115625 0.5147503546875
0 0.7280709140625 0.558467634375 0.7979641109375 0.5285515640625 0.8296425031249999 0.5379039031249999 0.824779421875 0.5252590578125 0.800977740625 0.517146571875 0.7269076640625001 0.5519894859375001 0.7280709140625 0.558467634375
0 0.6583335765625 0.591615696875 0.701576184375 0.597766584375 0.7331232125 0.5860664734375 0.7241621687500001 0.560891665625 0.7148093265625 0.5575676953125 0.6575269875 0.5827700250000001 0.6583335765625 0.591615696875
0 0.734190884375 0.585655859375 0.7129726984375 0.5949696578125 0.7152673375 0.5999988328125 0.7385239593749999 0.602733721875 0.734190884375 0.585655859375
0 0.70186549375 0.6228880593749999 0.7038847609375 0.6279510453125 0.73553775 0.6307730796875 0.75995406875 0.6224642125 0.7445768828125 0.6201594609375001 0.7391953046874999 0.6104779140625001 0.70186549375 0.6228880593749999
0 0.6577676328125001 0.6226720953125 0.6940012531249999 0.6248575390625 0.7406545515625 0.609526853125 0.7386511296875 0.6017417593750001 0.70373316875 0.5974742984375 0.65677201875 0.6159853796875 0.6577676328125001 0.6226720953125
0 0.6012507109375 0.6173902890625 0.644035190625 0.621739396875 0.6885884 0.603523971875 0.6889687531249999 0.596668309375 0.6442350609374999 0.5892413484375 0.5993559296875001 0.6090680890625 0.6012507109375 0.6173902890625
0 0.56556300625 0.560405746875 0.555246859375 0.565502075 0.509529296875 0.5585323046874999 0.49576204218750003 0.555572403125 0.4653334625 0.579551075 0.46639229687499995 0.588174584375 0.5314039390625 0.5963314578125 0.57777475625 0.566292115625 0.57563320625 0.559989925 0.56556300625 0.560405746875
0 0.4249052953125 0.61788781875 0.48466915000000005 0.6234064703125 0.520146984375 0.6004491125 0.5194852125 0.59505941875 0.45706915312499996 0.58576320625 0.422938740625 0.60855511875 0.4249052953125 0.61788781875
0 0.4167798375 0.5450276875 0.39079128281250003 0.540559353125 0.3649674796875 0.568622934375 0.3660263140625 0.5772464453125 0.4459210140625 0.5863113828125 0.487649190625 0.554106609375 0.4867274859375 0.544372071875 0.42448164374999997 0.534234315625 0.4167798375 0.5450276875
0 0.33312017968749996 0.6100092921875 0.40779540625 0.6188944578125 0.43570413124999996 0.592216165625 0.436560003125 0.5858194859375 0.36229616875000004 0.5736012359375 0.33269957968749997 0.6021280578125 0.33312017968749996 0.6100092921875
0 0.2647727484375 0.5100765109375 0.24113279062499998 0.55592608125 0.24148243749999998 0.5654573125 0.34077048125 0.57651780625 0.372712271875 0.53812886875 0.3237278046875 0.531286675 0.322371175 0.520237803125 0.2647727484375 0.5100765109375
0 0.22062260781249998 0.602759103125 0.3073584671875 0.6096163156250001 0.3317638921875 0.583368171875 0.33266240625 0.5728630453125 0.2350574453125 0.5621429906250001 0.21884980937499998 0.597232278125 0.22062260781249998 0.602759103125
0 0.7606678812500001 0.38002921875 0.718369653125 0.40414962968749996 0.7283390109375001 0.4317272640625 0.7571542234375 0.41173107656249996 0.8141217171875 0.44341294062500003 0.8347659500000001 0.4305918203125 0.8302861531250001 0.41756391718749997 0.7606678812500001 0.38002921875
0 0.7109103359375 0.38696158281250004 0.712403428125 0.399121846875 0.7401021546875 0.380085653125 0.735124659375 0.36300432968749996 0.63069006875 0.3099947890625 0.5548043593750001 0.3822647078125 0.5622564921875 0.40274526093749996 0.54128490625 0.42630435625 0.575148415625 0.4373702046875 0.57032023125 0.42150490781250005 0.6418821171875 0.357583496875 0.7109103359375 0.38696158281250004
0 0.5488775203125 0.3343496921875 0.5518490859375 0.36644196562500003 0.5989629562500001 0.31221362343750003 0.5985696875000001 0.30111990781250003 0.52208685625 0.25819185 0.40624319218749994 0.26950905468749997 0.35857595937500003 0.35868465625 0.3597394546875 0.37210597343749996 0.385175134375 0.3859380859375 0.381458103125 0.36750151875000003 0.43704570781249996 0.283651071875 0.5488775203125 0.3343496921875
0 0.343923478125 0.377438975 0.3028288671875 0.460963209375 0.30231779375 0.4765278796875 0.32950355625 0.48094084375 0.327084134375 0.46912703906250003 0.35566115625 0.40990821093749996 0.38212683125 0.41634733125 0.382654821875 0.3930296296875 0.343923478125 0.377438975