0 0.298679775 0.3911416703125 0.3609982421875 0.37234903125 0.3928139828125 0.4005397609375 0.3959162328125 0.37854484843749997 0.361538071875 0.3467336640625 0.27270513749999997 0.3733703609375 0.2706761484375 0.384490821875 0.29818561875 0.4026823015625 0.298679775 0.3911416703125
0 0.4764174984375 0.3413145734375 0.52155699375 0.40265980625 0.5516048359375 0.3934986125 0.551367503125 0.383471046875 0.4972453828125 0.3074197578125 0.3854095875 0.3408946953125 0.383495990625 0.3548388125 0.398611403125 0.36684528437499997 0.4008929484375 0.36106081093750003 0.4764174984375 0.3413145734375
0 0.5973230203125001 0.4453608703125 0.5637971 0.39691640625 0.5139995796875 0.406796571875 0.511807465625 0.4333679828125 0.55819929375 0.42441887187500005 0.5834282875000001 0.4577516046875 0.5961734843750001 0.45463413125 0.5973230203125001 0.4453608703125
0 0.626678409375 0.4913423203125 0.6032894234375 0.457971225 0.58124771875 0.46027159375000004 0.5814732671875 0.4761551546875 0.59803331875 0.47580988281250003 0.6146666796875 0.50069116875 0.6280453671874999 0.5004574921875 0.626678409375 0.4913423203125
0 0.284322121875 0.4451875328125 0.2859819328125 0.4357829234375 0.2027026265625 0.387032921875 0.141333909375 0.40712788906249997 0.13844084375000001 0.41744843749999994 0.223677525 0.4573157265625 0.284322121875 0.4451875328125
0 0.210313953125 0.45972184218749995 0.21059753906249998 0.450889115625 0.12484709062499999 0.40881451875 0.0744468015625 0.4268369734375 0.071754821875 0.43667049375 0.159404528125 0.4706934625 0.210313953125 0.45972184218749995
0 0.185804603125 0.4710362703125 0.18257561093750002 0.47899491562499996 0.24737342031249998 0.505406865625 0.295748225 0.4967634484375 0.29491828125 0.48952315 0.2336075234375 0.461016628125 0.185804603125 0.4710362703125
0 0.2467316453125 0.4572575328125 0.24560535468750003 0.46619836093749994 0.30562799375 0.49544995625 0.36163364374999996 0.4851687578125 0.3621334328125 0.47802144375 0.2958143140625 0.4456570859375 0.2467316453125 0.4572575328125
0 0.3097452890625 0.4972411296875 0.2641461796875 0.5044083500000001 0.2616517921875 0.5114161875 0.3107333984375 0.5308831265625 0.3568230265625 0.5262556468749999 0.35642199531249996 0.52004751875 0.3097452890625 0.4972411296875
0 0.368667403125 0.524077359375 0.4197051671875 0.5179585640625 0.37647016093749996 0.4865402859375 0.323905075 0.49539177968750003 0.32255095625 0.5028134125 0.368667403125 0.524077359375
0 0.45140961874999996 0.54706728125 0.4074540640625 0.5498396375 0.406394015625 0.555444509375 0.43519020781249995 0.5688161328125 0.47614223906250003 0.566000778125 0.4773103890625 0.5612386125 0.45140961874999996 0.54706728125