0 0.808109196875 0.5654542359375 0.800307178125 0.5630536140625 0.7967062453125 0.576557109375 0.8192120718749999 0.5843591296875 0.8492198406250001 0.560352915625 0.851320384375 0.5522508171875 0.8288145578125 0.547149496875 0.808109196875 0.5654542359375
0 0.768198865625 0.6056646453125001 0.7519946703125 0.59996316875 0.7498941265625 0.61106604375 0.7757008078125 0.6245695390625 0.8123102843750001 0.59426169375 0.8138106734375 0.582858740625 0.7967062453125 0.5780574984375 0.768198865625 0.6056646453125001
0 0.7135847281250001 0.6494759859375 0.6541693468750001 0.6182679078125 0.6586705125 0.5993630140625 0.631063365625 0.6176677515625 0.630463209375 0.62516969375 0.715085115625 0.673782278125 0.762497390625 0.634472103125 0.76429785625 0.623369228125 0.7483937390625 0.6179678296875 0.7135847281250001 0.6494759859375
0 0.6112582375 0.5951619265625 0.569547440625 0.5738564109375 0.5683471296875 0.5657543140625 0.5512427015625 0.574456565625 0.5494422359375 0.581058275 0.6130587046875 0.61676751875 0.6601709 0.5882601390625 0.6601709 0.5768571875 0.6463673265625001 0.5699554015625 0.6112582375 0.5951619265625
0 0.471722115625 0.5243435937500001 0.47112196093750003 0.532445690625 0.514333146875 0.5537512062500001 0.564746196875 0.5333459234375 0.5629457312499999 0.527944525 0.518534234375 0.5081393984375 0.471722115625 0.5243435937500001
0 0.471722115625 0.488334271875 0.4264103859375 0.5021378453125 0.42821085156249994 0.5075392437499999 0.4606192421875 0.5267442140624999 0.5095319046875 0.5093397093750001 0.50833159375 0.5042383890625 0.471722115625 0.488334271875
0 0.5224352437500001 0.5060388546875 0.5635458875 0.49283543593749995 0.5635458875 0.488334271875 0.526936409375 0.47393054218749997 0.48762623281249995 0.4847333390625 0.48732615625 0.49013473750000003 0.5224352437500001 0.5060388546875
0 0.5728482953125 0.48893442656249997 0.6085575390625 0.477531475 0.6082574609375 0.47122984375000004 0.5707477515625 0.460727125 0.537439128125 0.4703296109375 0.5368389734375001 0.4760310859375 0.5728482953125 0.48893442656249997
0 0.6253618890625 0.5093397093750001 0.6598708234374999 0.4958362140625 0.6598708234374999 0.48983465937500004 0.6151592484374999 0.475731009375 0.5830509359375 0.4871339609375 0.5821507031250001 0.494335825 0.6253618890625 0.5093397093750001
0 0.5329379624999999 0.504538465625 0.5329379624999999 0.5102399421875 0.575849071875 0.53004506875 0.6187601796875 0.51174033125 0.6187601796875 0.5060388546875 0.57344845 0.4913350484375 0.5329379624999999 0.504538465625
0 0.275171234375 0.5675547796875 0.2745710796875 0.57475664375 0.30427876875000004 0.6080652671875 0.38049849999999996 0.579257809375 0.3801984234375 0.5714557890624999 0.3462896453125 0.5441487203125 0.275171234375 0.5675547796875
0 0.15964132656250002 0.6032640234375 0.1803466875 0.6542772296875 0.2799724765625 0.617367675 0.2769717 0.6080652671875 0.249964709375 0.5738564109375 0.15964132656250002 0.6032640234375