0 0.1825792984375 0.5180641453125 0.24203352812499998 0.5484237515625 0.2553158546875 0.5404121890625 0.25278588750000003 0.5332439484375 0.26944150625 0.5258648765625 0.2664898765625 0.5201724515625 0.24498515625 0.5298706578125 0.2028190359375 0.5092092593750001 0.2000782390625 0.49677025468749997 0.1794168390625 0.5079442765625 0.1825792984375 0.5180641453125
0 0.26227326562500003 0.5604410953125 0.32973905625 0.596493128125 0.4090113625 0.5383038828125 0.40648139531250005 0.5302923203125001 0.3801275703125 0.5159558390625001 0.38033839999999997 0.5311356421875 0.32362496875 0.5680309968749999 0.27133898125 0.537671390625 0.2504667515625 0.5473695984375 0.26227326562500003 0.5604410953125
0 0.42861860781249994 0.5239674015625 0.48322373281250003 0.48475291093750006 0.4814316734375 0.4746330421875 0.464459809375 0.46894061562499995 0.4648814703125 0.472735565625 0.4246128265625 0.5007760359375 0.3759109578125 0.4834879265625 0.37696511093749996 0.49613776249999997 0.3780192640625 0.5037276640624999 0.42861860781249994 0.5239674015625
0 0.496927721875 0.47442221093750003 0.5397263328124999 0.4440626046875 0.5390938421875 0.43626187187500004 0.5245465296875 0.4312019375 0.5239140390625 0.43900267031249995 0.49439775468749997 0.458820746875 0.4642489796875 0.450598353125 0.4640381484375 0.4640915109375 0.496927721875 0.47442221093750003
0 0.5572252734375 0.49972188281249996 0.64556329375 0.5262865390625 0.6757120703124999 0.48496374062500003 0.6755012390624999 0.47758467031249996 0.5958072734375001 0.4554474578125 0.557646934375 0.48918035312499997 0.5572252734375 0.49972188281249996
0 0.49144612656250003 0.560968171875 0.5903256765625 0.600498909375 0.6341784421875001 0.5408338500000001 0.63354595 0.5313464734375 0.5435212843749999 0.501197696875 0.490602803125 0.5490562437500001 0.49144612656250003 0.560968171875
0 0.3984698328125 0.6473033015625 0.51421583125 0.7090766671875001 0.5804166390625001 0.618630340625 0.5804166390625001 0.60555884375 0.47605549218750004 0.5629710625000001 0.3980481703125 0.634864296875 0.3984698328125 0.6473033015625
0 0.6181553156249999 0.6082996406250001 0.747816134375 0.6618506140625 0.7748024515624999 0.573934253125 0.6594781140625 0.5364064078124999 0.659056453125 0.5364064078124999 0.61920946875 0.5979689421875001 0.6181553156249999 0.6082996406250001
0 0.668754659375 0.53450893125 0.7813382 0.5673985046875 0.796518003125 0.5068901234375 0.70037925 0.48095795937499997 0.6714954578125 0.5231240796875001 0.668754659375 0.53450893125
0 0.7248356 0.375964321875 0.7857656421875 0.3884033265625 0.7944096968750001 0.3744885078125 0.79335554375 0.366687775 0.7370637734375001 0.3582545515625 0.7261005828125 0.3713260484375 0.7248356 0.375964321875
0 0.7050175234375 0.3985231953125 0.7716399921875 0.4113838625 0.78154903125 0.38903581875 0.72040815625 0.37680764375 0.7054391843750001 0.391776615625 0.7050175234375 0.3985231953125
0 0.6826694796874999 0.42572034218750004 0.757936003125 0.44132180625000006 0.7697425171875001 0.41749795 0.770375009375 0.41159469218750006 0.702276725 0.3976798734375 0.684356125 0.41791961093749996 0.6826694796874999 0.42572034218750004
0 0.6025538515625 0.4077997421875 0.66770050625 0.42234705312500004 0.6858319390625 0.402107315625 0.687307753125 0.395993228125 0.6272210312500001 0.38397588437499997 0.6046621578125 0.40105316249999995 0.6025538515625 0.4077997421875
0 0.632491796875 0.385873359375 0.69004855 0.3974690421875 0.7050175234375 0.38081342500000004 0.7054391843750001 0.37491016875 0.6508340593749999 0.36584445312499997 0.6312268140625 0.38060259375 0.632491796875 0.385873359375
0 0.6554723328125001 0.3660552828125 0.7100774578125 0.3763859828125 0.7231489546875001 0.3628928234375 0.72272729375 0.3578328890625 0.672971271875 0.3489780046875 0.6565264859375 0.361838671875 0.6554723328125001 0.3660552828125