0 0.1918765953125 0.5069390874999999 0.210054378125 0.5392551453125 0.3153701015625 0.5141524937499999 0.313927421875 0.5046307984375 0.2919986671875 0.4829905796875 0.29344134843749997 0.5014568984375 0.2201531453125 0.5167493203125 0.20543779843749999 0.4951091015625 0.191299521875 0.4985715375 0.1918765953125 0.5069390874999999
0 0.3127732765625 0.484144725 0.344223725 0.5069390874999999 0.424725334375 0.4887613046875 0.42270558124999996 0.4809708265625 0.41116413124999995 0.472026203125 0.4100099859375 0.47779692812499996 0.35432249374999997 0.489338378125 0.33152813124999997 0.47029498593749997 0.31190766718749996 0.4740459578125 0.3127732765625 0.484144725
0 0.40827876874999997 0.4633701171875 0.4472311609375 0.48270204375 0.5141715671875 0.467698159375 0.5127288859375 0.4604847546875 0.49628232031249997 0.4532713484375 0.49570524843749997 0.4616388984375 0.44896237812499995 0.4688523046875 0.42241704531249996 0.4529828125 0.41087559531249995 0.4561567109375 0.40827876874999997 0.4633701171875
0 0.5398512906249999 0.5412749 0.6128509578125 0.5158837109375 0.6137165671875 0.50549640625 0.54908445 0.4795281453125 0.478681609375 0.5003027546875 0.4781045375 0.5069390874999999 0.5398512906249999 0.5412749
0 0.4123182765625 0.5848438703125 0.5118632765625 0.548776840625 0.511574740625 0.5406978265625 0.4527133484375 0.504053725 0.36326711718750004 0.5300219859374999 0.36297858125000004 0.538966609375 0.4123182765625 0.5848438703125
0 0.5092664499999999 0.6664996249999999 0.6209299734375 0.6125433484375 0.6209299734375 0.5981165374999999 0.5311952046874999 0.5470456234375 0.4325158125 0.5871521609375 0.4299189859375 0.6018675078125 0.5092664499999999 0.6664996249999999
0 0.2143824203125 0.5681087687499999 0.21611363749999998 0.580227290625 0.24756408749999997 0.6431281890625 0.3851958703125 0.5981165374999999 0.3846187984375 0.5810929 0.33499056562499996 0.5352156390625 0.2143824203125 0.5681087687499999
0 0.6466096968749999 0.6007133625 0.722206190625 0.561760971875 0.7227832624999999 0.5499309859375 0.6307402046874999 0.5127098125 0.5580290734375 0.53983221875 0.5565863921875 0.54964245 0.6466096968749999 0.6007133625
0 0.66928089375 0.4675703859375 0.713291528125 0.4536602875 0.713747596875 0.44773139375 0.655370796875 0.43313719375000004 0.6131844375 0.443854809375 0.6111321281250001 0.45137994375 0.66928089375 0.4675703859375
0 0.721956834375 0.452064046875 0.7582143 0.439750190625 0.7591264375 0.43404933124999995 0.701661775 0.421963509375 0.6654043093750001 0.430628815625 0.66472020625 0.435189503125 0.721956834375 0.452064046875
0 0.76870388125 0.437925915625 0.799944590625 0.429032575 0.8019969 0.42219154375 0.7436201 0.41124589375 0.713291528125 0.41991120000000004 0.713291528125 0.423331715625 0.76870388125 0.437925915625
0 0.855584978125 0.4563967 0.883861240625 0.445223015625 0.8845453437499999 0.438838053125 0.817731271875 0.425155990625 0.787630734375 0.43541753749999995 0.786262528125 0.439294121875 0.855584978125 0.4563967
0 0.73769120625 0.45320421875 0.8092940000000001 0.4732712453125 0.844183259375 0.45936114687499996 0.844639328125 0.45274815 0.7746327749999999 0.43678574374999996 0.7379192406249999 0.44818746249999997 0.73769120625 0.45320421875
0 0.6825068875 0.4734992796875 0.758898403125 0.49584664843750004 0.802224934375 0.4773758640625 0.8019969 0.4707628671875 0.727885728125 0.450923875 0.6843311625 0.46506200781249996 0.6825068875 0.4734992796875
0 0.5534799046875001 0.43387539531249997 0.5980147625 0.44773838593750004 0.6425496203125001 0.43699456875 0.64514893125 0.4304096484375 0.5980147625 0.44132675312499997 0.5546929171875 0.42936992343749997 0.5534799046875001 0.43387539531249997
0 0.6387372984375 0.431795946875 0.6550263125 0.43300895937500006 0.6905502265625 0.4246911640625 0.69158995 0.4205322671875 0.6903769390625001 0.41810624374999994 0.6517338515625 0.42521102656250004 0.639950309375 0.423304865625 0.6387372984375 0.431795946875