0 0.2017690703125 0.5267719796875 0.19903874375 0.539491021875 0.23900457031250003 0.517215078125 0.3193350109375 0.5484186671875 0.32327530000000004 0.5418653015625 0.23689920781249998 0.5063102859375 0.2017690703125 0.5267719796875
0 0.3154084703125 0.5545665015625 0.31272643125 0.5668261203125 0.340870003125 0.5553846171875 0.3986637734375 0.5800390015625 0.401830075 0.5720107859375 0.33255067656250004 0.5461492125 0.3154084703125 0.5545665015625
0 0.3528050046875 0.6495770984375 0.37699093281249996 0.6593615500000001 0.4081281984375 0.6540506125000001 0.4098307765625 0.6480601015625 0.3849748109375 0.6395464109375 0.38282527499999996 0.6446852328125 0.3528050046875 0.6495770984375
0 0.39525752812500003 0.62170905 0.39275983281250004 0.6327125015624999 0.42701386875 0.6462375296875 0.4651463015625 0.6381747265625 0.4659693046875 0.63289648125 0.4219124671875 0.6156587625000001 0.39525752812500003 0.62170905
0 0.402707534375 0.5820125953125 0.397182328125 0.609060325 0.41942745625000005 0.6194455046875 0.462935334375 0.608728834375 0.464916759375 0.6000852562500001 0.4113080828125 0.5767470890624999 0.402707534375 0.5820125953125
0 0.4356264296875 0.6134009953125 0.43463611562500004 0.6202710828125 0.47536985 0.638500715625 0.5191852609375001 0.6299622671875 0.5234851359375 0.6247812171875 0.4758390859375 0.6034109328125 0.4356264296875 0.6134009953125
0 0.6093740671875 0.5609882796875 0.5719733812500001 0.5667404953124999 0.5650972171875 0.5621445078125 0.5407010640625 0.56577760625 0.5402788609375 0.5734797796875 0.5858304171875 0.6007324296875 0.65577234375 0.5875552703125 0.6573438359375 0.5799738921875 0.619595690625 0.555865378125 0.6093740671875 0.5609882796875
0 0.7190143984375 0.52075300625 0.64637125 0.5375195328125 0.6481475359375 0.550100703125 0.6393570515625 0.5526627328125 0.6806140296875001 0.5802386609375 0.7687627640625 0.5670384765625001 0.7682162953125 0.553811909375 0.7407507515625 0.52768551875 0.7291175421875 0.5314980765625 0.7190143984375 0.52075300625
0 0.6041821609375 0.598793478125 0.6049092421875 0.6066164453125 0.6399147421875 0.627338078125 0.7050179359375 0.6159763109374999 0.7064686296875 0.6095442203125 0.6698697734375 0.5855565 0.6041821609375 0.598793478125
0 0.6955708484375001 0.5776036859375 0.6935967078124999 0.5890160171875001 0.7250335546875 0.6105245515625 0.8102590328125 0.599341084375 0.8104592 0.590066265625 0.7817028640625 0.5614802437499999 0.6955708484375001 0.5776036859375
0 0.8362876453125001 0.4912733921875 0.8407053328125 0.5045195140625001 0.7644728187500001 0.5185848171874999 0.7983520578125 0.5573924625 0.9199452359375 0.53460994375 0.9152570640625 0.519210378125 0.8870149828124999 0.48033729999999997 0.8362876453125001 0.4912733921875
0 0.812211096875 0.5587061703125 0.8142692359374999 0.5686056734375 0.8396582421875 0.5960631203125 0.9421425671874999 0.58282035625 0.9454684734375001 0.5769726859375 0.9263079203125001 0.5381627265625 0.812211096875 0.5587061703125
0 0.3707808703125 0.4086273046875 0.305692753125 0.450645853125 0.3042415421875 0.46445320468749995 0.32612791093750004 0.47588116874999997 0.324477334375 0.46604315312500005 0.3792825125 0.44012521875 0.40941534375 0.45993677968749996 0.4164545515625 0.43383070625000003 0.3707808703125 0.4086273046875
0 0.5866365265625 0.422067240625 0.5906871828125 0.40907001875000004 0.4983558265625 0.3220493390625 0.3938343296875 0.3867691953125 0.3903434359375 0.404657515625 0.41295701406249996 0.41938342500000003 0.4120049375 0.40800806874999995 0.48916851250000004 0.3737017265625 0.5484853078125 0.42235273281249996 0.5453022015625 0.4424210796875 0.5866365265625 0.422067240625
0 0.595206275 0.26790488749999997 0.5200983328125 0.29710196093749996 0.5288834640625 0.33160865156249997 0.5765535374999999 0.3744593640625 0.579591525 0.3346449265625 0.6967126578125 0.27857363749999997 0.595206275 0.26790488749999997
0 0.7708149265625 0.35359663750000003 0.78564598125 0.3282219171875 0.7443469390625 0.2835802015625 0.6967126578125 0.27857363749999997 0.7518034499999999 0.354465146875 0.7532066640624999 0.3574793265625 0.7708149265625 0.35359663750000003