0 0.9555163468750001 0.5498316765625 0.9514350109375 0.5394408078125 0.9245323609374999 0.5618508921875 0.8416643828125 0.5332253828125 0.8368284640624999 0.5397880609375 0.925625746875 0.568553634375 0.9555163468750001 0.5498316765625
0 0.84266901875 0.523423909375 0.8461136328125001 0.509740171875 0.8228326062500001 0.5215175296875 0.7531251734375 0.5028106515624999 0.7508166828125 0.5076245546875 0.8222436734375 0.5327550203125 0.84266901875 0.523423909375
0 0.7605526984375001 0.45320864843750003 0.77733914375 0.44715401562499996 0.7383621812500001 0.43557655625 0.7101158015625 0.4418795875 0.7095181734375 0.44522618593749996 0.7541242203125 0.46009505156249997 0.7591887234375 0.45718221718749996 0.7605526984375001 0.45320864843750003
0 0.7510751109375 0.49701882656249996 0.753731340625 0.4793351375 0.7216697578125 0.468120096875 0.6867481718749999 0.476786728125 0.6842892296875001 0.4844714328125 0.738773428125 0.5041876937499999 0.7510751109375 0.49701882656249996
0 0.7261976031249999 0.4699226078125 0.754214459375 0.47785083281249996 0.7587594078125 0.45728590625 0.727892075 0.46578901093749997 0.7261976031249999 0.4699226078125
0 0.6772152874999999 0.45828803437500004 0.7187855171875001 0.4700014 0.744958578125 0.46126044374999997 0.743834990625 0.4551339828125 0.7057073500000001 0.4438899671875 0.6725139625 0.4497117765625 0.6735446031250001 0.4501880296875 0.67099693125 0.4544880296875 0.6772152874999999 0.45828803437500004
0 0.7074105171875 0.47078998437499997 0.7065345265625 0.464703971875 0.6665512515625001 0.451023775 0.6287113484375 0.45914759375 0.6282690921875 0.463557934375 0.6771883859375001 0.47960766875000005 0.7074105171875 0.47078998437499997
0 0.6292132640625 0.5088382046875 0.628771665625 0.5007249593750001 0.5816035015625001 0.48005025156250003 0.5350373125 0.4905584921875 0.53231941875 0.5012134953125 0.5822952906250001 0.521981678125 0.6292132640625 0.5088382046875
0 0.5697454015625001 0.4845199078125 0.5702157 0.4741999234375 0.5294007890625 0.46044668906249997 0.48405942656249995 0.471072396875 0.48224120312499996 0.4782004140625 0.5228576312500001 0.4970870984375 0.5697454015625001 0.4845199078125
0 0.5621567078124999 0.5296433203124999 0.5626550359375 0.520134671875 0.516078253125 0.49920202500000005 0.45552705781249997 0.5133646046875 0.45439204687499996 0.5239956140625 0.500636609375 0.5512673578125 0.5621567078124999 0.5296433203124999
0 0.5066199375 0.49813241250000007 0.506557084375 0.488305421875 0.47170347343749996 0.4697207546875 0.4146703703125 0.4829119796875 0.4137014671875 0.49037343906249997 0.4507242984375 0.5116721796875 0.5066199375 0.49813241250000007
0 0.48353278125 0.5507453171875001 0.48233246406249997 0.5405697843749999 0.4403647125 0.5143889749999999 0.3634058171875 0.5328924421875 0.36404495312499996 0.5427496328125 0.4056653859375 0.5755576796875 0.48353278125 0.5507453171875001
0 0.43006781875 0.5135048796875 0.424529984375 0.504425446875 0.390299821875 0.48492029375 0.3263166 0.49835312343749993 0.331441465625 0.50648573125 0.35159427499999996 0.5343217546875 0.43006781875 0.5135048796875
0 0.8697363765624999 0.603852803125 0.8704171390625 0.59637624375 0.855432590625 0.590101225 0.8268372749999999 0.6174958296875 0.8028481359375 0.6090972015625 0.7960511140625 0.6254770187500001 0.8259494859375 0.64216034375 0.8697363765624999 0.603852803125
0 0.7503277140625 0.701855521875 0.810609778125 0.6571915453125 0.8107885375 0.6427543015625 0.7918908265625 0.6339627453125 0.7918316484375 0.6406050859375 0.75231718125 0.666849575 0.6974220078125 0.639633778125 0.6938481890625 0.6660709140625001 0.7503277140625 0.701855521875
0 0.4532102953125 0.6152348390625 0.5179066640625 0.6695345203125 0.5612088187500001 0.649499090625 0.5618255015625 0.626705765625 0.5244929046875 0.6443966375 0.47729086406250004 0.6078288828125 0.4780308046875 0.5937099828125 0.453939684375 0.600950540625 0.4532102953125 0.6152348390625
0 0.5427314796875 0.6671180640625 0.5363031953124999 0.6830890765625 0.6079824359375 0.746764984375 0.6656396906250001 0.74904170625 0.7267949765624999 0.711243990625 0.72835745625 0.6992114359375 0.68980878125 0.670166659375 0.6856794609375 0.68672409375 0.622689871875 0.7239597375 0.5555716046875 0.6710525671875 0.55366226875 0.6630315234374999 0.5427314796875 0.6671180640625