0 0.37342761874999997 0.4195000515625 0.3480979390625 0.41875941718750004 0.3479498109375 0.42231446093749997 0.34987545937500003 0.426313884375 0.36720629374999997 0.4307576875 0.37661234375 0.4314983203125 0.4092743 0.4168337703125 0.40882991874999997 0.409723684375 0.39683165 0.40927930312500005 0.37342761874999997 0.4195000515625
0 0.3187688359375 0.4439409703125 0.2752195609375 0.4394971671875 0.2756639421875 0.4346089828125 0.26218440468750004 0.440385928125 0.2645544328125 0.44868102812500005 0.32365701874999997 0.45667987343750005 0.3676506734375 0.436238378125 0.3669100390625 0.42898016562499997 0.350319840625 0.42720264375 0.3187688359375 0.4439409703125
0 0.25388930468750004 0.43238708125 0.21271005937499998 0.42735077187500004 0.211969425 0.423499475 0.1928610703125 0.4304614328125 0.1943423390625 0.4368308859375 0.2490011203125 0.44527411250000004 0.2741826734375 0.4332758421875 0.272405153125 0.426313884375 0.25388930468750004 0.43238708125
0 0.182047815625 0.424240109375 0.14664551406249998 0.420092559375 0.14649738750000002 0.41801878437499995 0.12827779374999998 0.423499475 0.1288703 0.4304614328125 0.1793815328125 0.437275265625 0.2101919046875 0.4246844890625 0.2101919046875 0.4157968828125 0.182047815625 0.424240109375
0 0.0445861609375 0.4725294390625 0.04517866875 0.47963952499999996 0.108873184375 0.49178592187500003 0.1858991125 0.46216056562499996 0.18382533750000002 0.455494859375 0.12827779374999998 0.4464591265625 0.0445861609375 0.4725294390625
0 0.1256115109375 0.49622972499999995 0.1952310984375 0.5097092625 0.26778359687500003 0.47623260937499995 0.26541356875 0.4670487484375 0.20574810000000002 0.4574205078125 0.12205646875000001 0.48600897656250003 0.1256115109375 0.49622972499999995
0 0 0.5315764015625 0.0005040765624999999 0.5482109312500001 0.06603404375000001 0.57039030625 0.174410528125 0.5189744843749999 0.172394221875 0.509397028125 0.10081533437500001 0.4937706515625 0 0.5315764015625
0 0.43009714062500004 0.46914526093750003 0.387870659375 0.502177265625 0.38889226875 0.510009596875 0.480155953125 0.5249931859375 0.5159122468749999 0.48889635625 0.5148906390625 0.47868027187499995 0.43009714062500004 0.46914526093750003
0 0.508079915625 0.46914526093750003 0.43690786406250004 0.46233453750000003 0.437929471875 0.46812365156249997 0.5162527828125001 0.48140456093750006 0.5431551375 0.455183278125 0.5414524578125001 0.4470104109375 0.534641734375 0.4463293390625 0.508079915625 0.46914526093750003
0 0.5053556265625 0.5205662171875 0.5039934828125 0.5294201562499999 0.6139866546875 0.549171253125 0.630672925 0.503539409375 0.6313539968749999 0.49502600625 0.536344415625 0.4824261703125 0.5053556265625 0.5205662171875
0 0.5434956734374999 0.47663705468749995 0.5438362109375 0.48344777812500006 0.6350998953125 0.495707078125 0.6364620390625 0.4929827890625 0.6371431125 0.48412885 0.5496253249999999 0.4728911578125 0.5516685421874999 0.46608043437499996 0.5434956734374999 0.47663705468749995
0 0.6671102921875 0.4878747484375 0.6681319 0.474934375 0.6637049312500001 0.4987719046875 0.7699522046875 0.511371740625 0.77131435 0.50149619375 0.6671102921875 0.4878747484375
0 0.6514456296875 0.5437226734375 0.650083484375 0.5570035828125001 0.7832331140625 0.5767546796875 0.7856168671875 0.5641548421875 0.774379175 0.5134149578125 0.6606401046875 0.499112440625 0.6514456296875 0.5437226734375
0 0.6350998953125 0.6278351 0.630672925 0.6452024421875 0.8108165421875 0.6870883875 0.8152435109375 0.6683589 0.7958329515625 0.5794789687499999 0.6507645578125001 0.5580251921875 0.6350998953125 0.6278351
0 0.4965016875 0.530101228125 0.44882662812499996 0.5883329078124999 0.453594134375 0.6057002515625001 0.5881059078125 0.6336242140625 0.6129650468750001 0.55121446875 0.4965016875 0.530101228125
0 0.37036710156249997 0.509328525 0.2995355859375 0.55768465625 0.299876121875 0.5702844921875 0.41068658124999996 0.596505775 0.4655128984375 0.5369119515625 0.4672155796875 0.52635533125 0.37036710156249997 0.509328525