0 0.240337909375 0.457134571875 0.330821696875 0.4339468046875 0.32783180624999997 0.426908834375 0.2439404359375 0.44662891406250005 0.20746376562500002 0.419007590625 0.208397371875 0.43198284062500003 0.240337909375 0.457134571875
0 0.3406030109375 0.430995465625 0.4128074234375 0.41502740468750005 0.410789246875 0.40663665625 0.35012669375 0.4230077671875 0.32384936249999996 0.407760784375 0.3247990921875 0.420274359375 0.3406030109375 0.430995465625
0 0.40410190312500005 0.3404152640625 0.4055153359375 0.34580323281249997 0.43131428125 0.3408316796875 0.430461990625 0.3346625140625 0.40036689062499997 0.3250697921875 0.37505460468749996 0.33139299218749996 0.40410190312500005 0.3404152640625
0 0.4387689984375 0.3745991359375 0.48479610468749995 0.3636607015625 0.4847157 0.35831928281250003 0.4480764953125 0.3450279375 0.412273496875 0.3536541 0.4132155 0.3648980796875 0.4387689984375 0.3745991359375
0 0.42285235625000006 0.411656278125 0.4791873640625 0.396006121875 0.4784281734375 0.387170903125 0.436835184375 0.3705034 0.41336120625 0.3776915875 0.415068325 0.4052450515625 0.42285235625000006 0.411656278125
0 0.4904662390625 0.3942329046875 0.54062276875 0.37970164375 0.537085803125 0.37397258906249997 0.49488512343749996 0.359419309375 0.45201073281250004 0.37180249375 0.4520352765625 0.3787435453125 0.4904662390625 0.3942329046875
0 0.5990143671875 0.4121931765625 0.550113278125 0.4328410546875 0.5494594375 0.4405270296875 0.5731125390625 0.4475200609375 0.5805614218749999 0.44392577656250004 0.6167975734375 0.45482718125000005 0.6262067515624999 0.461322803125 0.6669427906250001 0.44270243750000005 0.6664417171875 0.4349761328125 0.5990143671875 0.4121931765625
0 0.7754771359375 0.47101848593750006 0.6900233703125 0.44567883124999996 0.6453300750000001 0.46724452968749997 0.65367844375 0.471005025 0.650168484375 0.48321654687500004 0.7197712265625 0.5099298734375 0.7312714703125 0.5006954593749999 0.7422608609375 0.5060899437499999 0.773095203125 0.484040278125 0.7754771359375 0.47101848593750006
0 0.6801237765625 0.43891743281249995 0.7197049 0.4202567359375 0.7191634984374999 0.4136853453125 0.6562751359375001 0.3933735359375 0.6187264140625001 0.40902168281250006 0.6169176625 0.41666732656249994 0.6801237765625 0.43891743281249995
0 0.787517746875 0.4783235390625 0.8199726343749999 0.4540178234375 0.8210652203125001 0.4448054078125 0.7382255890625 0.42186968281250004 0.7041012734375001 0.438793734375 0.7044679109375 0.45036974843750005 0.787517746875 0.4783235390625
0 0.83801860625 0.5429414859375 0.8318004078125 0.555443875 0.8805120609375001 0.57333341875 0.9138893781249999 0.5387691890624999 0.92067513125 0.5241719578125 0.803436003125 0.4846886578125 0.76448549375 0.5184035515625001 0.83801860625 0.5429414859375
0 0.9274703453124999 0.521539265625 0.9518457328125001 0.4857736359375 0.94936603125 0.479519996875 0.8497221140625 0.45214305 0.820758853125 0.475799815625 0.8173429999999999 0.48531654062499996 0.9274703453124999 0.521539265625
0 0.324463328125 0.49968579062499996 0.3011994921875 0.5079565453125 0.3007149671875 0.5218314937499999 0.35932179999999997 0.5724996359375 0.4080586234375 0.553898059375 0.40472118593750006 0.5270663796874999 0.37212436875 0.54249145625 0.32145962968749997 0.509198346875 0.324463328125 0.49968579062499996
0 0.47169660156250004 0.6235616953124999 0.400058496875 0.5788501265625 0.4025844515625 0.5677179781249999 0.378141496875 0.5791533734375001 0.3791088453125 0.59735344375 0.47360588281249993 0.6759900328125 0.5771496140625 0.602666271875 0.5749472421874999 0.5892317968749999 0.5368478875 0.5633234140625001 0.537207040625 0.583639459375 0.47169660156250004 0.6235616953124999
0 0.6639816703125 0.7466485671875 0.55580396875 0.6748228484375 0.5583366453124999 0.6349730765625 0.5051668265625 0.6707723765625 0.4916647890625 0.703720596875 0.5619783375 0.7430865328125 0.6639816703125 0.7466485671875
0 0.7309074296875 0.6763732296875 0.7290983796875 0.679162784375 0.6639816703125 0.7466485671875 0.71184915625 0.7483201359375 0.75895920625 0.7098605874999999 0.747803965625 0.682668728125 0.7309074296875 0.6763732296875