0 0.8498055578124999 0.6160671859375 0.949830171875 0.5873120171874999 0.988354665625 0.6030841953125 0.9921943078125001 0.590503796875 0.9600496906249999 0.57355666875 0.8519102249999999 0.6060050625 0.8498055578124999 0.6160671859375
0 0.7469499890625 0.6409600796875 0.8243510171875 0.62156438125 0.8525780484375 0.636127228125 0.850566803125 0.6217168375 0.8290582000000001 0.6096118875000001 0.7470730203125 0.6329043828125 0.7469499890625 0.6409600796875
0 0.7291717515625 0.706425059375 0.7292863734374999 0.7131766374999999 0.767390603125 0.7245583109375 0.79319618125 0.7200315859375 0.7503716703125 0.706923025 0.750061621875 0.701561975 0.7291717515625 0.706425059375
0 0.6752342875 0.696717653125 0.7178088796875 0.7090820921875001 0.750414890625 0.7040931125000001 0.7494791078125 0.6855276796875 0.7314886796875 0.677327315625 0.6782915734375 0.6875758703125 0.6752342875 0.696717653125
0 0.6750576625 0.662660984375 0.7242485359375 0.6809182593750001 0.748657946875 0.6737138265625 0.743071415625 0.6403148375 0.7365584828125 0.63620901875 0.6763222953125 0.6511402687500001 0.6750576625 0.662660984375
0 0.6140228609375 0.6757075046875001 0.6618175703125 0.6912870718749999 0.7092082796875 0.6819949750000001 0.7092890828125 0.6738528671874999 0.6623305734375 0.6548458359375 0.6124143609375 0.6669734828125 0.6140228609375 0.6757075046875001
0 0.8450960249999999 0.5080207531250001 0.7578515218749999 0.45749970624999997 0.709923146875 0.47989330468749997 0.7116377453125 0.5110028437499999 0.7548693859375 0.48490578125 0.8197364140625 0.521412665625 0.8209163546875 0.531578171875 0.8486012890625 0.5232955171875 0.8450960249999999 0.5080207531250001
0 0.7078167640624999 0.4639456046875 0.72861330625 0.4520862375 0.7304638890625 0.435825115625 0.6152993921875 0.37051095625 0.5243951765625 0.45121043906249997 0.52619505 0.4662455234375 0.5613030296875 0.48248361093750003 0.5638795578125 0.46415067031249996 0.626061771875 0.41767420624999996 0.7069502437499999 0.45773706406250003 0.7078167640624999 0.4639456046875
0 0.4828066875 0.5305801921875 0.5251118859374999 0.4987009359375 0.561491996875 0.5120744296875 0.5590053609375001 0.4895517609375 0.5087885484375 0.4694511921875 0.4570253453125 0.5191310265625 0.45601363125 0.529423284375 0.4836939453125 0.5459217859375001 0.4828066875 0.5305801921875
0 0.58229088125 0.36717621718750004 0.5806776796875 0.353906440625 0.42790371875 0.2684984 0.363255584375 0.382017425 0.364016090625 0.3951673640625 0.3787054875 0.40201427812499996 0.42133334375000003 0.32452967187500004 0.5297223734375 0.382370075 0.52172186875 0.42692245937499995 0.58229088125 0.36717621718750004
0 0.378965903125 0.4094419421875 0.352384871875 0.3944022390625 0.314700340625 0.47692926875 0.3354185203125 0.48418870468749997 0.3631196 0.4293880859375 0.3732251859375 0.4286344890625 0.378965903125 0.4094419421875
0 0.58270406875 0.6192331234374999 0.5836457046875 0.6100881578124999 0.5521564953125 0.6018829953125 0.5414852421874999 0.606911721875 0.5066739015625 0.5978960609375 0.5002609515625001 0.5921843234375 0.47396985156250004 0.6056695453125001 0.47302821406250006 0.6148145125 0.5378971859375 0.637331803125 0.58270406875 0.6192331234374999
0 0.48644059687499996 0.5878367734375 0.47671097968750004 0.583720534375 0.4768730828125 0.5703427640625 0.41287835624999997 0.5513843781250001 0.4036131765625 0.5610775671875 0.3980690078125 0.5565187421875 0.3800122015625 0.5725356328125 0.3781653546875 0.585676628125 0.4543485125 0.6108148359375 0.48644059687499996 0.5878367734375
0 0.2878522265625 0.5046067703125 0.267697225 0.55022231875 0.35702684218749997 0.57961336875 0.382853503125 0.5523187187499999 0.31798453125 0.5298014281250001 0.32237943750000003 0.515644125 0.2878522265625 0.5046067703125
0 0.43485466562499997 0.6297222 0.435071403125 0.64040438125 0.49487521875 0.6573993578125 0.5288578562499999 0.640528259375 0.529610071875 0.6327310859375 0.46840564375 0.6134776453125 0.43485466562499997 0.6297222
0 0.3499636625 0.6054218078125 0.35181778750000003 0.6166777125 0.41499109062499995 0.6341462390625 0.44468810468750003 0.615985628125 0.4463564578125 0.60900441875 0.37512735468749997 0.5828444375 0.3499636625 0.6054218078125
0 0.3262042328125 0.6106727359375 0.3504936796875 0.584536459375 0.3512932515625 0.5764023375 0.26624925625 0.5483008 0.2503999140625 0.5828389375 0.3262042328125 0.6106727359375