0 0.3489394828125 0.5420024031249999 0.4025154125 0.5480557640625 0.4460486296875 0.5169291874999999 0.4403581703125 0.5115994875000001 0.39001865156250004 0.5084951859375 0.3478697734375 0.535248515625 0.3489394828125 0.5420024031249999
0 0.37356181875 0.513871015625 0.378644015625 0.5109890828125 0.3787845484375 0.5075051671875 0.33317275 0.50365206875 0.28903126874999996 0.5265670078125 0.29177266875 0.5351331187499999 0.33738446875 0.5389862203125 0.37356181875 0.513871015625
0 0.313220003125 0.5541041812499999 0.3206757015625 0.5493086093749999 0.31991410625 0.5445000875 0.27307035625 0.53713196875 0.21219027812500002 0.5697771078125 0.2135770796875 0.5764582671875 0.2613666046875 0.5856482453125 0.313220003125 0.5541041812499999
0 0.23928523125 0.5976894453125 0.237323996875 0.5894562203125 0.188471221875 0.5797774234374999 0.10662379375 0.6252731484375 0.107994665625 0.6339284859375 0.158840534375 0.6478921468750001 0.23928523125 0.5976894453125
0 0.313281690625 0.612586946875 0.3109839578125 0.606378678125 0.250165634375 0.5916942328125 0.1698224828125 0.64253806875 0.17230737812500002 0.6520027921875 0.231119659375 0.670619671875 0.313281690625 0.612586946875
0 0.3322748578125 0.5997204328125 0.387667453125 0.559400571875 0.38730905937500004 0.5509134828125 0.3296675390625 0.5459127828125 0.2721136015625 0.582960259375 0.272859265625 0.5897429625 0.3322748578125 0.5997204328125
0 0.30185369687499997 0.673218109375 0.30501457187500003 0.6848760375 0.3932235375 0.7106668890625001 0.4257731640625 0.67757970625 0.420733690625 0.654060759375 0.3889586046875 0.6837391703125 0.3291179171875 0.6669282234375 0.32516358749999996 0.6544101375 0.30185369687499997 0.673218109375
0 0.5872030968749999 0.649054228125 0.548272003125 0.63977565 0.552007309375 0.6529856453125 0.5115758703125 0.717224671875 0.42961001562499995 0.6914308375 0.41765341562499997 0.705154528125 0.41941454062499994 0.71834859375 0.5009075078125 0.7432314953125 0.5455331765625 0.7345204375 0.5894530390625 0.66118504375 0.5872030968749999 0.649054228125
0 0.600737175 0.6423769796875 0.6324802125 0.5833241921875 0.6300118140625 0.5779432265625 0.6322151218750001 0.57436198125 0.6152853375 0.572425859375 0.5914770109374999 0.614522284375 0.5438184484375 0.6109885703125 0.5457090874999999 0.622925596875 0.546638665625 0.6331678234375 0.600737175 0.6423769796875
0 0.613073646875 0.5584617921875 0.613789190625 0.5673526578125 0.6368714468750001 0.568776078125 0.6585946734375 0.5295495453125 0.6584254078125 0.5226500484375001 0.64554970625 0.520071821875 0.646216290625 0.5257381671875 0.6285541484375 0.55416290625 0.6130827421875 0.5526884296875 0.613073646875 0.5584617921875
0 0.5348906234374999 0.435089175 0.5345807625 0.4316751 0.54816153125 0.42121255 0.5116481984375 0.42099289687499997 0.49243675781249996 0.43234725625000003 0.493647525 0.4356186421875 0.526296328125 0.4362195015625 0.5324732796875 0.43731905937500004 0.5348906234374999 0.435089175
0 0.5277568031250001 0.441067475 0.52726858125 0.436527265625 0.48772028125 0.436095671875 0.46440789374999997 0.4492539421875 0.46504999687500004 0.4533080265625 0.5061993640625 0.45510217343750003 0.5277568031250001 0.441067475
0 0.4981758296875 0.4598361296875 0.49780581718750005 0.454584565625 0.45466507968750003 0.453336696875 0.42807011250000004 0.46909276875000006 0.429068940625 0.4753991234375 0.47216281406249994 0.4778087984375 0.4981758296875 0.4598361296875
0 0.5411892609375 0.46756871406249995 0.5386341328124999 0.4543516703125 0.5103359859375 0.45352348906250006 0.4844411796875 0.47078480625 0.483910284375 0.476179059375 0.5346506796875 0.4787629046875 0.5382053499999999 0.474967625 0.5411892609375 0.46756871406249995