0 0.483771259375 0.590943046875 0.4835040421875 0.5851569203125 0.4174999671875 0.59334125 0.4188379734375 0.5989768843750001 0.483771259375 0.590943046875
0 0.561322503125 0.5820458203125 0.5597028093749999 0.5769957421874999 0.49691399843750006 0.5834542640625 0.49814589062500003 0.5909247140625 0.561322503125 0.5820458203125
0 0.5659298109375 0.6407270421875 0.5975152234375 0.6375619312499999 0.6046075140625 0.62327990625 0.604362484375 0.6189465828125 0.5715750890625 0.6239185296875001 0.5727095484375 0.6294007828125 0.5659298109375 0.6407270421875
0 0.56971519375 0.6236339515625 0.6066825296875 0.6186205218749999 0.6179354671875 0.601569875 0.6165444046874999 0.596851646875 0.5669060515625 0.603645871875 0.56971519375 0.6236339515625
0 0.5654204484375 0.595665109375 0.5661140546875 0.6044851390625 0.622734728125 0.5981655328125 0.6361909828125001 0.576073490625 0.6344487765625 0.5688567515625 0.572064165625 0.5768963765625 0.5654204484375 0.595665109375
0 0.6051284406249999 0.6295763437499999 0.6064162843750001 0.63485505 0.6514868984375 0.6305226765625 0.6640556531249999 0.6176548640624999 0.663657240625 0.6135250875 0.6163698046875 0.61762304375 0.6051284406249999 0.6295763437499999
0 0.6161334562499999 0.6094667109375 0.6188432328125 0.6170934359375 0.6675583890625 0.6127948265625001 0.6827346640624999 0.5964667218749999 0.682060353125 0.5903738296875 0.6270709453125 0.5966461671875 0.6161334562499999 0.6094667109375
0 0.6325956406250001 0.588044153125 0.6362479046875 0.5959024 0.69154408125 0.58922296875 0.7112687984375 0.567705871875 0.709376103125 0.55941834375 0.6476050234375 0.56664378125 0.6325956406250001 0.588044153125
0 0.642104646875 0.5166122343749999 0.6442739000000001 0.5256894578125 0.721997478125 0.519233784375 0.75537929375 0.4770139078125 0.7538399765625 0.4660610890625 0.6635342718749999 0.4751785984375 0.642104646875 0.5166122343749999
0 0.7342243749999999 0.507686546875 0.7385841921875 0.51645590625 0.811865071875 0.510177846875 0.8581368765624999 0.4674867 0.85353076875 0.456964890625 0.7710424171875 0.467664340625 0.7342243749999999 0.507686546875
0 0.6722633703125 0.46099558125 0.6742479046875001 0.468758465625 0.76655235 0.46114711562500005 0.8203762687499999 0.3990771734375 0.8084524906249999 0.3873499625 0.705003403125 0.39831465312500003 0.6722633703125 0.46099558125
0 0.781722890625 0.44829264531249996 0.7810716453125 0.45955332968749996 0.876381309375 0.45107285937499997 0.9376531437500001 0.387956178125 0.9347379140625 0.3767499640625 0.8334793906250001 0.387406790625 0.781722890625 0.44829264531249996
0 0.71781286875 0.37819698281249997 0.72367174375 0.3880959625 0.83650591875 0.3771525828125 0.9170712828124999 0.276476603125 0.912465175 0.26595479375000003 0.77435070625 0.27821725625 0.71781286875 0.37819698281249997
0 0.8542435625 0.3634905625 0.8607252671875001 0.37464230781249996 0.9671724671874999 0.36593685625 0.9832434546875 0.3458075765625 0.9700426671875 0.259203103125 0.9396352718750001 0.2590089203125 0.8542435625 0.3634905625
0 0.481731840625 0.416315903125 0.480131140625 0.3115068390625 0.33095569375 0.324392540625 0.328386059375 0.33485310468749996 0.36069659375 0.431811384375 0.37606355625 0.42258209999999996 0.3691710359375 0.4058767859375 0.3718530765625 0.34591323749999997 0.4684687453125 0.339909359375 0.481731840625 0.416315903125
0 0.6386938125 0.3690077734375 0.655752434375 0.2999541296875 0.508782590625 0.30697516875 0.5052226015625 0.41099460624999995 0.5273589546874999 0.4104084015625 0.52312708125 0.40544846874999996 0.5277363484375 0.3376394984375 0.6224488781249999 0.32887326093749997 0.6386938125 0.3690077734375