0 0.12320310781249999 0.5254937140625 0.22135491875 0.500442415625 0.2193015328125 0.49346090625 0.12566717031250002 0.5164588203125 0.10020519531250001 0.4905861671875 0.099383840625 0.5008530921875 0.12320310781249999 0.5254937140625
0 0.23916191250000002 0.494335825 0.3144814109375 0.4760310859375 0.3147814890625 0.4679289890625 0.24726400937499998 0.48563357187499995 0.2145555421875 0.46852914375 0.2172562421875 0.4808323296875 0.23916191250000002 0.494335825
0 0.3124070953125 0.411929996875 0.31354726718750003 0.42447188750000003 0.3596102109375 0.4135262375 0.3593821765625 0.40987768750000003 0.3313339484375 0.40189648437500003 0.2991811015625 0.40873751562500005 0.3124070953125 0.411929996875
0 0.3263171921875 0.4719030390625 0.38628567187499996 0.45525652812499995 0.38468943125 0.44864353125 0.347519828125 0.436329675 0.3151435078125 0.4445389125 0.31696778281250004 0.46643021406249996 0.3263171921875 0.4719030390625
0 0.31491547343750004 0.44317070625 0.33999925468750003 0.438381984375 0.33999925468750003 0.434277365625 0.3124070953125 0.42584009375000004 0.31491547343750004 0.44317070625
0 0.35094034375 0.436329675 0.3988275625 0.42492795625 0.39768739062499997 0.420139234375 0.366218646875 0.41101785937499996 0.32220801250000003 0.42127940625000004 0.32175194375 0.42994471250000005 0.35094034375 0.436329675
0 0.399055596875 0.45320421875 0.44648674687499995 0.440206259375 0.4462587125 0.43268112500000006 0.408633040625 0.421963509375 0.36279813125000004 0.433821296875 0.363026165625 0.440206259375 0.399055596875 0.45320421875
0 0.4546137828125 0.486681890625 0.51108754375 0.5033416515625 0.5141936015625 0.5092713953125 0.5613491921875 0.48809373593750005 0.5607844546874999 0.4796226703125 0.5026164796875 0.46239817343749995 0.44953114375 0.480752146875 0.45094298750000006 0.48950557968749997 0.4546137828125 0.486681890625
0 0.5760323703125 0.52931958125 0.6068105703125 0.5392024890625 0.614716896875 0.543155653125 0.6559427437500001 0.517177721875 0.6562251125 0.5064477078125 0.581679746875 0.48470530937499995 0.5300062546875 0.5092713953125 0.5294415171875 0.5197190421875 0.57094973125 0.5349669578125 0.5760323703125 0.52931958125
0 0.5717968375 0.483293465625 0.612175578125 0.4643747546875 0.612457946875 0.456468428125 0.555137078125 0.4423499875 0.5139112328125 0.4592921171875 0.5150407078125 0.46606896875 0.5717968375 0.483293465625
0 0.6621548578125 0.5095537640625001 0.6988628015625 0.4883761046875 0.699709909375 0.48018740937500004 0.62911770625 0.4621158046875 0.5901508109375 0.48018740937500004 0.5904331796875 0.48809373593750005 0.6621548578125 0.5095537640625001
0 0.6630019640625 0.5674393703125 0.7381120671875 0.5922878265625 0.77538475 0.5516267171875 0.77623185625 0.543155653125 0.6782498796875001 0.512942190625 0.6310942875000001 0.5482382921875 0.6641314390625 0.559250675 0.6630019640625 0.5674393703125
0 0.7872442390625001 0.543438021875 0.8123750640624999 0.515201140625 0.8135045390625001 0.5044711265624999 0.7228641515625001 0.483011096875 0.68785041875 0.5081419203124999 0.688697525 0.5183071984375001 0.7872442390625001 0.543438021875
0 0.179348596875 0.5810407015625 0.2312652953125 0.6296899171875 0.26176181875000004 0.6140786015625 0.25958349531249997 0.59084315625 0.23562194218750002 0.5999195015625001 0.198227396875 0.56724465625 0.1996796125 0.5581683109375 0.1771702734375 0.5668816015625 0.179348596875 0.5810407015625
0 0.24324607343750002 0.6482056625 0.314404625 0.7204533765625001 0.3931873078125 0.67361943125 0.3877415015625 0.6340465625 0.4215055078125 0.6169830328125 0.4004483859375 0.6010086640625001 0.4019006 0.6238810546875 0.3165829484375 0.6728933234375 0.2643031953125 0.628963809375 0.2635770875 0.61807219375 0.24179385781249998 0.632594346875 0.24324607343750002 0.6482056625
0 0.342722825 0.7357016375 0.343085878125 0.740058284375 0.577618659375 0.7407754375 0.5910516515625 0.728803615625 0.588873328125 0.7131923 0.5674531515625 0.6975809843749999 0.5660009359375 0.71500756875 0.5351413593750001 0.7396952296875 0.4254991 0.7371538531249999 0.395002578125 0.7146445156250001 0.3928242546875 0.6870524234375 0.33981839375 0.7208164296875 0.342722825 0.7357016375
0 0.6102935046875 0.7106509234375 0.6832673265625 0.6362248859374999 0.6836303796875 0.62279189375 0.656764396875 0.6089958484375 0.6560382890625001 0.6253332703125001 0.6026693734374999 0.6732563781249999 0.5660009359375 0.654377578125 0.5674531515625 0.6852371546875 0.6102935046875 0.7106509234375