0 0.6998520218750001 0.616604021875 0.700851675 0.628695021875 0.644813628125 0.6609666859375001 0.6066987796875 0.636024884375 0.606012209375 0.6577022671874999 0.6466856859375001 0.6897725234375 0.7273478843750001 0.643360209375 0.7252753484375 0.6336163703125 0.6998520218750001 0.616604021875
0 0.543327828125 0.739409159375 0.6207268375 0.6987629640625 0.6195660703125 0.682058196875 0.60486609375 0.6744875921875 0.5289348375 0.7158265921875 0.47849646718749994 0.6604229421875 0.478620046875 0.6474265828125 0.4430684078125 0.6628149671875 0.4432231171875 0.675512896875 0.49768205937500004 0.7385713734375 0.543327828125 0.739409159375
0 0.48038682499999996 0.6401470828125 0.47885073437500003 0.6292296640624999 0.477871221875 0.6177153843750001 0.43416493125000005 0.6310788390625001 0.40151519843749994 0.5972848265625 0.4016525125 0.59294935 0.385407290625 0.5990021765625 0.38541095468750003 0.6073746984375 0.4294047 0.66011628125 0.48038682499999996 0.6401470828125
0 0.40143097812499995 0.5866054203125 0.3994390015625 0.5791684671875 0.399217465625 0.5728245359375 0.3825731171875 0.575715465625 0.3618102453125 0.55161128125 0.36166926875 0.5475742343750001 0.34819688437499996 0.550354396875 0.3488074765625 0.5595718625 0.377758871875 0.5949385828125 0.40143097812499995 0.5866054203125
0 0.79599689375 0.616711115625 0.851290696875 0.5879299859375 0.8497143234375001 0.5758591265625 0.76106224375 0.5422884875 0.7041856609375 0.5670829171875 0.7041389765625 0.5740136390624999 0.79599689375 0.616711115625
0 0.8631803015624999 0.5811631265625 0.9091092546875 0.5570397078125 0.9093033234375 0.5460618703125 0.8194712546874999 0.520038953125 0.77514155625 0.5403532656250001 0.7759498828125 0.5469654187499999 0.8631803015624999 0.5811631265625
0 0.7514255109375 0.5391604640625001 0.7967209875 0.5216995468750001 0.7967676734375 0.514768825 0.7307221375 0.4919572328125 0.68512823125 0.5091398609375 0.685886209375 0.5143102093749999 0.7514255109375 0.5391604640625001
0 0.6859585359375 0.5659871515625 0.7392374765625 0.545649034375 0.7406554765625 0.536649440625 0.6757331734375 0.5129324875 0.620623371875 0.53044741875 0.6203084640625 0.5379649296875 0.6859585359375 0.5659871515625
0 0.605816290625 0.528077371875 0.6568487671875001 0.5095499765625 0.65699615 0.5055028609375001 0.6089498015625 0.48552726875 0.5581049874999999 0.5011609890625001 0.5588831046875 0.5069080578125 0.605816290625 0.528077371875
0 0.670052928125 0.5073566046875 0.7142956625 0.49281957031249995 0.7150096968749999 0.488463953125 0.6634947828125 0.47250709999999996 0.6201555796875 0.4839811046875 0.6218088484375001 0.4899863265625 0.670052928125 0.5073566046875
0 0.48635952656250003 0.45693921406250004 0.52531935625 0.4482428484375 0.5245504515625 0.44293452968749997 0.5009176875 0.43458998125 0.4618338921875 0.44212360781250004 0.4620083421875 0.44711923750000004 0.48635952656250003 0.45693921406250004
0 0.521714840625 0.4715433640625 0.5662182328124999 0.46165306875 0.5655267734375 0.45617532031249997 0.5348419765625 0.4464097953125 0.4941627515625 0.45599982343749995 0.493618784375 0.4595200234375 0.521714840625 0.4715433640625
0 0.512327815625 0.4748721984375 0.5094250625 0.46813787968750004 0.4838384515625 0.4563603546875 0.453355596875 0.46192639062499996 0.45482785625 0.4802146234375 0.4624666765625 0.48411596875 0.512327815625 0.4748721984375
0 0.49415429218750007 0.43666012812500005 0.49353842812500004 0.43334715468749996 0.472082065625 0.42526005156249996 0.43875090937500005 0.4304253796875 0.45301990937500003 0.442764846875 0.460571503125 0.4441683796875 0.49415429218750007 0.43666012812500005
0 0.39433686562500003 0.5001664875 0.450438575 0.4882039296875 0.4502466796875 0.4827087375 0.3975953890625 0.4932170109375 0.3805399375 0.47747364374999995 0.3775600046875 0.478077878125 0.37884406875 0.48620251562499994 0.39433686562500003 0.5001664875
0 0.3172149203125 0.5165310171875 0.3810907828125 0.5027964625 0.3789355234375 0.49837017812499995 0.316535090625 0.5113863109375 0.2992084484375 0.49265138124999996 0.300416915625 0.498611246875 0.3172149203125 0.5165310171875