0 0.26666950625 0.56203523125 0.2688727984375 0.570966125 0.28902994375 0.548247584375 0.36323395 0.5697673 0.364774253125 0.5607654656250001 0.2867568453125 0.540648703125 0.26666950625 0.56203523125
0 0.357389325 0.57934495625 0.3566203078125 0.5889214796875 0.3848544265625 0.570098978125 0.44408292187500004 0.58682685 0.44354785156250004 0.5766477140624999 0.378907540625 0.561239025 0.357389325 0.57934495625
0 0.4393945796875 0.6406886265625 0.41835105781250004 0.6497368765625 0.45926646406250005 0.6590937828125 0.48312871875 0.6523303281249999 0.4850622109375 0.646020440625 0.44027642343749995 0.634056490625 0.439225909375 0.6388098484375 0.4393945796875 0.6406886265625
0 0.45287177187500005 0.5860206109375 0.44317072656249995 0.592724821875 0.441030078125 0.6131819562499999 0.4726772453125 0.6209845984375 0.5061148921874999 0.60991455625 0.506281296875 0.6016421203125 0.45287177187500005 0.5860206109375
0 0.46639036562499997 0.6200088609375001 0.4418662515625 0.61391519375 0.440622540625 0.6325493984375 0.466194903125 0.6237384953125 0.46639036562499997 0.6200088609375001
0 0.47622573749999997 0.619455775 0.4744318609375 0.6231016390625 0.4496866296875 0.6314216234375001 0.44623849375 0.6360493265625 0.49206196562500004 0.648601928125 0.5211534062500001 0.638906915625 0.5225540921875 0.6325691046874999 0.47622573749999997 0.619455775
0 0.4893769875 0.6145783484375 0.4890139875 0.621504809375 0.533855621875 0.63240315 0.5729714875 0.6200278859374999 0.5735171203125 0.6147138 0.5235289390625 0.6000729984375 0.4893769875 0.6145783484375
0 0.6293692703125 0.535873775 0.5676733375 0.5599937953125 0.570363175 0.5693585734375 0.62413876875 0.5871257640625 0.6856850921875 0.5658604656249999 0.6851657234374999 0.557563625 0.6293692703125 0.535873775
0 0.6462774765625 0.5238919890625 0.644843828125 0.533040665625 0.7064840578125 0.558535459375 0.788194934375 0.52878506875 0.7882254828125 0.516064175 0.7271517937499999 0.4858281328125 0.6462774765625 0.5238919890625
0 0.7504612078124999 0.47585845937500004 0.7505636453125 0.48604182500000004 0.8126733734375 0.5207850359374999 0.9312754734375 0.47897328593750005 0.927332146875 0.4631815671875 0.873768609375 0.4231611203125 0.7504612078124999 0.47585845937500004
0 0.6977489765625 0.56074034375 0.6371542265625 0.5820555109375001 0.6383246015624999 0.5900684078125 0.68331858125 0.6054670015625 0.74436485625 0.5876741828125 0.745531184375 0.577557309375 0.6977489765625 0.56074034375
0 0.71664341875 0.5523022531249999 0.7120046109375 0.5619190781250001 0.765848046875 0.5844607625 0.8470256296875001 0.5588172328125001 0.8435172062499999 0.5468650562499999 0.79673509375 0.523103128125 0.71664341875 0.5523022531249999
0 0.8275542687499999 0.5154944828125 0.824350459375 0.5220058890625 0.8695645875 0.551410765625 0.9879519328124999 0.51976575625 0.9828076843750001 0.5086820375000001 0.94076411875 0.4734001375 0.8275542687499999 0.5154944828125
0 0.326765765625 0.4910695546875 0.3453092265625 0.498764409375 0.37176596093750003 0.46042393125 0.39265163593749997 0.47007509062499997 0.3963354609375 0.44643194218750004 0.3702197328125 0.43161720781249996 0.326765765625 0.4910695546875
0 0.5041691953125 0.40221433125 0.505968309375 0.376406584375 0.44063422343749997 0.3448476015625 0.3725592140625 0.4252382609375 0.3997282875 0.43514728125 0.441159078125 0.38596109375 0.51872804375 0.4141419984375 0.5179849359375 0.44536413125 0.5438103421875 0.42126213437500004 0.5041691953125 0.40221433125
0 0.6829457234375 0.3169182328125 0.6874406625 0.3013797875 0.6299026734375001 0.26570204531249997 0.5083867890625 0.26179015156249996 0.4520942671875 0.3274292390625 0.4517667296875 0.3437118875 0.5035454515625 0.369034915625 0.500752078125 0.34207269687499997 0.58573779375 0.2755435484375 0.6609500734375 0.3152396890625 0.6607874203125 0.3283761765625 0.6829457234375 0.3169182328125
0 0.796571453125 0.398508065625 0.7970089125 0.38012797656249997 0.7010925671875 0.3141083609375 0.66257363125 0.34679249843750004 0.6642061328125 0.36580687031250003 0.6666447859375 0.3748206890625 0.69972076875 0.3503167 0.761631678125 0.392996346875 0.7634862546875001 0.41780616249999997 0.796571453125 0.398508065625