0 0.285860684375 0.5612862890625 0.288859921875 0.5697865281250001 0.301642559375 0.5482915765625 0.369360690625 0.558293709375 0.37079198281250003 0.5523477015625 0.3030432390625 0.5405917234375 0.285860684375 0.5612862890625
0 0.368190721875 0.566647425 0.3701397265625 0.5777975640624999 0.3843410671875 0.5621988734375 0.44104410468750005 0.569323115625 0.44117149375000003 0.5640577578125 0.38353030781249997 0.5534411359375 0.368190721875 0.566647425
0 0.442955340625 0.6160000640625001 0.430373909375 0.623895075 0.46684652031249996 0.6278636859375 0.4877434 0.6189463374999999 0.487455290625 0.6150040171875 0.44677138125000004 0.6084773484375 0.44287880625 0.6116154546875 0.442955340625 0.6160000640625001
0 0.4671303078125 0.5938676625 0.444299728125 0.59251179375 0.44219050156249995 0.6098730906250001 0.46808376249999994 0.5982369640625 0.4671303078125 0.5938676625
0 0.452629375 0.6048663421875 0.453605790625 0.6105510265625 0.4923089734375 0.6166736734375 0.5182405 0.60722985 0.5183449296875 0.6006491109375001 0.4750417359375 0.5948260546874999 0.452629375 0.6048663421875
0 0.4426935171875 0.5758732421875 0.4444883453125 0.5907541234375 0.47505704218749994 0.5957029765625 0.5020043609375 0.58163618125 0.500354946875 0.5750860546875 0.45066345781250006 0.5676201296875 0.4426935171875 0.5758732421875
0 0.4843997625 0.5907153593750001 0.4849262375 0.5957500046875001 0.5278254125 0.603553790625 0.5567725921875 0.5909871671875 0.558188578125 0.5841642375 0.51330485 0.5757372015625 0.4843997625 0.5907153593750001
0 0.54820025625 0.5396019515625 0.549011015625 0.5483596875 0.6007253265625 0.55864116875 0.646857775 0.5380991749999999 0.646262421875 0.5291183796875 0.5925214624999999 0.5158021125000001 0.54820025625 0.5396019515625
0 0.6100412609375 0.5521189390625 0.611279 0.5602113328125 0.65510484375 0.5708498046875 0.7032295000000001 0.551369521875 0.702230125 0.5443694546875 0.656627478125 0.5324462140625 0.6100412609375 0.5521189390625
0 0.6074799875 0.5058919328125 0.606771440625 0.515553378125 0.6631852578124999 0.531235259375 0.7251875937500001 0.5027408531249999 0.72284605 0.494229134375 0.667251753125 0.47524348906249997 0.6074799875 0.5058919328125
0 0.6744895734374999 0.5255555125 0.6739964281249999 0.5349939015625 0.7189337296875 0.5464901625 0.7823279828125 0.522357403125 0.7826478171875 0.51555360625 0.7343417 0.49951090625 0.6744895734374999 0.5255555125
0 0.688982353125 0.47639925937500005 0.7421574609375 0.4949885375 0.829229709375 0.45794253593749995 0.827761259375 0.44919627812499996 0.768740746875 0.4223757375 0.68750625 0.4672145421875 0.688982353125 0.47639925937500005
0 0.75807326875 0.48966688906250005 0.759976353125 0.4981862625 0.804147146875 0.5162748203125 0.8899728937500001 0.483197925 0.88897351875 0.47619785937500003 0.8420839453125 0.453112921875 0.75807326875 0.48966688906250005
0 0.3355869 0.49820312187500004 0.33640578906249996 0.5057479640625 0.3494884828125 0.5072375921875001 0.371004340625 0.480061453125 0.38756392812499996 0.48389556875000006 0.38865010624999996 0.46738394687499996 0.3676011328125 0.46225380312500003 0.3355869 0.49820312187500004
0 0.3714712234375 0.4477551703125 0.3716570890625 0.4584034375 0.3889036640625 0.4622255625 0.41853742968749996 0.427692184375 0.46237082812499997 0.43895297031249997 0.4626081375 0.41317904062500005 0.41315295 0.39480084375 0.3714712234375 0.4477551703125
0 0.5983468546874999 0.355146971875 0.48681893125000003 0.3041797375 0.4267007875 0.38356925468749997 0.4258441859375 0.39354852500000004 0.46246424062499997 0.40493522187500003 0.5115049453125 0.34051373749999997 0.5817555484375 0.3691804609375 0.5853463609375 0.37805130937500003 0.59715875 0.3658192234375 0.5983468546874999 0.355146971875
0 0.7053014515625 0.4000092875 0.6214867609375 0.36195860468749996 0.5852127171875 0.39007954375 0.5873019125 0.4113461 0.62158695 0.3873830453125 0.6777063953125 0.413547653125 0.6789886921875 0.4279563515625 0.706156315625 0.4096150859375 0.7053014515625 0.4000092875