0 0.5046588859375001 0.659785103125 0.4529293765625 0.6131890546875 0.454508903125 0.596604021875 0.415020728125 0.60963511875 0.415415609375 0.621481571875 0.424892771875 0.6313536156249999 0.48254550781249994 0.6980886328125 0.5887687015624999 0.6439898328125 0.590348228125 0.6313536156249999 0.57376319375 0.621876453125 0.5733683125 0.628984325 0.5046588859375001 0.659785103125
0 0.582568359375 0.606646909375 0.5998332984375 0.618732365625 0.59958665625 0.6256383421875 0.6138918906249999 0.6350107375 0.692817325 0.5945614515625001 0.6905975468750001 0.5829692796875 0.6666732750000001 0.5679241187499999 0.6659333484375 0.5819827109375 0.6092056921875 0.6088666875000001 0.5764023093749999 0.5866689093749999 0.57418253125 0.61059318125 0.582568359375 0.606646909375
0 0.40350628125 0.57926965 0.3756357375 0.5462196234375 0.3756357375 0.5427666359375001 0.3596040078125 0.54695955 0.36083721875 0.5570718703125 0.367249909375 0.5624979953125 0.370702896875 0.5607715 0.3788420828125 0.571870390625 0.3761290203125 0.5768032296875 0.3840215640625 0.583955846875 0.3874745515625 0.5819827109375 0.396107021875 0.59406816875 0.3953670953125 0.599987575 0.40325963906249995 0.60788011875 0.4538212453125 0.5888886859375 0.4520947515625 0.5659509828125 0.40350628125 0.57926965
0 0.35911072499999996 0.52698155 0.33789951406249996 0.503797203125 0.3361730203125 0.495904659375 0.321127859375 0.5008375 0.32310099531250003 0.5087300421875 0.3526980328125 0.5439998453125 0.3753890953125 0.5375871546875 0.37464916875 0.522048709375 0.35911072499999996 0.52698155
0 0.2868446234375 0.4653210546875 0.3539312421875 0.45224902968749997 0.3522047484375 0.447069546875 0.2878311921875 0.45866172031249997 0.2708128953125 0.4396702875 0.2698263265625 0.44558969531250003 0.2868446234375 0.4653210546875
0 0.36774319375000003 0.448796040625 0.4266906265625 0.4369572265625 0.42496413281249995 0.4317777453125 0.373415959375 0.4421367078125 0.3509715390625 0.4268449046875 0.3517114640625 0.434984090625 0.36774319375000003 0.448796040625
0 0.4382828 0.43523073281249997 0.48600802343750005 0.42487176875 0.487611196875 0.418459078125 0.45850744218750006 0.4063736203125 0.4266906265625 0.41105981875 0.42743055312499995 0.4273381890625 0.4382828 0.43523073281249997
0 0.498956728125 0.42339191718749997 0.5408858640624999 0.4137728796875 0.542365715625 0.40834675625 0.511042184375 0.3965079421875 0.4708395421875 0.4041538421875 0.47009961562499997 0.40933332499999997 0.498956728125 0.42339191718749997
0 0.4617137890625 0.4066202625 0.5021630734375 0.397494509375 0.502409715625 0.39453480625 0.476265665625 0.3836825578125 0.43704959062500004 0.390588534375 0.4382828 0.39626130000000004 0.4617137890625 0.4066202625
0 0.42891040468749997 0.391328459375 0.43285667656250004 0.3933015953125 0.4363096640625 0.39231502812499996 0.47059290000000004 0.3854090515625 0.47059290000000004 0.38096949687500004 0.44864176406249995 0.37455680468749997 0.4136186015625 0.379243003125 0.4281704796875 0.387135546875 0.42891040468749997 0.391328459375
0 0.58034858125 0.4818460671875 0.6306635453125 0.46630762187499997 0.6306635453125 0.45964828906250005 0.581581790625 0.4389303625 0.533733246875 0.4529889546875 0.535459740625 0.4591550046875 0.58034858125 0.4818460671875
0 0.6425023609375 0.4621147078125 0.6856647078125 0.448796040625 0.6881311265625001 0.44139678125000004 0.638309446875 0.4251184109375 0.5958870265625 0.4369572265625 0.595640384375 0.44312327656250006 0.6425023609375 0.4621147078125
0 0.656560953125 0.520322215625 0.7113154734375 0.5005908578125 0.7100822625000001 0.4912184625 0.64570870625 0.46507441250000003 0.5949004578125 0.4818460671875 0.5944071734375 0.49023189375 0.656560953125 0.520322215625
0 0.75817745 0.5706371796874999 0.8114521171875 0.5410401421875 0.811698759375 0.5304345374999999 0.7293203375 0.49763115312500006 0.6750591015625 0.5185957218749999 0.67530574375 0.52698155 0.75817745 0.5706371796874999
0 0.823784215625 0.53561401875 0.86847574375 0.51292295625 0.8721753734375 0.50330391875 0.7883171 0.47469345 0.7409125109375 0.49467144999999996 0.7421457203124999 0.501577425 0.823784215625 0.53561401875
0 0.719010703125 0.494178165625 0.7653793953125 0.4766665859375 0.76463946875 0.4682807578125 0.7017457640625 0.44805611562500003 0.6563636390625 0.46236135 0.6573502078125 0.46803411562499997 0.719010703125 0.494178165625