0 0.40994465 0.3362549765625 0.44978051093750004 0.385677209375 0.448932825 0.40274082499999997 0.48284492968750004 0.3900081046875 0.48247234843750003 0.37933876718750004 0.4253138015625 0.305114790625 0.338834046875 0.35028669843750004 0.338341546875 0.3609862453125 0.351113628125 0.3712225828125 0.3534168484375 0.3627695 0.40994465 0.3362549765625
0 0.24491093125000002 0.4055347453125 0.264805059375 0.4212966171875 0.2672556625 0.40879641875 0.317717825 0.382205 0.3412333953125 0.402459803125 0.34601743125 0.3823716046875 0.31857191875 0.357057221875 0.24606070937500002 0.39712194218749997 0.24491093125000002 0.4055347453125
0 0.5354428015625 0.44937831250000004 0.4942923828125 0.3953825921875 0.44880924375 0.4157371859375 0.45039935 0.43646892968750006 0.494980790625 0.4233636265625 0.523476303125 0.46221081249999996 0.535754965625 0.4583174875 0.5354428015625 0.44937831250000004
0 0.5757885578125 0.5051344062500001 0.5440606625 0.4646678234375 0.5232721625 0.4729002890625 0.5240740828125 0.48759660312499997 0.5414626734375 0.4812151375 0.5654716625 0.515599603125 0.5754937906250001 0.5132286374999999 0.5757885578125 0.5051344062500001
0 0.48223126406250005 0.5937913781249999 0.436619384375 0.60594404375 0.43589066875000004 0.6122579484374999 0.464487021875 0.629294165625 0.49112031875 0.6240927046875 0.489237015625 0.5973435375 0.48223126406250005 0.5937913781249999
0 0.38871262500000003 0.56597078125 0.390139959375 0.5592765281250001 0.34614840468749997 0.5294891078124999 0.29412781718750003 0.548391328125 0.2938607078125 0.5543331640625 0.3389380015625 0.5812350656249999 0.38871262500000003 0.56597078125
0 0.33079986250000004 0.5860279625 0.3312874265625 0.579603828125 0.284043928125 0.5518283687500001 0.239786775 0.5687983828125 0.23768151406250002 0.576465509375 0.2868925828125 0.5994262531250001 0.33079986250000004 0.5860279625
0 0.2688089921875 0.5504619828124999 0.2695418453125 0.5442665812499999 0.2106900578125 0.5102520859374999 0.1634924625 0.5313588874999999 0.162065128125 0.5380531390625001 0.22006517812499998 0.568063275 0.2688089921875 0.5504619828124999
0 0.28004483125 0.5460355125 0.3301444984375 0.5264884703125 0.33247021875 0.51833904375 0.277972665625 0.47990108906250006 0.2211900328125 0.5051394109375 0.22115993750000001 0.5110729703125 0.28004483125 0.5460355125
0 0.25727819531249996 0.47848805156249996 0.25725863125 0.47113242499999997 0.185486340625 0.42048350156250003 0.12699797968749998 0.45123929687500003 0.125815934375 0.4581622828125 0.20331486718749997 0.5029160218750001 0.25727819531249996 0.47848805156249996
0 0.18923489375 0.5074418125 0.191152803125 0.501205028125 0.115092490625 0.4568756515625 0.064346496875 0.48237777187499997 0.061816873437499996 0.49148352031250003 0.139558084375 0.529584390625 0.18923489375 0.5074418125
0 0.453388875 0.6308682234375 0.4539261 0.6258661562500001 0.42501824531250004 0.606705115625 0.3820341828125 0.619359265625 0.382478109375 0.625276271875 0.413926875 0.6424501796875 0.453388875 0.6308682234375