0 0.7188670640625 0.471483046875 0.786718825 0.445356578125 0.806302428125 0.46140687812500003 0.807562921875 0.45201276874999996 0.785505228125 0.4340981109375 0.71547838125 0.463111015625 0.7188670640625 0.471483046875
0 0.64414609375 0.49857491875 0.703105990625 0.4773849046875 0.7225430234375 0.48976901875 0.72049886875 0.4804706703125 0.7001804671875 0.46968513749999996 0.6416329171874999 0.49118587968750005 0.64414609375 0.49857491875
0 0.6497162671875001 0.539492621875 0.644844421875 0.5371490015625 0.6057161765625 0.5509759812499999 0.6060261859375 0.5545285343749999 0.6290490609375 0.559431471875 0.667194109375 0.5466890203125 0.6508499546875 0.5421723375 0.6497162671875001 0.539492621875
0 0.64647873125 0.5178030859375 0.6229211218749999 0.5266027109375 0.6230716125 0.5303669531249999 0.6499048796875 0.538141228125 0.64647873125 0.5178030859375
0 0.6329025749999999 0.4966202 0.58318589375 0.515909946875 0.5848442890625 0.5209764234375001 0.614432515625 0.5294991312499999 0.645289865625 0.5160774734375 0.6433535640625 0.5049934281249999 0.6421937921875001 0.502128109375 0.6329025749999999 0.4966202
0 0.5729867343749999 0.548383559375 0.6017081421875 0.5534319703125 0.6378115515625 0.5409764515625 0.637745334375 0.5351184 0.6130580453125 0.5277996046875 0.5727319046875 0.5438769031249999 0.5729867343749999 0.548383559375
0 0.5314155359375 0.5407878687500001 0.5655134296875 0.5477304359375 0.6032381124999999 0.5333436375 0.60251074375 0.5268214265625 0.5729716781249999 0.5199952359375 0.5317466109375 0.5350632515625 0.5314155359375 0.5407878687500001
0 0.740014371875 0.400253296875 0.7028352531250001 0.3678166875 0.6779753015625001 0.37872426406250004 0.6830856265625 0.396095578125 0.6978444046875001 0.3892765734375 0.7255825546875 0.409398746875 0.7273588281250001 0.41359735000000003 0.7411178640625 0.40810504999999997 0.740014371875 0.400253296875
0 0.69169031875 0.356038275 0.6377183484375 0.31172736875 0.5860665546875 0.34300706875000003 0.5941069453125001 0.3685665265625 0.6383518421875001 0.3436656890625 0.67679006875 0.3702909 0.6765715734375 0.3750664 0.6926617703125 0.3671706296875 0.69169031875 0.356038275
0 0.584746134375 0.32095142499999996 0.5852947390625001 0.3354052515625 0.621437946875 0.3119395828125 0.6191036359375001 0.2974401703125 0.5545494828125 0.2495751484375 0.510137959375 0.25640988125 0.44072659375 0.317468084375 0.44277481406249997 0.3299318578125 0.4599449265625 0.3402703875 0.45772379687500003 0.3307964109375 0.5245807890624999 0.2789936859375 0.584746134375 0.32095142499999996
0 0.422627484375 0.33217028125 0.35392977187499997 0.38986614375 0.3550647046875 0.40216172187500004 0.38179053125 0.4108607328125 0.3796197046875 0.39752454375 0.425887659375 0.359587753125 0.46617603750000003 0.3761668078125 0.46294730156249997 0.3531931609375 0.422627484375 0.33217028125
0 0.43734387343750003 0.5086248640625 0.486738396875 0.5203655390625 0.5327642796875 0.49758679531250005 0.5298295000000001 0.4914751625 0.4846335796875 0.4779582140625 0.43632212187499997 0.5013547218750001 0.43734387343750003 0.5086248640625
0 0.3879462171875 0.5348429734375 0.435814403125 0.5420533671875 0.4753105203125 0.5234543687500001 0.4745387046875 0.515852553125 0.4267616890625 0.50507075 0.3888783640625 0.52670513125 0.3879462171875 0.5348429734375
0 0.358928515625 0.49295596249999996 0.4210729015625 0.5046840593749999 0.46768039687499996 0.4818235765625 0.467244971875 0.4723951859375 0.40432876875 0.45306527343749997 0.35749334843749997 0.484854275 0.358928515625 0.49295596249999996
0 0.314383384375 0.5220506890625 0.3750375890625 0.5316158203125 0.411921171875 0.5113081421875 0.4101181734375 0.5005892046875 0.350127321875 0.49152394531250004 0.312575671875 0.513408259375 0.314383384375 0.5220506890625
0 0.2157028015625 0.5056712859375 0.2929140671875 0.5212128609375 0.3272307 0.49741080000000004 0.327958496875 0.4878189296875 0.250828971875 0.47285896562499996 0.2166302359375 0.4996099515625 0.2157028015625 0.5056712859375
0 0.25828145468749997 0.46469439843749993 0.26046171406249996 0.47387756718749996 0.3396221625 0.4906279515625 0.3859168421875 0.4592114953125 0.383318453125 0.4512732875 0.30047813125 0.42732978906249997 0.25828145468749997 0.46469439843749993