0 0.7667683703125 0.42029447343750004 0.7687076578125 0.425245615625 0.8168211453125 0.44151945625 0.9007141015625001 0.40194881406249994 0.8994100859374999 0.39392985468749997 0.8519318734375 0.3745881921875 0.7667683703125 0.42029447343750004
0 0.693918015625 0.400160346875 0.6944672390625 0.4064379984375 0.755150934375 0.42522677968749995 0.839365321875 0.3790010875 0.8364881671875001 0.3702160875 0.7801054328125 0.3489424546875 0.693918015625 0.400160346875
0 0.6160223390625 0.449749134375 0.6147517953125 0.4558847703125 0.670245309375 0.4669945859375 0.7324877796875 0.434740146875 0.7320805703125 0.42664272499999994 0.6763255218750001 0.412543553125 0.6160223390625 0.449749134375
0 0.6816684234375 0.463284178125 0.6806968140625 0.4693936609375 0.731198128125 0.47853044687499996 0.793235028125 0.45081235 0.7907352703125 0.442898003125 0.7441575234375 0.4304057125 0.6816684234375 0.463284178125
0 0.5576809390624999 0.48527696249999996 0.5585029453125 0.49122952499999994 0.6104727859375 0.49993660625 0.6556272671875 0.47550287343750003 0.6553769796875 0.46919906874999995 0.602379565625 0.4590757671875 0.5576809390624999 0.48527696249999996
0 0.6220117609375 0.49410749374999996 0.6214437 0.5013865671875 0.6654581359375 0.5086810890625 0.7134338062500001 0.485506653125 0.7126118015625 0.47955409062500004 0.66789488125 0.4711161328125 0.6220117609375 0.49410749374999996
0 0.7077814703125 0.3290162390625 0.6217572859375 0.29630264687499996 0.5864984843750001 0.3302378546875 0.5884616984375 0.3488446375 0.6196604156250001 0.32599523750000003 0.6819905671875001 0.3446858953125 0.6842408546875001 0.35890825937500004 0.7107680765625 0.340156203125 0.7077814703125 0.3290162390625
0 0.46041065000000003 0.3570296734375 0.4598076875 0.33863921406249997 0.5027956421875001 0.281895940625 0.586648434375 0.3127875171875 0.5966779609375 0.2894428640625 0.5140689609375 0.257436475 0.471168953125 0.2615250703125 0.42183713437500003 0.3339132609375 0.4237962765625 0.34480778437500004 0.46041065000000003 0.3570296734375
0 0.391207590625 0.42076110624999996 0.413787415625 0.3798872203125 0.46275642968749997 0.3876749046875 0.46286474218749996 0.3735815234375 0.462353196875 0.3639016765625 0.41249821718749996 0.34982020937499997 0.373620128125 0.4075452421875 0.3740734453125 0.416559521875 0.391207590625 0.42076110624999996
0 0.367708915625 0.42046965781249995 0.343535921875 0.4584649484375 0.3442637921875 0.4667845453125 0.3572589578125 0.46967158906249995 0.376298690625 0.438161359375 0.3905958765625 0.44059916093749996 0.39107016250000004 0.43452170625 0.3898057046875 0.42390173750000004 0.367708915625 0.42046965781249995
0 0.49904258593749995 0.541129825 0.49943571093749994 0.5456232625 0.5414738546875 0.5490201406249999 0.569826528125 0.5350785265625 0.5691824171875 0.52933359375 0.527748090625 0.52475193125 0.49904258593749995 0.541129825
0 0.45668330625 0.5308278 0.4577766859375 0.5433251765625 0.4892939015625 0.5445296296875 0.513677959375 0.530510740625 0.514383625 0.52563818125 0.46477336874999997 0.51979089375 0.45998852343749996 0.523322396875 0.4607783375 0.5274981390625 0.45668330625 0.5308278