0 0.777782640625 0.49194559218749995 0.7779280578125001 0.48304175312500003 0.750982128125 0.44975672031249997 0.6500598921875 0.4804336328125 0.6524531578125 0.4901615140625 0.6749359515625 0.5067175734375 0.676933471875 0.492044721875 0.74403746875 0.47304474374999994 0.762177228125 0.495913146875 0.777782640625 0.49194559218749995
0 0.662627428125 0.520153278125 0.6607217859375 0.5113210640625 0.6261258046875 0.487658284375 0.5457192234375 0.5112299203124999 0.5468536375 0.5175791609375 0.5638003796875 0.5258861296874999 0.5624858203125 0.5209122203125001 0.6176784828125 0.507119834375 0.642943771875 0.5249477671875 0.662627428125 0.520153278125
0 0.5657248328125 0.5417910625 0.5637794 0.53181936875 0.5239128843749999 0.514044975 0.462970021875 0.5330579765625 0.46372822812500003 0.5417020890625001 0.4808232828125 0.54772214375 0.4814404078125 0.5392581796875 0.5243983390625 0.5279465984375 0.557624053125 0.545040203125 0.5657248328125 0.5417910625
0 0.42014954062500004 0.46336320937500003 0.35381170625 0.49123519531250004 0.355013765625 0.4995215453125 0.4240736921875 0.52346394375 0.48896746406249997 0.49997767968750007 0.489364653125 0.49174956875 0.42014954062500004 0.46336320937500003
0 0.23530750625 0.44836973750000003 0.23327019531249998 0.4619031109375 0.3328851140625 0.49310683437499997 0.4016900078125 0.4640078296875 0.4007328453125 0.4496663328125 0.3023413234375 0.40906477968750005 0.23530750625 0.44836973750000003
0 0.3281275125 0.3960711171875 0.32919319687500004 0.4069862234375 0.42494836718749995 0.4570349484375 0.5225100484375 0.41506672031249997 0.520689053125 0.40212442812500004 0.42543669843750004 0.333804275 0.3281275125 0.3960711171875
0 0.598822115625 0.453929396875 0.540545621875 0.41534959687499995 0.44769812187499997 0.45509964375 0.447009371875 0.46151254843749995 0.5159756078125 0.4958401078125 0.5992095390625 0.46829079062499995 0.598822115625 0.453929396875
0 0.6875865125 0.326657728125 0.63968070625 0.25508698124999996 0.5724206093750001 0.256548815625 0.45461454999999995 0.313390625 0.45859802031249997 0.32945182968750003 0.552782521875 0.3998628328125 0.6889278421875 0.33893225 0.6875865125 0.326657728125
0 0.6962647750000001 0.3464795671875 0.562637734375 0.4011158953125 0.5654419359375 0.41607741249999997 0.6233396890625 0.4601466 0.7394961921875 0.421407971875 0.738902215625 0.41093273906250005 0.6962647750000001 0.3464795671875
0 0.38372968749999997 0.5638904359375 0.42970669531250005 0.573693553125 0.4299476125 0.5675244578124999 0.38070048437500004 0.555553803125 0.34259202499999997 0.568521421875 0.3405359015625 0.574982078125 0.38372968749999997 0.5638904359375
0 0.2690526890625 0.5535201234375 0.26815991875 0.5606246734375 0.326586528125 0.5741001609375 0.37017243906249997 0.5611694390624999 0.3691863375 0.5525332859375001 0.3101078734375 0.5399932546875 0.2690526890625 0.5535201234375
0 0.2266858390625 0.5686900078125 0.226052796875 0.5766981828125 0.2843361578125 0.5860715515625 0.3186738546875 0.5762018640625 0.3185544796875 0.5727834328125 0.259576578125 0.5565891171875 0.2266858390625 0.5686900078125
0 0.1362287 0.55405131875 0.1355797421875 0.5616037015625001 0.21068830156249999 0.5744966421875 0.24172404374999998 0.561547834375 0.24248441875 0.5571859875 0.16977708125 0.5398738984375 0.1362287 0.55405131875
0 0.1996162 0.57237338125 0.1271924640625 0.5566486046875 0.10073850625 0.5701219328125 0.0989182359375 0.576802525 0.168691871875 0.588512725 0.1986597625 0.57765476875 0.1996162 0.57237338125
0 0.27328793125 0.5846319765625 0.2158286109375 0.572719925 0.187660009375 0.5828305296875 0.1856118453125 0.5895190796875001 0.24409126875 0.5979729093749999 0.27274749374999996 0.5887579703125 0.27328793125 0.5846319765625
0 0.2176734703125 0.5144712890625 0.176369409375 0.53393935625 0.17532036875 0.5431029234375 0.2525060328125 0.5579768921875 0.2932696546875 0.5426348171875001 0.2945465921875 0.5334632906250001 0.2176734703125 0.5144712890625