0 0 0.47807818125 0.10110195156249999 0.4415691421875 0.096538321875 0.4317397859375 0 0.46614253437500003 0 0.47807818125
0 0.1246221984375 0.434197125 0.21062906718750002 0.402602765625 0.20922487343750001 0.3952307484375 0.1302389734375 0.420857284375 0.09127259531250001 0.41032583125000005 0.095836225 0.4233146234375 0.1246221984375 0.434197125
0 0.1938019734375 0.3299221625 0.1952210265625 0.3406664140625 0.2388061984375 0.32951671875 0.2384007546875 0.323840509375 0.201708121875 0.31715069375 0.1715025828125 0.324651396875 0.1938019734375 0.3299221625
0 0.22035852031249997 0.3974284984375 0.2862430828125 0.3739127765625 0.28401314375000003 0.3651957421875 0.236576259375 0.354451490625 0.2035326171875 0.3653984640625 0.2112360421875 0.3931713421875 0.22035852031249997 0.3974284984375
0 0.2248183984375 0.35972225625 0.22380478906249998 0.3516133875 0.19724824375 0.3469507875 0.2023162859375 0.3658039078125 0.2248183984375 0.35972225625
0 0.23941436249999998 0.35587054375 0.2890811859375 0.3400582484375 0.2894866296875 0.333773875 0.24711778906249998 0.3262731703125 0.2006945125 0.341680021875 0.20312717343750003 0.34836983906249996 0.23941436249999998 0.35587054375
0 0.300433603125 0.36843929062499997 0.3525330875 0.351410665625 0.349694984375 0.34573445625 0.30063632500000004 0.3358010921875 0.25218583125 0.3508025 0.25380760625 0.3576950390625 0.300433603125 0.36843929062499997
0 0.3878015359375 0.4018499125 0.4366982515625 0.4108424109375 0.44821989218749997 0.41533866093749994 0.4850329359375 0.395948584375 0.48615699843750004 0.3855510078125 0.41899426875 0.3743103828125 0.368973490625 0.3996017875 0.368973490625 0.40634616250000005 0.383024271875 0.408875303125 0.3878015359375 0.4018499125
0 0.49486848281249995 0.389485225 0.5297144171875 0.36784702343750003 0.5277473078125 0.36110264999999997 0.467890984375 0.351267103125 0.4310779390625 0.3681280390625 0.43023489374999996 0.3779635859375 0.49486848281249995 0.389485225
0 0.46367575 0.4274223328125 0.521564965625 0.44119209687499994 0.5311194953125 0.4338856921875 0.5575349625 0.44006803437500003 0.5842314453124999 0.41674373906250006 0.5822643359375 0.40690819375 0.5077952 0.39229538124999996 0.4625516875 0.4198349109375 0.46367575 0.4274223328125
0 0.5895707421874999 0.40606514687499995 0.6179533171875 0.3841459296875 0.61682925625 0.3748724140625 0.548261446875 0.361383665625 0.51510160625 0.3835838984375 0.5156636375 0.39229538124999996 0.5895707421874999 0.40606514687499995
0 0.6202014421875 0.4549618625 0.6182343328125001 0.4650784234375 0.6738754234375001 0.47912920468750003 0.698042765625 0.4369768625 0.6966376875 0.42798436406249996 0.6061506624999999 0.408875303125 0.5724287890624999 0.44231615937499996 0.6202014421875 0.4549618625
0 0.7047871406249999 0.4296704578125 0.7213670609375 0.40016381875 0.7202429984375 0.392576396875 0.6395915203125 0.3771205390625 0.61458113125 0.403254990625 0.61458113125 0.41028038125000005 0.7047871406249999 0.4296704578125
0 0.08233575625 0.5407255281250001 0.1646715140625 0.5825538531250001 0.2069401375 0.555695665625 0.1998953671875 0.5288374765625 0.164231215625 0.5499717890625 0.10787305 0.5217927062500001 0.10523126093749999 0.5116658484375 0.0814551609375 0.5231136015625 0.08233575625 0.5407255281250001
0 0.1902088078125 0.5979642890625 0.3068878203125 0.6534418578125 0.3790967203125 0.5829941515625 0.37601463281249997 0.5649419265625 0.40067132968749997 0.54292701875 0.365007178125 0.5288374765625 0.3689698625 0.5512926828125 0.2897161921875 0.60588965625 0.21354460937500003 0.5733075921874999 0.2109028203125 0.5671434171875 0.1862461234375 0.5812329593750001 0.1902088078125 0.5979642890625
0 0.33682809687500004 0.6728149765625 0.47023844062500003 0.738833284375 0.5014996093749999 0.738833284375 0.57458910625 0.6168706921875 0.5728279125 0.60454234375 0.552574196875 0.5970572749999999 0.5499324078125001 0.6085050265625 0.4975369265625 0.6895198890625001 0.38878327968750004 0.63756470625 0.38394 0.6067702515625 0.3359475 0.651680665625 0.33682809687500004 0.6728149765625
0 0.589999540625 0.601926971875 0.6357905500000001 0.523994196875 0.6357905500000001 0.51122555 0.6137756421875 0.50374048125 0.611133853125 0.5204718125000001 0.5785517890625 0.565382225 0.55653688125 0.5636210328125 0.5547756875000001 0.5860762390625001 0.589999540625 0.601926971875