0 0.0697322625 0.4926677546875 0.1715924796875 0.4455710953125 0.16867175625 0.438634378125 0.0733831671875 0.47988959062500003 0 0.4554285359375 0.00073018125 0.4700321515625 0.0697322625 0.4926677546875
0 0.18911681875 0.43753910625000003 0.2654207078125 0.406141334375 0.2624999859375 0.395918803125 0.19349790312499998 0.42330058125000003 0.16027467812500001 0.4163638640625 0.1646557625 0.43060238906250003 0.18911681875 0.43753910625000003
0 0.273697490625 0.3987119046875 0.328144265625 0.3700248953125 0.3249242953125 0.3647558515625 0.273990215625 0.35421776718750003 0.2558412921875 0.360072259375 0.26520847812500004 0.39666283281250003 0.273697490625 0.3987119046875
0 0.3363044109375 0.3674979203125 0.384398046875 0.3485413046875 0.3805365140625 0.3408182390625 0.32858134375 0.3316909796875 0.2854023859375 0.350296546875 0.285753434375 0.3569664671875 0.3363044109375 0.3674979203125
0 0.2671478671875 0.355913321875 0.315241503125 0.33836089999999996 0.313837309375 0.3302867859375 0.2692541578125 0.3246700109375 0.2492443953125 0.3299357375 0.25521221875 0.3527538859375 0.2671478671875 0.355913321875
0 0.467563621875 0.41006309218750003 0.48047974375 0.39843858125 0.5114784359375 0.4057577171875 0.5351579937500001 0.3906889078125 0.53214423125 0.38035601093750004 0.46454985937500004 0.3691620375 0.43355116562499996 0.3919805203125 0.437426003125 0.40317449375000003 0.467563621875 0.41006309218750003
0 0.5394633671875 0.382939234375 0.5665872249999999 0.3631345140625 0.5670177625 0.35237107968750003 0.5037287625 0.34203818125 0.4735911453125 0.3631345140625 0.47229953281250003 0.369592575 0.5394633671875 0.382939234375
0 0.5502268031249999 0.41221577812500004 0.5497962656250001 0.42900673749999996 0.6160990265625 0.4380480234375 0.6359037468750001 0.40317449375000003 0.6371953593749999 0.39714696875 0.5541016390625 0.385522459375 0.53214423125 0.40834094218750006 0.5502268031249999 0.41221577812500004
0 0.6384869703125 0.39843858125 0.6548473921875 0.3717452625 0.6548473921875 0.3635650515625 0.5842392578125 0.3540932296875 0.5627123875 0.37691171093750003 0.5618513125 0.386814071875 0.6384869703125 0.39843858125
0 0.7228723015625 0.44149232187500004 0.721150153125 0.45699166875 0.7422464859375 0.46129704218749995 0.7525793828125 0.412646315625 0.6557084671875 0.39973019375 0.6440839578124999 0.4264235125 0.7228723015625 0.44149232187500004
0 0.664319215625 0.39973019375 0.7543015328125 0.41522954062500006 0.75989851875 0.3777727859375 0.6780964125 0.3657177390625 0.664319215625 0.3919805203125 0.664319215625 0.39973019375
0 0.1997202859375 0.5432413953124999 0.29907352343750004 0.578217790625 0.3522984734375 0.5401999703125 0.34469490937499997 0.5087719046875 0.29856662031250003 0.5498311515625 0.222530978125 0.520430703125 0.2250655 0.509278809375 0.20174790312500002 0.5244859374999999 0.1997202859375 0.5432413953124999
0 0.3345568234375 0.59494563125 0.46888645625 0.6446222515625 0.529208065625 0.5498311515625 0.5297149703125 0.53715854375 0.4927109578125 0.5254997453125 0.49220405312500004 0.53867925625 0.45013099843750004 0.6000146749999999 0.3563537078125 0.5706142265625 0.3482432390625 0.560476140625 0.3320223015625 0.5787246953125 0.3345568234375 0.59494563125
0 0.5038628515625 0.6572948578125 0.6782379234375 0.7140681375 0.7066245624999999 0.5837937375 0.6934450515624999 0.5792315984374999 0.6686067421875 0.6547603359374999 0.553539471875 0.6213046546875 0.5545532796875 0.5518587687500001 0.5028490437500001 0.636004878125 0.5038628515625 0.6572948578125
0 0.5231252140625 0.5047166703125 0.4957523828125 0.4991407234375 0.49169714999999997 0.521951415625 0.5363047265625001 0.5305687890625 0.5753363546875 0.4788645515625 0.57685706875 0.4636574234375 0.55100495 0.45706766875 0.5231252140625 0.5047166703125