0 0.3734624171875 0.49476260156249996 0.3472530203125 0.4759777515625 0.34917621875 0.4875070453125 0.2808462453125 0.5145125953125 0.24298917968749997 0.48224821718750005 0.22921404218750002 0.4847078984375 0.22650458437499998 0.49473243125 0.2788234671875 0.541821996875 0.375640171875 0.503382284375 0.3734624171875 0.49476260156249996
0 0.40029058749999996 0.46811975625 0.3664193875 0.4480677453125 0.36586355625 0.4389178859375 0.3468987328125 0.44607027187500004 0.34541854375000003 0.45636775468749996 0.39914109375 0.4911902625 0.46701926250000003 0.463530778125 0.46643708906250003 0.4536321390625 0.4528698984375 0.443176734375 0.4515046328125 0.4488500578125 0.40029058749999996 0.46811975625
0 0.451048196875 0.43751422812499996 0.4894932609375 0.4582560390625 0.5403227953124999 0.43344956874999996 0.538727421875 0.42520011718750006 0.5261339515625 0.41685737031250003 0.5246177999999999 0.42425532343750005 0.48619110781249997 0.43971991875 0.45274390000000003 0.4214428328125 0.451048196875 0.43751422812499996
0 0.53568130625 0.489812615625 0.6137714812499999 0.5308219515625 0.6616438953125 0.4967779765625 0.66213603125 0.48784224218750005 0.5892054124999999 0.4507599703125 0.5349877281250001 0.4778767609375 0.53568130625 0.489812615625
0 0.636249259375 0.54205693125 0.7378663734375001 0.5955515890624999 0.7789478937500001 0.54643156875 0.777639959375 0.5382072640625 0.68619106875 0.4942913625 0.635742528125 0.5312959765625 0.636249259375 0.54205693125
0 0.5478304609375 0.605861971875 0.659508175 0.6834078906250001 0.72031126875 0.61081474375 0.7230166546875 0.5997555375 0.616502275 0.5426464015625 0.5479740484375 0.5942889984375 0.5478304609375 0.605861971875
0 0.442447721875 0.5358181140625 0.5250544296874999 0.5914148765625 0.593593471875 0.542959246875 0.5946604859375 0.5340738078125 0.5161606515625 0.4878151421875 0.4422284296875 0.5250823078125 0.442447721875 0.5358181140625
0 0.3221267921875 0.590170396875 0.32090889375 0.6007804640625001 0.4055530796875 0.6794369171875 0.506374721875 0.6062900015625 0.5072548875 0.5962296625 0.42601344531249996 0.534959578125 0.3221267921875 0.590170396875
0 0.697095090625 0.43586946875 0.7733670828125 0.464554921875 0.7977631125 0.44062184374999996 0.8003535734374999 0.4341867953125 0.7310160640625 0.409004415625 0.6989238296875 0.4282092265625 0.697095090625 0.43586946875
0 0.7348893140625 0.4110811109375 0.803202809375 0.43472571093749995 0.8241460625 0.41715223437500004 0.8262119437500001 0.410092015625 0.760471059375 0.390148153125 0.7356545578125 0.40564493281249997 0.7348893140625 0.4110811109375
0 0.7668558109375 0.3933134921875 0.8308720656249999 0.41310646875 0.8469648296875001 0.398005015625 0.8483300953124999 0.3923316921875 0.7899871640625 0.37390398125 0.7682462250000001 0.38735273124999997 0.7668558109375 0.3933134921875
0 0.6969290906250001 0.3715552234375 0.7511975921875 0.39020574531249996 0.7716378921875 0.378381034375 0.774178059375 0.3725208640625 0.7196077875 0.35731960156250003 0.6982440624999999 0.36645677656250003 0.6969290906250001 0.3715552234375
0 0.6601767328125 0.38774558125 0.718918509375 0.4082356546875 0.7445721796875 0.3931017578125 0.744974540625 0.3885027453125 0.6895562875000001 0.3697516328125 0.6626917546875 0.3821728484375 0.6601767328125 0.38774558125
0 0.6214482718750001 0.40665943593750004 0.6839375578125 0.430663396875 0.714154278125 0.41303233125 0.7136583625 0.40545834531249997 0.6561920796875 0.3836316703125 0.6247142015625 0.39912493125 0.6214482718750001 0.40665943593750004
0 0.6082755078125001 0.4036850765625 0.6439505296875 0.388517046875 0.6430429421875 0.38189516874999996 0.6082090171875 0.39594724531250003 0.5572811468750001 0.37810929843749996 0.5566817296875 0.383261096875 0.6082755078125001 0.4036850765625