0 0.3659104375 0.5019514078125 0.3957210328125 0.5387762609375 0.413841196875 0.5311774812500001 0.42027093437499996 0.517148965625 0.40215076875 0.517148965625 0.37818538749999997 0.4885074140625 0.3670794796875 0.4908455 0.3659104375 0.5019514078125
0 0.3980591171875 0.5504666890625 0.4383910984375 0.6048271859375001 0.4927515953125 0.5867070203125 0.49099803125 0.5592345125 0.440729184375 0.5715094625 0.4167638046875 0.5335155671875 0.40156624687500003 0.5387762609375 0.3980591171875 0.5504666890625
0 0.451250571875 0.6176866578125 0.5155479328125 0.6977660984375 0.624853446875 0.647497253125 0.624268925 0.6328842156250001 0.6119939750000001 0.6241163937499999 0.5377597484375001 0.6580186390625 0.48924446718750003 0.5919677140624999 0.45534222187499995 0.6048271859375001 0.451250571875 0.6176866578125
0 0.6511569125000001 0.642236559375 0.7364970468750001 0.6007355359375001 0.735328003125 0.5925522359375 0.7113626234375 0.5744320703125 0.708440015625 0.5878760640625 0.6523259546875 0.60658075 0.6131630171875 0.5826153703125 0.6125784953125 0.6147640515624999 0.6511569125000001 0.642236559375
0 0.6192794734375 0.4842181296875 0.6745293875 0.47172684374999996 0.6778924265625 0.46259859687500005 0.6322511921875 0.4395377640625 0.5760404109375 0.45202904843749997 0.5745991078125 0.4611572953125 0.6192794734375 0.4842181296875
0 0.6971097875 0.526496325 0.7576444765625 0.5111224359375 0.7566836078125 0.49863115 0.6927858812500001 0.46355946562500006 0.6375359671874999 0.4837376953125 0.6336924953125 0.49863115 0.6971097875 0.526496325
0 0.804246578125 0.58462884375 0.8691051734374999 0.55676366875 0.8691051734374999 0.5423506484375 0.7816661781249999 0.500072453125 0.7240140937499999 0.5226528515625 0.7220923578125 0.5361050046875 0.804246578125 0.58462884375
0 0.8844790625 0.5514788937499999 0.935885503125 0.5288984953125 0.9354050703125001 0.516407209375 0.847485640625 0.4832572609375 0.791274859375 0.5010333203124999 0.7922357265625 0.5106420015625 0.8844790625 0.5514788937499999
0 0.767733590625 0.5024746234374999 0.821542203125 0.48662029999999995 0.818179165625 0.47749205312500004 0.755722740625 0.4529899171875 0.706238034375 0.46548120156249995 0.7057576 0.47412901406249996 0.767733590625 0.5024746234374999
0 0.6822163328124999 0.4693246734375 0.7345836421875 0.45635295468750003 0.7350640765625001 0.449626878125 0.6860598046875 0.42656604531250003 0.6423403078125001 0.436655159375 0.6389772687499999 0.446744275 0.6822163328124999 0.4693246734375
0 0.33383356875 0.4588650296875 0.40033024531250005 0.446713353125 0.3966172328125 0.43962487499999997 0.3361963953125 0.449751271875 0.3186439734375 0.4298360234375 0.31661869375 0.43996242187499995 0.33383356875 0.4588650296875
0 0.4087689109375 0.44266279375 0.4685146546875 0.434899221875 0.46716446874999995 0.42713565156250005 0.41315701562499996 0.43658695468750003 0.3972923265625 0.41599661406250005 0.39459195468749997 0.43219884999999997 0.4087689109375 0.44266279375
0 0.4714220390625 0.42651826875000004 0.4798242140625 0.4316195890625 0.53083741875 0.42441772499999997 0.5302372640625 0.41481523906250006 0.501729884375 0.40281213125 0.471722115625 0.40731329687500006 0.47202219375 0.4196164828125 0.4714220390625 0.42651826875000004
0 0.5401398281249999 0.4217170265625 0.58665186875 0.414215084375 0.58665186875 0.4085136078125 0.5557438671875 0.3935097234375 0.51403306875 0.40221197656249996 0.51253268125 0.4103140734375 0.5401398281249999 0.4217170265625
0 0.47182610937499997 0.4068669046875 0.49353060312499997 0.404400484375 0.49303732031249997 0.39971428750000004 0.47207275156249995 0.38886204062499996 0.47182610937499997 0.4068669046875
0 0.47453917187499994 0.39034189218750004 0.51498845625 0.383189275 0.5154817406250001 0.37948964531249996 0.49229739375000003 0.3703638921875 0.45850744218750006 0.376529940625 0.47453917187499994 0.39034189218750004
0 0.504136209375 0.40464712656249996 0.5455720625 0.3984810765625 0.5450787781249999 0.3910818171875 0.5201679375 0.38146278125 0.48440485000000005 0.3881221140625 0.48193843125 0.3942881640625 0.504136209375 0.40464712656249996