0 0.2239510234375 0.463519021875 0.14892432656250001 0.46769254218749995 0.144387365625 0.4471171140625 0.1377146125 0.44686241562499995 0.1306279859375 0.47604212500000004 0.1304435984375 0.4862953484375 0.2431109953125 0.476698690625 0.2431096609375 0.4682124859375 0.2352933609375 0.440592859375 0.22308739531250002 0.441989771875 0.2239510234375 0.463519021875
0 0.28960800625 0.45925397500000004 0.2778636765625 0.43926092656250004 0.2607055453125 0.4410306140625 0.26163681875 0.44916792499999997 0.271708325 0.476577946875 0.36187010000000003 0.4686355671875 0.361124546875 0.4587312359375 0.350590071875 0.44422496875000006 0.3492900234375 0.45659410781250004 0.28960800625 0.45925397500000004
0 0.3949526234375 0.455587184375 0.37737261875 0.4358740515625 0.36772432187500004 0.4384330546875 0.36472623125000003 0.44571073906249997 0.387909759375 0.4673527296875 0.46244827343750006 0.4635745328125 0.459842840625 0.45436799062500005 0.4488904921875 0.44383751875 0.4444278453125 0.4523011765625 0.3949526234375 0.455587184375
0 0.43014185312500003 0.5329804953124999 0.5226278125 0.5199227765625001 0.5243006375 0.5125058015625 0.48191070781249995 0.47812589687499996 0.399583778125 0.48376530781250004 0.39851588125 0.493925671875 0.43014185312500003 0.5329804953124999
0 0.49674078125000004 0.6047423984375 0.6015706625 0.5804762984375 0.603707790625 0.5686417734375 0.53827495625 0.5197808187499999 0.44560327656250004 0.5346055562500001 0.443163684375 0.545068384375 0.49674078125000004 0.6047423984375
0 0.2896465625 0.5566244546875 0.288415490625 0.5640878578125 0.31551383906249997 0.6419706859375001 0.4606110671875 0.60853780625 0.46023695781249996 0.5950994359374999 0.41393754375 0.5384235125 0.2896465625 0.5566244546875
0 0.2678055109375 0.496712953125 0.264319234375 0.5043859609375 0.2815079171875 0.549069521875 0.40135880156250003 0.5348682578124999 0.401101434375 0.5245686046875 0.368987278125 0.48590910625 0.2678055109375 0.496712953125
0 0.2402548625 0.49962351875 0.1076859453125 0.5115947937499999 0.0915825 0.56707153125 0.091654146875 0.57913820625 0.249517171875 0.555979765625 0.24881804999999999 0.5456336796875 0.2402548625 0.49962351875
0 0.0795649234375 0.5836738328125 0.0472213859375 0.683179090625 0.053994774999999995 0.6952246578125 0.0877474328125 0.69279816875 0.2643472203125 0.652850371875 0.2634610421875 0.6357851 0.247681175 0.5606997781249999 0.0795649234375 0.5836738328125
0 0.5611177765625001 0.4562630484375 0.6138141859374999 0.44999921875000004 0.6150283796875 0.4461032734375 0.5613400546875 0.44904400000000005 0.5281886703125 0.43268425468749994 0.525634403125 0.439121725 0.5611177765625001 0.4562630484375
0 0.616137440625 0.48404131406250006 0.6726875671875 0.4768413390625 0.673440459375 0.4696780625 0.6262413671875 0.44915946875 0.5735027296874999 0.4532729609375 0.57304303125 0.460198815625 0.616137440625 0.48404131406250006
0 0.6901070140625001 0.5229313671875 0.7501754390625 0.5128823328125 0.749266378125 0.503666715625 0.6882147734374999 0.4771321265625 0.630714959375 0.48315933749999995 0.6292219203125 0.489708346875 0.6901070140625001 0.5229313671875
0 0.6997910671875001 0.48183593125 0.762853584375 0.5096548234375 0.812296203125 0.5011713453125 0.8125742499999999 0.4934216828125 0.75109003125 0.4684510515625 0.7004180765625 0.4733182359375 0.6997910671875001 0.48183593125
0 0.8259941484375 0.5010016328125 0.8666959921874999 0.4940135984375 0.86874753125 0.4872550515625 0.8026136765624999 0.463136909375 0.762553984375 0.4691194875 0.760669753125 0.47428619375 0.8259941484375 0.5010016328125
0 0.695973971875 0.44924625 0.74664993125 0.469862040625 0.7860117 0.46541553281250003 0.789208121875 0.4579726046875 0.7353771671875 0.44185348593749996 0.69671331875 0.4447639234375 0.695973971875 0.44924625
0 0.636965971875 0.45431023125000003 0.6853521703125 0.4762947796875 0.7299499593750001 0.4705209390625 0.7327137640625 0.4646419671875 0.683518103125 0.4452547125 0.637020940625 0.4486830234375 0.636965971875 0.45431023125000003