0 0.3471122265625 0.556031334375 0.372644125 0.5906817671875 0.398176021875 0.5858185484375 0.398176021875 0.565757771875 0.3787231484375 0.5712288921875001 0.3641334921875 0.541441678125 0.3477201296875 0.544481190625 0.3471122265625 0.556031334375
0 0.382453165625 0.6023357203125 0.42246525 0.657417290625 0.47338972031250004 0.6423478031250001 0.47338972031250004 0.6153266562499999 0.42714198750000004 0.6246801296875 0.4001208390625 0.5888251453125 0.382453165625 0.5935018828125 0.382453165625 0.6023357203125
0 0.43597582343749997 0.6714475015625 0.48638065781249995 0.7384807328125 0.536785490625 0.7395200078124999 0.613172196875 0.7010668359375 0.6152507453125 0.6875562625 0.600181259375 0.6735260515625 0.597063434375 0.6885955375 0.5217160046875 0.713018496875 0.47338972031250004 0.650142365625 0.43701509843749997 0.658976203125 0.43597582343749997 0.6714475015625
0 0.600181259375 0.6620940265625 0.6386344312500001 0.6927526375 0.7228156984375 0.654819103125 0.7202175109375 0.6402692546875 0.6937160015625 0.62364085625 0.6963141890625 0.6366317921875 0.63759515625 0.6657314890625 0.6017401718750001 0.6381907046874999 0.600181259375 0.6620940265625
0 0.60420838125 0.53278773125 0.65720319375 0.517598134375 0.658890928125 0.5098345640625 0.6109593125 0.48924422187500005 0.5586395921875 0.5027460859375 0.5583020453125 0.51050965625 0.60420838125 0.53278773125
0 0.621760803125 0.49430742031249997 0.66834223125 0.514560215625 0.714923659375 0.5017334453125 0.7139110203125 0.49430742031249997 0.6629414859375 0.4774300921875 0.622435896875 0.48755648906250004 0.621760803125 0.49430742031249997
0 0.621760803125 0.5419014890625 0.683531828125 0.5736308671875 0.737876828125 0.5543907124999999 0.73753928125 0.542914128125 0.6750931640625 0.51793568125 0.621760803125 0.5321126375 0.621760803125 0.5419014890625
0 0.6845647203125 0.5226613343750001 0.744310465625 0.5493275140625 0.79460490625 0.5304249046875 0.7959550921874999 0.5233364265625 0.73078835 0.5003832593750001 0.6842069203125 0.5159104015625 0.6845647203125 0.5226613343750001
0 0.79089189375 0.62662568125 0.8475997187500001 0.5989468609374999 0.8482748125 0.586795184375 0.759162515625 0.5523654328125 0.703804875 0.5739684140625 0.7034673296875 0.5813944390625 0.79089189375 0.62662568125
0 0.77368376875 0.557766178125 0.8627960671875 0.5948963015625 0.9070146687499999 0.5702554015625 0.9076897625000001 0.560804096875 0.8195833531250001 0.5304249046875 0.7740145640625 0.5493275140625 0.77368376875 0.557766178125
0 0.3139942140625 0.5088628500000001 0.3799235125 0.4977165296875 0.3794492015625 0.49392203749999997 0.316128615625 0.5026968 0.3009506484375 0.4846729640625 0.29976486874999997 0.49178763593749997 0.3139942140625 0.5088628500000001
0 0.39439001406249996 0.4962935953125 0.452730328125 0.48562158593750004 0.4510702375 0.48158993906249997 0.394864325 0.4889417671875 0.3794492015625 0.47162939687499994 0.3775519546875 0.48182709375000005 0.39439001406249996 0.4962935953125
0 0.45391610781249997 0.43605603437499996 0.45391610781249997 0.44079915 0.45652482031249997 0.4426963953125 0.4963669859375 0.4370046578125 0.49755276562499995 0.43178723124999996 0.4747858140625 0.42443540312500005 0.43944960625 0.42870420625000005 0.45391610781249997 0.43605603437499996
0 0.51059633125 0.4692578390625 0.48545782187500003 0.45573996250000004 0.45367895156250004 0.4592972984375 0.452730328125 0.47660966718750003 0.46316518125000006 0.48443580781250006 0.5117821109375 0.47352664375 0.51059633125 0.4692578390625
0 0.494706896875 0.4609573875 0.52292843125 0.47305233125 0.5663279328125 0.46522619218749994 0.5682251796875 0.458348675 0.53786924375 0.4474395109375 0.49660414218750004 0.453842715625 0.494706896875 0.4609573875
0 0.48427204375 0.4562142734375 0.526960078125 0.44981106875 0.5274343906250001 0.44364501875 0.5015844125 0.43439594374999996 0.46411380468749996 0.44245923906250006 0.46363949375 0.4457794203125 0.48427204375 0.4562142734375
0 0.453204640625 0.46000876562500004 0.47692021562500003 0.4559771171875 0.4757344359375 0.4519454703125 0.453204640625 0.44245923906250006 0.453204640625 0.46000876562500004