0 0.6926925234375 0.5510159515625 0.7074728859375 0.53280004375 0.7085335484375 0.5256941281249999 0.6254687156250001 0.5188464609375 0.6141359953125 0.543073128125 0.6153457953125 0.5494762796875 0.627646 0.548886284375 0.6362030953125 0.5331542828125 0.6917921578125 0.538683128125 0.6926925234375 0.5510159515625
0 0.5927707203125 0.5493001421875 0.5993164515625 0.5198633453125 0.52084194375 0.514125740625 0.5202715390625 0.5225383828125 0.523370140625 0.5423196484374999 0.5269394109375 0.54269479375 0.528047596875 0.5261798796875 0.5828201890625 0.533505709375 0.58466845 0.5487623593750001 0.5927707203125 0.5493001421875
0 0.524735975 0.45020605781249995 0.5245742734375 0.46070135624999997 0.5306079046875001 0.49883459218750004 0.6202389937499999 0.502920603125 0.63352993125 0.466033959375 0.6330219578125 0.455938975 0.524735975 0.45020605781249995
0 0.5051155640625 0.5413424140624999 0.50596371875 0.5332727640625 0.49839735625000003 0.5127081171875 0.42098444687500003 0.5058268921875 0.4195807921875 0.513210559375 0.43299480625 0.53187941875 0.4359820015625 0.51838619375 0.4886630796875 0.5217265984375 0.49498795781249993 0.5421607578125001 0.5051155640625 0.5413424140624999
0 0.3868519625 0.4514038546875 0.414905634375 0.492008390625 0.501530878125 0.49483707499999996 0.5034900296875 0.48813939531250006 0.49152625937499994 0.446715575 0.3895702640625 0.4419617640625 0.3868519625 0.4514038546875
0 0.340345478125 0.38119525468750004 0.381348075 0.44131096249999996 0.4881089875 0.444356221875 0.49129280781249995 0.43368967031250005 0.475164359375 0.3715416078125 0.342517728125 0.36673773593750003 0.340345478125 0.38119525468750004
0 0.6590825921875 0.379123528125 0.5131678078124999 0.37325146875000004 0.512864421875 0.3885581171875 0.5199919359375 0.448050575 0.6348349328125 0.45457307968749994 0.657810846875 0.3943283984375 0.6590825921875 0.379123528125
0 0.6612520109375 0.45473881250000003 0.64245194375 0.493883171875 0.6451718843750001 0.5052650125 0.740699096875 0.5123681609374999 0.7787810265624999 0.47296594062499997 0.778796528125 0.46350336875 0.6612520109375 0.45473881250000003
0 0.7015197421875 0.3790149265625 0.66656779375 0.4445279140625 0.6698140796875001 0.4540069625 0.7941031734374999 0.4638067546875 0.8561012968749999 0.40178914062500004 0.8566760921875 0.383900203125 0.7015197421875 0.3790149265625
0 0.0813935796875 0.4012993265625 0.079152503125 0.41020163125 0.1530084984375 0.45582101875000003 0.2397351875 0.45971473281249997 0.24287677031250002 0.45155977968750005 0.18023298125 0.404834378125 0.0813935796875 0.4012993265625
0 0.1678915578125 0.4632596234375 0.2194908171875 0.49707553281249994 0.291913140625 0.5004448515625 0.294630159375 0.49322433125 0.2517121953125 0.4606472140625 0.1695384375 0.45690568125000003 0.1678915578125 0.4632596234375
0 0.002251221875 0.45237715781250004 0.0009281015625 0.46496581406250004 0.047446840625 0.48519366562500005 0.11169773593750001 0.48868318750000006 0.11696311718750001 0.4820568625 0.051926070312499996 0.44878669687499995 0.006685625000000001 0.4476216046875 0.002251221875 0.45237715781250004
0 0.1523629265625 0.455753165625 0.0747421 0.4521638140625 0.0732823 0.45984282500000007 0.13471732187500002 0.49012358906250003 0.2036743015625 0.49541314999999997 0.20397866250000002 0.4863072875 0.1523629265625 0.455753165625
0 0.004915615625 0.42720175625 0.054304801562500005 0.45099482343749997 0.1300228390625 0.45405783125 0.1344216390625 0.44636136875 0.0573377828125 0.40040271875 0.0081046765625 0.39685987031250003 0.004915615625 0.42720175625