0 0 0.48188724218749995 0.0863061078125 0.4500464015625 0.0804263734375 0.440596828125 0 0.4699515953125 0 0.48188724218749995
0 0.10811792499999999 0.4395985234375 0.19412479375 0.40800416406249995 0.1927206 0.40063214687500004 0.11373470000000001 0.4262586828125 0.07476832343749999 0.4157272296875 0.079331953125 0.428716021875 0.10811792499999999 0.4395985234375
0 0.175291334375 0.33206832343750003 0.1767103875 0.342812575 0.220295559375 0.33166287968749997 0.219890115625 0.3259866703125 0.18319748281249998 0.3192968546875 0.1529919453125 0.32679755781250003 0.175291334375 0.33206832343750003
0 0.203725771875 0.4006477390625 0.269610334375 0.37713201875 0.2673803953125 0.36841498437500003 0.2199435109375 0.3576707328125 0.18689986875 0.36861770625 0.1946032953125 0.3963905828125 0.203725771875 0.4006477390625
0 0.20845392031249999 0.3621366875 0.2074403125 0.35402781875 0.180883765625 0.34936521875 0.185951809375 0.3682183390625 0.20845392031249999 0.3621366875
0 0.220367184375 0.3580167046875 0.2700340078125 0.34220440937499996 0.27043945156250004 0.3359200359375 0.228070609375 0.32841933125 0.1816473328125 0.3438261828125 0.18407999375 0.350516 0.220367184375 0.3580167046875
0 0.281386425 0.3705854515625 0.333485909375 0.3535568265625 0.3306478046875 0.3478806171875 0.281589146875 0.33794725312499996 0.233138653125 0.3529486609375 0.23476042656249999 0.3598412 0.281386425 0.3705854515625
0 0.3754492203125 0.402800090625 0.4243459359375 0.411792590625 0.43586757499999995 0.41628883906249997 0.4726806203125 0.3968987625 0.47380468281250004 0.3865011859375 0.406641953125 0.37526056093750004 0.356621175 0.40055196562499995 0.356621175 0.40729634062500003 0.3706719546875 0.40982548124999996 0.3754492203125 0.402800090625
0 0.48109089843749997 0.3871097796875 0.5159368343749999 0.36547157812500003 0.513969725 0.35872720468749997 0.4541134015625 0.3488916578125 0.41730035625 0.36575259375 0.416457309375 0.375588140625 0.48109089843749997 0.3871097796875
0 0.4546490578125 0.4250468875 0.512538271875 0.43881665156249994 0.522092803125 0.43151024531250004 0.5485082703125 0.4376925890625 0.575204753125 0.41436829375000006 0.57323764375 0.4045327484375 0.4987685078125 0.38991993593749996 0.45352499531249996 0.417459465625 0.4546490578125 0.4250468875
0 0.5776935140624999 0.4046398796875 0.606076090625 0.38272066250000003 0.604952028125 0.37344714687499997 0.5363842203125 0.3599583984375 0.5032243796875 0.38215863125 0.5037864109375 0.3908701140625 0.5776935140624999 0.4046398796875
0 0.6035733249999999 0.45306150624999997 0.601606215625 0.4631780671875 0.65724730625 0.4772288484375 0.6814146484375 0.43507650625 0.6800095703125 0.4260840078125 0.5895225453124999 0.406974946875 0.5558006718749999 0.44041580312499995 0.6035733249999999 0.45306150624999997
0 0.68720884375 0.42777010156250006 0.7037887656249999 0.3982634625 0.702664703125 0.390676040625 0.6220132234375 0.3752201828125 0.597002834375 0.40135463437499996 0.597002834375 0.4083800234375 0.68720884375 0.42777010156250006
0 0.077480215625 0.5480088390625 0.15981597187500002 0.589837165625 0.20208459687500002 0.5629789765625001 0.19503982656250002 0.5361207890624999 0.159375675 0.5572551 0.10301750937500001 0.52907601875 0.1003757203125 0.5189491609375 0.07659961875 0.5303969125 0.077480215625 0.5480088390625
0 0.19081575 0.599178175 0.3074947640625 0.65465574375 0.3797036625 0.5842080359375 0.37662157500000004 0.5661558125 0.40127827343750005 0.544140903125 0.36561412187500003 0.5300513625 0.3695768046875 0.5525065687499999 0.2903231359375 0.607103540625 0.214151553125 0.5745214765625 0.21150976406250002 0.568357303125 0.1868530671875 0.58244684375 0.19081575 0.599178175
0 0.33682809687500004 0.6728149765625 0.47023844062500003 0.738833284375 0.5014996093749999 0.738833284375 0.57458910625 0.6168706921875 0.5728279125 0.60454234375 0.552574196875 0.5970572749999999 0.5499324078125001 0.6085050265625 0.4975369265625 0.6895198890625001 0.38878327968750004 0.63756470625 0.38394 0.6067702515625 0.3359475 0.651680665625 0.33682809687500004 0.6728149765625
0 0.5808954015625 0.5994992015625 0.6266864109375 0.5215664265625 0.6266864109375 0.5087977796875001 0.604671503125 0.5013127109375 0.6020297140624999 0.518044040625 0.5694476500000001 0.5629544546874999 0.5474327406249999 0.5611932609375 0.5456715484375 0.5836484671875 0.5808954015625 0.5994992015625