0 0.8170570937500001 0.4763988515625 0.757082071875 0.44708148750000004 0.7439415890625 0.4553236390625 0.7465962734375 0.462446634375 0.730071975 0.47011526249999996 0.7331225015625 0.47575530781250003 0.7544546890625 0.46568326875 0.796974978125 0.4856056203125 0.7999324484375 0.497994896875 0.8203956874999999 0.4864619859375 0.8170570937500001 0.4763988515625
0 0.6685509749999999 0.40055010468749996 0.590306284375 0.46011397968749995 0.5929756875 0.46808016874999997 0.6195757046875 0.481954528125 0.6190999828125 0.4667807171875 0.6751608640625 0.4289011953125 0.7279687359375 0.4583436625 0.7486685296875 0.4482826609375 0.736635684375 0.43541920625 0.6685509749999999 0.40055010468749996
0 0.5170398109375001 0.5149519812500001 0.5190082125 0.5250390328125001 0.5360768390625 0.5304343921875 0.5355890109375 0.5266473796875 0.5753621484375 0.49790839531250003 0.6243583187499999 0.5143439062499999 0.62308355625 0.50171439375 0.6218971015625 0.49414404687499996 0.5709522312499999 0.474790471875 0.5170398109375001 0.5149519812500001
0 0.4620244953125 0.5644107015625 0.4766579 0.5692159796875 0.477154153125 0.561405396875 0.50632006875 0.541075209375 0.536607753125 0.54877018125 0.5365830640625 0.5352753984375 0.5035182046875 0.525520275 0.461255959375 0.5566221953125 0.4620244953125 0.5644107015625
0 0.4049848671875 0.5462178234375 0.442550675 0.5118240765625 0.44278829531249997 0.50127679375 0.35400011249999996 0.47625789375 0.3245771109375 0.5181005671875 0.3249166921875 0.525474834375 0.4049848671875 0.5462178234375
0 0.45646444218750004 0.4995620359375 0.5085396156249999 0.4507872234375 0.5074885296875 0.43889182812499994 0.4079341328125 0.401092796875 0.3651293453125 0.46151410625 0.36592731875 0.4709889984375 0.45646444218750004 0.4995620359375
0 0.5228418640625 0.4366206390625 0.5995825953125 0.3633769390625 0.5989439062499999 0.3509471875 0.48213744218750004 0.2912032765625 0.4175252234375 0.382791190625 0.417753353125 0.395860696875 0.5228418640625 0.4366206390625
0 0.3403323921875 0.46637505468749996 0.37909889375 0.4041264703125 0.379972590625 0.3937789484375 0.2493969265625 0.342499025 0.223949071875 0.43087297187500007 0.3399107953125 0.4663824140625 0.3403323921875 0.46637505468749996
0 0.330668778125 0.46844150000000007 0.2175283828125 0.43752178906249994 0.203406909375 0.498285878125 0.2999835984375 0.522536240625 0.328127090625 0.47987244999999995 0.330668778125 0.46844150000000007
0 0.26544613125 0.64586119375 0.2761795234375 0.632600353125 0.2773633640625 0.627940709375 0.21622551250000002 0.616566975 0.20782562031250001 0.630630534375 0.2090157546875 0.63841168125 0.26544613125 0.64586119375
0 0.296784715625 0.6050393984375 0.2299479453125 0.5933434125 0.2204304421875 0.6158609890625 0.28177541562499997 0.627020246875 0.29648086406249996 0.611792309375 0.296784715625 0.6050393984375
0 0.299539815625 0.6058347578125 0.317104453125 0.5852853453125 0.3186547 0.5774563671874999 0.2431273578125 0.5631708609375 0.231738425 0.5871971406250001 0.2312090546875 0.5931105375 0.299539815625 0.6058347578125
0 0.3748232453125 0.6182267578125 0.39708064374999996 0.6007583734375 0.399070884375 0.5939760265625 0.333680265625 0.580567896875 0.3159048265625 0.6011209890625 0.31453594375 0.6072599015625 0.3748232453125 0.6182267578125
0 0.35153025000000004 0.6367675312500001 0.37087694375 0.6216694453125 0.3695201671875 0.616421559375 0.3117698078125 0.605832146875 0.29709379375 0.622746471875 0.29677522343749996 0.6286561875000001 0.35153025000000004 0.6367675312500001
0 0.3296907703125 0.6540177593750001 0.34590860156250003 0.64087205 0.3468890046875 0.6366376828125 0.2921119 0.627261546875 0.2792778828125 0.64098078125 0.2797877875 0.6460325859375 0.3296907703125 0.6540177593750001