0 0.27649168125 0.46526372968749996 0.3446827296875 0.4521079 0.34358641093750003 0.447284096875 0.27868431875 0.45802802343750004 0.2607046859375 0.4387328078125 0.259389103125 0.44662630468750003 0.27649168125 0.46526372968749996
0 0.35937340624999997 0.45232716406250006 0.41747831875 0.43829427968749995 0.41703979062499996 0.4314971015625 0.35937340624999997 0.44202176406250004 0.34205156406250004 0.424480659375 0.3411745078125 0.436101640625 0.35937340624999997 0.45232716406250006
0 0.42800298281250004 0.4352245859375 0.4784336609375 0.424699921875 0.478652925 0.4185605359375 0.44861378125 0.4045276515625 0.41835537343749996 0.41110556562499995 0.4192324296875 0.4218494921875 0.419013165625 0.43018151875 0.42800298281250004 0.4352245859375
0 0.4185746375 0.41176335625 0.441378075 0.40825513593749996 0.44093954843749994 0.402773540625 0.416820528125 0.39005623906250003 0.4185746375 0.41176335625
0 0.41640958437500003 0.385874790625 0.41710273437499995 0.390206975 0.42126163125 0.3928062859375 0.4616375921875 0.386048078125 0.462504028125 0.38119603125 0.4410163921875 0.3733980984375 0.40202673125 0.37859672031249997 0.41640958437500003 0.385874790625
0 0.4505471984375 0.4073624265625 0.4940423328125 0.3971384703125 0.49230945937500004 0.3924597109375 0.4685690875 0.3837953421875 0.4280198390625 0.3915932734375 0.4274999765625 0.3971384703125 0.4505471984375 0.4073624265625
0 0.4890169984375 0.423304865625 0.53424500625 0.413427484375 0.53285870625 0.40840215 0.5025334140625 0.39488573437499996 0.46059786718750007 0.403376815625 0.4611177296875 0.41013502500000004 0.4890169984375 0.423304865625
0 0.569884965625 0.4825210234375 0.6205099828125 0.46668302968750003 0.6222069109375 0.45932967500000005 0.5763898562499999 0.438400896875 0.5240679125 0.45141067812499996 0.523785090625 0.45876403281250006 0.569884965625 0.4825210234375
0 0.632388478125 0.46244070937500004 0.677074246875 0.448016821875 0.677074246875 0.4415119328125 0.628146159375 0.42454265312499995 0.58798553125 0.43444139843749996 0.5865714234375 0.44377450312500005 0.632388478125 0.46244070937500004
0 0.6451154375 0.5178736890625 0.6991343109375 0.49751055468749994 0.6994171328125 0.49157130625 0.640590296875 0.4638548171875 0.5862886031250001 0.482238203125 0.58600578125 0.4893087359375 0.6451154375 0.5178736890625
0 0.709315878125 0.493268234375 0.751173434375 0.4746020265625 0.7551329328125 0.4680971359375 0.6912153140624999 0.4457542515625 0.65048904375 0.4601781390625 0.6476608296874999 0.47007688593749997 0.709315878125 0.493268234375
0 0.7452341859375 0.5659533140625 0.7998187015625 0.538236825 0.8034953796875 0.5289037203125 0.7183661609375 0.4938338765625 0.6637816453125 0.517025225 0.663216003125 0.5246614015625 0.7452341859375 0.5659533140625
0 0.8116971968750001 0.5331460406249999 0.8561001453125 0.5082577640625 0.856948609375 0.5006215890625 0.776910175 0.47375356249999995 0.7310931203125001 0.49298541250000005 0.7310931203125001 0.5037326234374999 0.8116971968750001 0.5331460406249999
0 0.3123151234375 0.50711729375 0.3436425359375 0.5457970578125 0.366019259375 0.53844470625 0.3663389265625 0.5189449890625 0.350035884375 0.5253383390625 0.32670015937499997 0.50072394375 0.32574115625 0.4933715921875 0.3135937921875 0.4994452734375 0.3123151234375 0.50711729375
0 0.35163422187500004 0.559542759375 0.3935106609375 0.6103698875 0.447534465625 0.5905505046874999 0.44529679218749996 0.5691327828125 0.40437935625000004 0.5780834718750001 0.3679372640625 0.542280715625 0.3506752203125 0.5489937328125001 0.35163422187500004 0.559542759375
0 0.4078956984375 0.6221975843750001 0.47470619999999997 0.6973258343750001 0.5801964671875 0.64330203125 0.58115546875 0.630835 0.5654917625 0.6161302953125001 0.5638934265625 0.6241219828125 0.49708292343749994 0.661203409375 0.44529679218749996 0.6097369453125 0.4462557953125 0.5975831890625 0.4094940359375 0.6110092218750001 0.4078956984375 0.6221975843750001
0 0.603212525 0.6337056125 0.6821703921875 0.590870171875 0.68472773125 0.5809604796875 0.6591543328125 0.565616440625 0.6578756640625001 0.5819194828125 0.60001585 0.6058945421875 0.5686884375 0.582878484375 0.5674097687499999 0.6052552078125 0.603212525 0.6337056125