0 0.36528016874999997 0.49927857812500004 0.3658604859375 0.5103516609375001 0.39678402031250004 0.5432752390625 0.41647124687500003 0.534429903125 0.4185682921875 0.519515340625 0.399400390625 0.522576090625 0.3764624640625 0.49293517031249995 0.36528016874999997 0.49927857812500004
0 0.40416607656250003 0.5428883625 0.4010768578125 0.5545649984375001 0.444472278125 0.605752021875 0.49453119218749997 0.5879126421875001 0.49280999375 0.5629171687500001 0.4481058015625 0.5730735874999999 0.4192543296875 0.5404526578125 0.40416607656250003 0.5428883625
0 0.545907871875 0.6579932453125 0.49448646093750004 0.5949060765625 0.45981845000000005 0.6082376890625001 0.45839117968750004 0.620238465625 0.521876103125 0.6937969078124999 0.634322340625 0.6422561421874999 0.6351245640625 0.626175715625 0.62021174375 0.61626500625 0.616540465625 0.624682221875 0.545907871875 0.6579932453125
0 0.7133404859375 0.5649305953125 0.712862403125 0.5793490718750001 0.656542565625 0.6032739406250001 0.6138744265625 0.5816581281250001 0.618056309375 0.6065246421875 0.6582637640625 0.6282694156249999 0.741113809375 0.592673140625 0.74029706875 0.5770888015625 0.7133404859375 0.5649305953125
0 0.6191641031249999 0.47857075312499997 0.67507208125 0.462481040625 0.674620725 0.4538686421875 0.6258868468750001 0.4342156828125 0.5743396703125 0.44719817031250003 0.57414274375 0.45913447031250004 0.6191641031249999 0.47857075312499997
0 0.6825848406249999 0.45674118437500005 0.734413171875 0.44127651874999996 0.7318682578125 0.4319513578125 0.6825720671875 0.41726275625 0.637694184375 0.431951925 0.6364406046875 0.439419953125 0.6825848406249999 0.45674118437500005
0 0.6964073078124999 0.5164691515625 0.75371931875 0.495782209375 0.7567655515625 0.48328534375 0.6908945906249999 0.45836189374999997 0.6380938359375 0.47881241093750004 0.63684025625 0.48628043906249996 0.6964073078124999 0.5164691515625
0 0.7672978171875 0.4880795 0.815608809375 0.46827552343749995 0.8159991734375 0.46003025312499995 0.7506887812499999 0.43795610625 0.702572971875 0.4536374484375 0.701858465625 0.46354466875 0.7672978171875 0.4880795
0 0.71783896875 0.525215740625 0.8061982421874999 0.5633540515625 0.8684118749999999 0.5341854140625 0.868284659375 0.523911065625 0.778521353125 0.4903699828125 0.721748415625 0.51349611875 0.71783896875 0.525215740625
0 0.8801977203125 0.5315115406250001 0.9326115984375001 0.50367896875 0.9328515109375 0.4925628984375 0.840971409375 0.46571260312499996 0.79240075625 0.4884088734375 0.7928306203125 0.4966111578125 0.8801977203125 0.5315115406250001
0 0.33002285625 0.465561159375 0.3947501046875 0.45182407031249994 0.3942085421875 0.44551885625 0.330955084375 0.45917870625 0.316232678125 0.4401050015625 0.3140372 0.44655365937499997 0.33002285625 0.465561159375
0 0.40877915781249996 0.449611 0.46404306562500003 0.43658098437500004 0.46438780625 0.43107379999999995 0.41165129375 0.43996008125 0.3923512453125 0.4261931578125 0.39150728749999997 0.43425994531249995 0.40877915781249996 0.449611
0 0.4764879859375 0.43233973593749997 0.5269425375 0.42019512812500004 0.5257583171875 0.413712471875 0.49672832031249997 0.4036222734375 0.4666199671875 0.4092114640625 0.4676682 0.42921292343750006 0.4764879859375 0.43233973593749997
0 0.4884739546875 0.39919910937499997 0.4654384328125 0.3906948328125 0.46706312031249997 0.40961047968750003 0.489203990625 0.40507220625 0.4884739546875 0.39919910937499997
0 0.4661711546875 0.3845339546875 0.4673995125 0.391858775 0.5089442140625 0.3829256734375 0.5103858 0.378205484375 0.487261109375 0.37202820000000003 0.4512465546875 0.3777158015625 0.4661711546875 0.3845339546875
0 0.49761462500000003 0.40442030312500005 0.5406882890625 0.396462671875 0.5399803203125 0.39101065468749996 0.5151611578125 0.3806997765625 0.47612088750000003 0.3890793890625 0.4764739765625 0.39581672343749996 0.49761462500000003 0.40442030312500005
0 0.5366053859375 0.4192664796875 0.579448040625 0.41068759374999997 0.5797707125 0.404759325 0.550198259375 0.3923752359375 0.509084075 0.40170801718750004 0.5094371640625 0.40844535000000004 0.5366053859375 0.4192664796875