0 0.5050307390625 0.3623016453125 0.4789239796875 0.350598615625 0.4798242140625 0.3641021109375 0.503830428125 0.3755050625 0.5455412265625 0.35930086875 0.5440408375 0.3517989265625 0.5344383515625 0.34879815000000003 0.5050307390625 0.3623016453125
0 0.47832382500000004 0.3731044421875 0.44711574687500005 0.3854076265625 0.4180082109375 0.36770304375 0.40930595781249995 0.3728043640625 0.40930595781249995 0.3791059953125 0.4459154359375 0.399511278125 0.4936277875 0.38060638281250003 0.4939278640625 0.373704596875 0.4789239796875 0.3656025 0.47832382500000004 0.3731044421875
0 0.40930595781249995 0.36110133437499997 0.38049849999999996 0.34459706093750003 0.372396403125 0.34849807187500004 0.3705959375 0.35509978124999997 0.4033044046875 0.371604053125 0.4201087546875 0.36500234374999996 0.4198086765625 0.356900246875 0.40930595781249995 0.36110133437499997
0 0.3034978203125 0.40673810312500003 0.30495975625 0.4129756953125 0.3370248765625 0.439680384375 0.396476921875 0.415899565625 0.395697221875 0.407322878125 0.3598310703125 0.3849065328125 0.3034978203125 0.40673810312500003
0 0.222798978125 0.444358578125 0.25242753906250004 0.47457191249999997 0.3226004453125 0.4457230515625 0.321625821875 0.4390956109375 0.288293690625 0.411611221875 0.22065480625 0.435197115625 0.222798978125 0.444358578125
0 0.5105078953125 0.44182455625 0.45281017187500006 0.47106326718749997 0.4531025578125 0.47671608593750003 0.5071941734375 0.51687058125 0.5641121984375 0.47963995625000005 0.564696971875 0.4735972890625 0.5105078953125 0.44182455625
0 0.574638134375 0.4751566875 0.60465654375 0.45605406249999997 0.602707296875 0.44240933125000004 0.5684005421875 0.46073225625 0.5233729281249999 0.43558696562500004 0.5216186046875 0.44240933125000004 0.574638134375 0.4751566875
0 0.593545834375 0.47691100937500003 0.5949103078125 0.484902925 0.6596253203125 0.5236929484374999 0.7003645921875 0.4925049890625 0.69841534375 0.48841157031250004 0.668007084375 0.5123873125 0.6021225218749999 0.4761313109375 0.593545834375 0.47691100937500003
0 0.5233729281249999 0.51784520625 0.524932325 0.524472646875 0.5915965859375001 0.5741784546875001 0.649684159375 0.5314899375000001 0.6500740078125 0.5215487750000001 0.5824351234375 0.48080950468749994 0.5233729281249999 0.51784520625
0 0.437995890625 0.571449509375 0.438580665625 0.5811957453125001 0.5050500015625 0.6418173406250001 0.5779518546875 0.5868485640625 0.5783417046875 0.5767124765625 0.509338346875 0.5291508406250001 0.437995890625 0.571449509375
0 0.7040681609375 0.656046846875 0.7604793812499999 0.596789725 0.76028445625 0.5889927359375 0.6729581734375001 0.536596965625 0.6149875546875 0.585484090625 0.6136230828125 0.5917216828125 0.7040681609375 0.656046846875
0 0.6823145609375 0.536596965625 0.7698357687499999 0.5863027749999999 0.8115496640625001 0.5401056109375 0.814083684375 0.5332832453125 0.7747088875 0.574412365625 0.692255721875 0.527240578125 0.6895267765625 0.522757309375 0.683679034375 0.5278253515625 0.6823145609375 0.536596965625