0 0.539439865625 0.6051908671875 0.5669909984375 0.6117059890625 0.5641699921875001 0.6001011859375 0.5389717078125 0.591150296875 0.5097769859375 0.61689200625 0.5102834078125 0.6238593531250001 0.522629340625 0.6248511234375 0.521729396875 0.6202213203125 0.539439865625 0.6051908671875
0 0.5609707671875 0.5880046375 0.582516971875 0.5679891203125 0.6157643171875 0.5776364828125 0.62030355 0.57336256875 0.6200012265625 0.56889923125 0.5795977406249999 0.5544249906250001 0.5453267578125 0.5831318453125001 0.5465366734375 0.590810340625 0.5636559171875 0.5945484828125001 0.5609707671875 0.5880046375
0 0.69665284375 0.5110396890625 0.6580122390625001 0.492548571875 0.61695505 0.5285097921874999 0.6185584875 0.53385074375 0.6571614609374999 0.5492402296875001 0.6993456484375 0.5161688890625 0.69665284375 0.5110396890625
0 0.7164093312500001 0.43965050781250004 0.6684071234375 0.48204906875000003 0.670819934375 0.48864585156249996 0.710058159375 0.507303434375 0.7573339140625001 0.46843766093749994 0.7538317390625 0.46205262812500003 0.7164093312500001 0.43965050781250004
0 0.47948189062499996 0.4537671859375 0.4158018140625 0.4271422046875 0.38207425625 0.4760928890625 0.383072421875 0.4826820203125 0.44340913593750003 0.503738996875 0.48016242968749995 0.45872226875 0.47948189062499996 0.4537671859375
0 0.546906503125 0.4822079890625 0.49430887500000004 0.45879879375000004 0.458486134375 0.50278674375 0.45970370312500003 0.5090505953125 0.511030825 0.5259235984374999 0.548131725 0.48705719375 0.546906503125 0.4822079890625
0 0.5464427453125 0.3969434453125 0.5042649546875 0.448949846875 0.506299546875 0.4550548859375 0.56097003125 0.47749589531250003 0.603775425 0.43017223437499996 0.6018996453125001 0.4248842203125 0.5464427453125 0.3969434453125
0 0.505854828125 0.5297387984374999 0.45293659843749995 0.511568303125 0.43279730625 0.5364124718750001 0.4341235015625 0.5460686515625001 0.46042017812499997 0.51984401875 0.5058987484374999 0.5346872453125 0.505854828125 0.5297387984374999
0 0.6993306921875 0.6079774421875 0.705365440625 0.603132565625 0.704397621875 0.599098075 0.672004846875 0.5892384984375 0.65504076875 0.6020827640624999 0.6586029609375 0.6100191671874999 0.6728247640625 0.6010126 0.6993306921875 0.6079774421875
0 0.749876125 0.5355475390625 0.7089599078125 0.5658990671875 0.7108072937500001 0.5706805484374999 0.7408559390625 0.5826481046875001 0.780381340625 0.5545864359375 0.7782489125 0.5502275453125 0.749876125 0.5355475390625
0 0.6682379625 0.5538030843749999 0.7015248125 0.5682622640625 0.7415270734375 0.5369868375 0.7398172359374999 0.5329129890625001 0.7054444953125001 0.516645375 0.66553545625 0.5502893765625 0.6682379625 0.5538030843749999
0 0.7633102843749999 0.46959696875 0.7158381328125001 0.5096680734375 0.718044303125 0.5134618515625 0.7532278390625 0.5301226390625 0.7990092203125 0.4955207625 0.7980857328125001 0.48982532812499996 0.7633102843749999 0.46959696875
0 0.7640188015625 0.5346344000000001 0.7945932015625 0.547417721875 0.8403203140625 0.5163146421875 0.8356473765624999 0.5111644328125 0.8063312140625 0.494464696875 0.76051544375 0.5288896640625 0.7640188015625 0.5346344000000001
0 0.6552475015625 0.59653481875 0.6633806953125 0.5892625359375 0.661882153125 0.58533120625 0.629573065625 0.5730686671874999 0.61442239375 0.5839081140625 0.6159992421875 0.592964796875 0.627528071875 0.5852160609375 0.6552475015625 0.59653481875