0 0.18073434375 0.5232623281250001 0.262748246875 0.49782283125 0.257812225 0.49098833906249995 0.18263281250000002 0.50921365 0.1560542328125 0.4917477265625 0.15377606875 0.5016197703125 0.18073434375 0.5232623281250001
0 0.2756578421875 0.494785278125 0.3413449046875 0.47731935468750003 0.3413449046875 0.4689660875 0.2752781484375 0.4875710921875 0.25819191875 0.473522415625 0.2608497765625 0.48681170468749996 0.2756578421875 0.494785278125
0 0.33754658125 0.42198157500000005 0.339493965625 0.42879741875 0.3735731875 0.42068331875 0.3751960078125 0.41613942187499997 0.3498800140625 0.408025321875 0.3177481765625 0.41678855 0.33754658125 0.42198157500000005
0 0.3683801640625 0.4437273640625 0.411547178125 0.433341315625 0.41122261406250005 0.42620090624999996 0.381362725 0.41743767812500004 0.340792221875 0.426850034375 0.342090478125 0.43204305937500004 0.3683801640625 0.4437273640625
0 0.342090478125 0.46352576875 0.3430641703125 0.470666178125 0.35117827031250004 0.473587253125 0.40408220625 0.4583327453125 0.40375764218750004 0.4511923359375 0.3706521125 0.4411308515625 0.34241504218749996 0.44762213281249996 0.342090478125 0.46352576875
0 0.34144135000000003 0.4456747484375 0.357994115625 0.4437273640625 0.35896780625 0.4391834671875 0.339493965625 0.43204305937500004 0.34144135000000003 0.4456747484375
0 0.4144682546875 0.456709925 0.45763526875 0.4443764921875 0.45666157656250006 0.43820977499999997 0.4196612796875 0.425551778125 0.380713596875 0.43885890312500003 0.3803890328125 0.4437273640625 0.4144682546875 0.456709925
0 0.5173443437499999 0.50202323125 0.5215704375 0.5083623734375 0.563127028125 0.491810171875 0.562774853125 0.481949284375 0.5103008531250001 0.465044909375 0.4631094703125 0.4840623328125 0.4645181671875 0.491810171875 0.5173443437499999 0.50202323125
0 0.5670009484375 0.52914066875 0.576861834375 0.5231537015625001 0.600457525 0.5323102390625001 0.60503579375 0.535127634375 0.642718465625 0.5171667359375001 0.642366290625 0.5055449765625 0.5793270546875 0.48441450625 0.53424871875 0.5066015 0.5338965453125 0.517518909375 0.5670009484375 0.52914066875
0 0.5705226921875 0.486879728125 0.6082053640625 0.4699753515625 0.6085575390625 0.46363621093749996 0.553970490625 0.44919705624999995 0.5180486921874999 0.4615231640625 0.5176965171875 0.4699753515625 0.5705226921875 0.486879728125
0 0.651522828125 0.5080101984375001 0.6853315796875 0.488992775 0.686740278125 0.482653634375 0.620531471875 0.46469273437499997 0.589892290625 0.4801884125 0.5884835921875 0.48934495 0.651522828125 0.5080101984375001
0 0.642718465625 0.5446363468750001 0.6441271640624999 0.5544972328125 0.7103359703125001 0.5766842265625 0.7473142921875 0.549214615625 0.7480186421874999 0.53724068125 0.6638489359374999 0.5101232453125 0.6237010421875 0.5375928562500001 0.642718465625 0.5446363468750001
0 0.6747663453125 0.5150536875 0.75506213125 0.5382972046875001 0.7821795687499999 0.5132928156250001 0.7811230453125 0.504488453125 0.7032924796875 0.4861753796875 0.6765272171875 0.506953675 0.6747663453125 0.5150536875
0 0.24025463125000002 0.5684666328125 0.2888454546875 0.607159325 0.3176400171875 0.5896126390624999 0.317190103125 0.5711661218749999 0.2901952 0.5806143375 0.256451571875 0.5513698609375 0.24025463125000002 0.556768840625 0.24025463125000002 0.5684666328125
0 0.2991935015625 0.6188571171875 0.3680305015625 0.674196665625 0.43236835312500005 0.6355039734375 0.42966886249999997 0.6085090703125 0.4499150390625 0.5923121296875 0.43101860781249995 0.5824139984375 0.4341680125 0.603110090625 0.371629821875 0.6346041421875 0.3185398484375 0.602660175 0.3212393375 0.593661875 0.30144307656249997 0.6044598359375 0.2991935015625 0.6188571171875
0 0.3900763390625 0.6903936078124999 0.46206274531249997 0.7398842625000001 0.515602634375 0.7403341765625 0.5844396359374999 0.67914573125 0.5853394656249999 0.662948790625 0.568692609375 0.6562000640625001 0.566443034375 0.66564828125 0.506604334375 0.7119895296875 0.4341680125 0.6638486203125 0.43146852343750003 0.6476516796875 0.39142608437500004 0.6710472609375 0.3900763390625 0.6903936078124999
0 0.6046858125 0.665198365625 0.6645245125 0.6116584765625 0.6604752781250001 0.5972611953125 0.6379795265625 0.58826289375 0.6370796953125 0.6040099203125 0.599736746875 0.6368537187500001 0.56689295 0.62155660625 0.5655432046875 0.6436024437500001 0.6046858125 0.665198365625