0 0.32891137812500004 0.6573509296875 0.325492340625 0.6717108859375001 0.493708971875 0.7407754375 0.5668763671875 0.61495486875 0.5661925609375 0.6033301421874999 0.5429431078125 0.597175875 0.5436269140625 0.6074329875 0.48960612656249997 0.6826518046875 0.382248359375 0.63683670625 0.37814551406249997 0.599227296875 0.32891137812500004 0.6573509296875
0 0.562089715625 0.5657207328125 0.5463621437499999 0.5581988515625 0.5463621437499999 0.573926421875 0.558670678125 0.578713075 0.5607221 0.5882863781250001 0.5846553609375 0.5958082609375001 0.625 0.5178542125 0.625 0.50691329375 0.601750546875 0.5028104484375 0.6024343546875001 0.5171704046875 0.562089715625 0.5657207328125
0 0.4519967171875 0.47545815156250004 0.4000273515625 0.5103323296875 0.350109409375 0.4959723734375 0.3507932171875 0.516486596875 0.4034463890625 0.5335817828125 0.415071115625 0.526743709375 0.44652625781250005 0.4987076046875 0.4588347921875 0.50691329375 0.47592997812500004 0.4863990703125 0.47729759375 0.47135530625 0.4499452953125 0.4617820015625 0.4519967171875 0.47545815156250004
0 0.358019396875 0.552197771875 0.2804578953125 0.612898078125 0.19615191406250002 0.5724312078125 0.177042559375 0.588168325 0.1776045984375 0.6027813609375 0.2961950125 0.65786126875 0.3760046734375 0.5859201640625 0.37038427500000004 0.5611904109375 0.38836955 0.54545329375 0.3546471578125 0.5325263765625 0.358019396875 0.552197771875
0 0.065196625 0.5297161781249999 0.0663207046875 0.54545329375 0.157933203125 0.5859201640625 0.195589875 0.559504290625 0.1837870375 0.5370226953125 0.1573711640625 0.5566940921875 0.0944226984375 0.5302782171875 0.08824025937499999 0.5156651812499999 0.065196625 0.5297161781249999
0 0.1944657953125 0.405505365625 0.19053151562499998 0.3953886484375 0.11184593437499998 0.424614721875 0.07250314375 0.41281188437500005 0.0708170234375 0.41843228281249994 0.074751303125 0.42854900156250003 0.109035734375 0.43810367812499995 0.1944657953125 0.405505365625
0 0.6075651 0.4538407953125 0.6041928609375 0.461709353125 0.61487161875 0.46395751250000006 0.6581486890625 0.47407423125000003 0.682316403125 0.42911104062499994 0.591827984375 0.4049433265625 0.55866763125 0.4392277578125 0.6075651 0.4538407953125
0 0.6873747625 0.427424921875 0.7042359578124999 0.39370252968749997 0.6233022171875 0.372907053125 0.600820621875 0.4026951671875 0.6873747625 0.427424921875
0 0.5783390265625 0.40606740625000004 0.6036308203125 0.380213571875 0.5305656375 0.36166625625000004 0.500777525 0.3886441703125 0.5783390265625 0.40606740625000004
0 0.4485078171875 0.4195563625 0.449631896875 0.42854900156250003 0.5412443953125 0.4420379578125 0.5710325078125 0.417308203125 0.5693463890625 0.4049433265625 0.4951571265625 0.392016409375 0.4485078171875 0.4195563625
0 0.35632821406250004 0.4068715140625 0.36691583437499997 0.40979223749999993 0.43336228437499996 0.4181893171875 0.4731571359375 0.3937282609375 0.472061865625 0.385696271875 0.40452014375 0.372918109375 0.3555980328125 0.39774425468749997 0.35632821406250004 0.4068715140625
0 0.4172983078125 0.37547374218749996 0.4822843953125 0.3886169953125 0.5155076203125 0.3699973859375 0.5147774390625 0.35940976562500004 0.457093159375 0.349917415625 0.41583794531249996 0.36926720468749996 0.4172983078125 0.37547374218749996
0 0.19505049375 0.3960663859375 0.20878204843749998 0.4001234359375 0.2715102859375 0.376093215625 0.26838947812499997 0.3682911953125 0.21908071406250001 0.3576804484375 0.1866243125 0.36766703437500003 0.19505049375 0.3960663859375
0 0.2356209953125 0.36080125625 0.285241840625 0.371099921875 0.3351747671875 0.3536233984375 0.33455060625 0.345821378125 0.2864901640625 0.337395196875 0.23468475312499998 0.35331131718750003 0.2356209953125 0.36080125625
0 0.18007061562499999 0.34925426718749997 0.22064111875 0.358616690625 0.2721344484375 0.341452246875 0.2715102859375 0.3348985515625 0.2290673 0.3264723703125 0.1769498078125 0.3408280859375 0.18007061562499999 0.34925426718749997