0 0.5396974671875 0.533091290625 0.51369836875 0.4990801828125 0.4939134 0.5051042734375 0.49624171875 0.519906534375 0.5047598343749999 0.5186862796875 0.5263721828125 0.5469913625 0.5412714624999999 0.5404201578125 0.5396974671875 0.533091290625
0 0.5061464578125 0.486607575 0.464399403125 0.4367798265625 0.43339575625000004 0.447880978125 0.4372815671875 0.47311391875000003 0.46245116093750005 0.46247802968749996 0.49330360781250004 0.49845055 0.507736290625 0.49562395937500003 0.5061464578125 0.486607575
0 0.432593921875 0.435345025 0.45202515 0.43051018281250003 0.45123915312499996 0.41966175000000006 0.3880731234375 0.337832478125 0.27069509062499997 0.3895184421875 0.27045220625 0.40252032499999996 0.3044236375 0.4306181984375 0.30498992343750003 0.40347335937500006 0.3848702859375 0.3707948671875 0.432593921875 0.435345025
0 0.5933175140625 0.3802418515625 0.5561110765625 0.2698891203125 0.41812840468749995 0.32774370468749997 0.4204408875 0.3408584453125 0.439530875 0.36284704218749997 0.436848815625 0.3492340296875 0.5269354765625 0.3105301125 0.5615423734375 0.39176075625 0.5933175140625 0.3802418515625
0 0.5608183875 0.39724106875 0.571389596875 0.425239253125 0.5889646859375001 0.41946396249999995 0.6068868468749999 0.4603927671875 0.6218501390625 0.45578230625 0.5986044515625 0.384662275 0.5608183875 0.39724106875
0 0.5733346890625 0.5751282046874999 0.5122033109374999 0.5901188484375 0.5139016703125 0.5946325609375 0.5702790281250001 0.5816834734375 0.584108715625 0.5995505296875 0.5882189765625 0.59897619375 0.587216178125 0.5907299484374999 0.5733346890625 0.5751282046874999
0 0.4435029109375 0.610806059375 0.44688272187500006 0.6180315249999999 0.4701862765625 0.630768609375 0.514550325 0.6196369703125 0.511892509375 0.60371071875 0.5004126875 0.5949052671875 0.4435029109375 0.610806059375
0 0.3792982453125 0.6356641421875 0.409457990625 0.6471922953125 0.4579411140625 0.633830234375 0.4574013078125 0.6282097640625001 0.43189269843750006 0.6140565484375 0.379693953125 0.6285250109375 0.3792982453125 0.6356641421875
0 0.41796109843749996 0.6502053250000001 0.4413509859375 0.659166890625 0.48710509062499996 0.64824138125 0.4855272390625 0.6409990062500001 0.4636905484375 0.6314627453125 0.41779021250000004 0.6449710421875 0.41796109843749996 0.6502053250000001
0 0.447563059375 0.6619822421875 0.46736629374999994 0.670222525 0.5083321984375 0.6602917171875 0.5069344 0.6540704765625 0.49068364375 0.6455046203125 0.4470144453125 0.6580178578125 0.447563059375 0.6619822421875
0 0.2916971109375 0.575603825 0.3427753 0.597431796875 0.407348171875 0.5780740265625 0.4065856796875 0.5694845859375001 0.36299934375 0.54152241875 0.291913121875 0.5648864921875 0.2916971109375 0.575603825
0 0.21381459687499998 0.6013695625000001 0.270590778125 0.6205382937499999 0.3288825078125 0.6013855890625 0.32815419375 0.5938430046875001 0.2757118515625 0.5706762453125 0.2135841671875 0.59238548125 0.21381459687499998 0.6013695625000001
0 0.114934784375 0.5669126453125 0.194672034375 0.5934640234375 0.261261809375 0.5710432062499999 0.261657875 0.561347009375 0.188983303125 0.52963958125 0.1175447171875 0.5569764953125 0.114934784375 0.5669126453125
0 0.20536338125000003 0.533820690625 0.27564403125000003 0.564746934375 0.3497936578125 0.5408427 0.3477913953125 0.5311933625 0.2851958671875 0.4926699296875 0.204403925 0.522408153125 0.20536338125000003 0.533820690625
0 0.074008490625 0.47726380625 0.181621840625 0.523717834375 0.2654172890625 0.49224671875 0.2648524734375 0.48136624375 0.17082432187500002 0.4215367109375 0.0762414078125 0.463483425 0.074008490625 0.47726380625
0 0 0.5306488 0.0851436015625 0.5583277421874999 0.1619538921875 0.5298932390625 0.1630451625 0.519021575 0.0499575765625 0.4705245640625 0 0.494355821875 0 0.5306488