0 0.4246298640625 0.759528446875 0.4347631625 0.75722809375 0.49805350625000006 0.68309624375 0.49354085156250005 0.6700865874999999 0.47814205468750004 0.6691121453125 0.47809729375 0.6773868140625 0.41909126093750004 0.736137771875 0.352789415625 0.7080263359375001 0.349374328125 0.692158221875 0.31140637656250003 0.7213606046875001 0.315485521875 0.73214005625 0.38372509374999997 0.7668182531250001 0.4246298640625 0.759528446875
0 0.46817063281250004 0.62972054375 0.474585203125 0.655916696875 0.47887773125 0.6507840093749999 0.5157720296875 0.6670878390625 0.57214120625 0.60157538125 0.570097525 0.5910615531250001 0.54441545 0.584811925 0.5480342312500001 0.5983259734375 0.5057110859375 0.6442455781249999 0.46817063281250004 0.62972054375
0 0.3456048296875 0.6829717750000001 0.3350484484375 0.6575807078125 0.2895930078125 0.694190009375 0.2468758421875 0.6717439781250001 0.24328318124999998 0.6651682671875 0.22678608437499997 0.67895541875 0.228325375 0.688575375 0.29706038437500004 0.7258023765625 0.3456048296875 0.6829717750000001
0 0.2396196390625 0.6599288890625 0.23364679375000003 0.6462111484374999 0.21685795 0.655095428125 0.184025628125 0.6409777796875 0.17719398125000002 0.6330478328125 0.1645999265625 0.643100559375 0.16704204375 0.6505611906250001 0.215838746875 0.6787688937499999 0.2396196390625 0.6599288890625
0 0.10846645156250001 0.617972175 0.1888262234375 0.57722326875 0.1854104 0.5732582953125 0.10825454062499999 0.6100780343750001 0.0771480359375 0.5946330046875 0.0794573390625 0.6031113703125001 0.10846645156250001 0.617972175
0 0.20510172343750002 0.5691000500000001 0.2683540515625 0.5372973546875001 0.2657701703125 0.5325093890625 0.2068103703125 0.5591793984375 0.17592472812499999 0.549973575 0.1800038734375 0.5607530265625 0.20510172343750002 0.5691000500000001
0 0.2786999953125 0.5309880031249999 0.33008425625000004 0.5044679765625 0.3276331890625 0.498662278125 0.29526049374999996 0.4937131734375 0.2609306984375 0.50931345625 0.26689459375 0.5246861328125 0.2786999953125 0.5309880031249999
0 0.295517165625 0.4933326421875 0.337121803125 0.474334440625 0.3360600453125 0.47057315937500005 0.3077493296875 0.4678102359375 0.265188890625 0.4869942265625 0.2691180546875 0.490198140625 0.295517165625 0.4933326421875
0 0.343093915625 0.499955321875 0.38286678125 0.47833742968750004 0.381238703125 0.473363675 0.345794909375 0.47132600468749997 0.30616380625 0.49027122968750003 0.30721661093749997 0.49568744374999996 0.343093915625 0.499955321875
0 0.235046403125 0.48161161406249997 0.25571964999999997 0.48420591718750006 0.257352203125 0.4883522046875 0.261675328125 0.4893303890625 0.2654455609375 0.486613696875 0.29977535624999996 0.47101341406249997 0.29960747187500003 0.4667477421875 0.2752968015625 0.4658524 0.235046403125 0.48161161406249997
0 0.38815619218749997 0.5242599796875 0.439290528125 0.5321749671875 0.4818427515625 0.5027427703125 0.48035643749999996 0.49509635 0.4292041984375 0.49049123124999994 0.3850059921875 0.5182595421875 0.38815619218749997 0.5242599796875
0 0.49200290625000004 0.49547761562500003 0.5242711171875001 0.472673371875 0.524501665625 0.4653545046875 0.4772785921875 0.4639532984375 0.43846152812500006 0.4853854 0.44142593750000003 0.4904300375 0.49200290625000004 0.49547761562500003
0 0.5661824609375 0.50288073125 0.595406425 0.47802311875000003 0.5936634390625 0.470757228125 0.5363958531249999 0.46701017343749995 0.5045611515624999 0.49204462343750005 0.5064459 0.496637846875 0.5661824609375 0.50288073125
0 0.583687603125 0.5027844640625 0.6598406906250001 0.5101346015625 0.6836663453125 0.4830199265625 0.681286159375 0.47587789531249997 0.6171600703125 0.4691656953125 0.5829623500000001 0.495651384375 0.583687603125 0.5027844640625
0 0.537559153125 0.5461373593750001 0.6177563125 0.558983546875 0.6501759734375 0.5199485625 0.6480614109375 0.5107710671875 0.5765545249999999 0.503509715625 0.534541765625 0.5391191890625 0.537559153125 0.5461373593750001
0 0.4558749421875 0.5375478921875 0.5217178953125 0.5445876453125 0.5585002296875 0.5109867796875001 0.5566244328125001 0.5047386234375 0.49887036250000005 0.496787828125 0.453370896875 0.529768659375 0.4558749421875 0.5375478921875