0 0.375520571875 0.716361140625 0.3158007921875 0.676115203125 0.315476228125 0.6598870015625 0.272633778125 0.6813082265625 0.2745811609375 0.6926679671875 0.33495006875 0.7397297515625 0.37649426406250003 0.740378878125 0.3868803125 0.7400543140625 0.4631528578125 0.6793608421874999 0.46120547343749996 0.6657291546875 0.446275528125 0.6618343859375 0.44465270781250005 0.6699484859375 0.375520571875 0.716361140625
0 0.48360039062500004 0.6670274093749999 0.551434271875 0.613474346875 0.551434271875 0.6027637343750001 0.527416534375 0.5917285578125 0.5283902265625 0.6056848109375 0.47808280312500007 0.6426851078125 0.44400358124999995 0.6212638828125 0.4453018359375 0.648202696875 0.4504948609375 0.6439833640625 0.48360039062500004 0.6670274093749999
0 0.2564055765625 0.6504746453125 0.21875615 0.620290190625 0.2164842015625 0.6131497828125 0.1976594890625 0.62353583125 0.197334925 0.6332727515625 0.2577038328125 0.6829310468750001 0.31352884375 0.65015008125 0.30801125625000003 0.6232112671875 0.2564055765625 0.6504746453125
0 0.1924664640625 0.5982198375000001 0.1629311390625 0.57809686875 0.1577381140625 0.5690090765625 0.143457296875 0.5764740484375 0.14443098906250001 0.584263584375 0.1869488765625 0.6212638828125 0.21388768906250002 0.6073076296875 0.21064205 0.59270225 0.1924664640625 0.5982198375000001
0 0.0931498734375 0.5410965703125 0.17980846718750002 0.5164297046875 0.1772119546875 0.5118858078125 0.09444812968750001 0.5333070328125 0.06686018906249999 0.512210371875 0.067509315625 0.5209736015625 0.0931498734375 0.5410965703125
0 0.197334925 0.51156124375 0.26549336874999996 0.4924119671875 0.2638705484375 0.48721894218750006 0.200905128125 0.5021488875 0.17234349531249998 0.48721894218750006 0.1742908796875 0.49857868281249995 0.197334925 0.51156124375
0 0.276853109375 0.488192634375 0.3323535578125 0.47196443437499996 0.3310553015625 0.4657977171875 0.30022171875 0.454762540625 0.263545984375 0.46352576875 0.2664670609375 0.47975397031250006 0.276853109375 0.488192634375
0 0.3005462828125 0.4544379765625 0.3450115546875 0.4437273640625 0.34468699062499997 0.4398325953125 0.3174236125 0.43171849531250006 0.27198465 0.4424291078125 0.2752302890625 0.44632387656250005 0.3005462828125 0.4544379765625
0 0.345985246875 0.47001704999999994 0.3891522609375 0.45638536093750004 0.38850313281250004 0.4511923359375 0.354099346875 0.4424291078125 0.31158145937500004 0.453464284375 0.31158145937500004 0.4589818734375 0.345985246875 0.47001704999999994
0 0.26403283125 0.44226682500000003 0.26808988125 0.44405192812500005 0.27230921406249997 0.44210454375 0.3089849484375 0.433341315625 0.30963407656249997 0.42912198281249997 0.28594090156249996 0.4236043953125 0.243423015625 0.43139393125 0.2632214203125 0.4378852109375 0.26403283125 0.44226682500000003
0 0.38558205624999997 0.5024734515625 0.434266659375 0.519999909375 0.48165300625 0.4992278109375 0.48165300625 0.491438275 0.43231927499999995 0.47715745781249996 0.383634671875 0.495982171875 0.38558205624999997 0.5024734515625
0 0.493012746875 0.49403478749999996 0.5290393546875001 0.47780658593750003 0.5306621734375 0.470666178125 0.4845740828125 0.46028012812499997 0.4423807609375 0.4739118171875 0.44432814374999996 0.47942940624999997 0.493012746875 0.49403478749999996
0 0.5644168328125 0.5154560125 0.5978469265624999 0.49663130000000005 0.5975223625 0.4891663265625 0.5420219140625 0.4745609453125 0.5059953078125 0.4930610953125 0.506969 0.4979295546875 0.5644168328125 0.5154560125
0 0.581618725 0.518701653125 0.65497019375 0.5404474421875001 0.683531828125 0.5183770890625 0.6825581359374999 0.5109121156249999 0.620890971875 0.49208740312500004 0.5822678531250001 0.51156124375 0.581618725 0.518701653125
0 0.5280656625 0.5524563109375 0.60433820625 0.5803688171875 0.643610453125 0.548236978125 0.6432858890625 0.538824621875 0.5744783171875001 0.518052525 0.5264428421875 0.5449913390625001 0.5280656625 0.5524563109375
0 0.44952116875000003 0.5284385734375 0.512811153125 0.5479124140625 0.5553290390625001 0.5219472921875 0.5546799109375 0.5154560125 0.49950402812499994 0.49663130000000005 0.4485474765625 0.5203244734375 0.44952116875000003 0.5284385734375