0 0.49529866718750004 0.4995568265625 0.50885563125 0.49538371249999996 0.5099090171875 0.4880554484375 0.4828659328125 0.42962406406250003 0.44867429062499997 0.43405310625000004 0.44830634687500004 0.457106678125 0.47413673906250003 0.45400735000000003 0.49529866718750004 0.4995568265625
0 0.451854846875 0.40712314843749997 0.4498554546875 0.42055233437500006 0.4726072890625 0.41965714218750005 0.47275546874999996 0.408539471875 0.433955078125 0.3148630578125 0.3066339296875 0.33299335 0.3037805140625 0.3467600625 0.3303733140625 0.3820662921875 0.3374302578125 0.35794894843749997 0.4233900640625 0.3460939078125 0.451854846875 0.40712314843749997
0 0.5773956250000001 0.3245267609375 0.586207903125 0.4122815859375 0.6215910953125 0.40836903593749996 0.613238746875 0.29179724687499997 0.4629152125 0.3136865296875 0.463513678125 0.325694015625 0.47614540625 0.35565635 0.477505534375 0.3401100078125 0.5773956250000001 0.3245267609375
0 0.6085867875 0.4439211796875 0.61528654375 0.48985436406250005 0.6290020734375 0.48858084375 0.6253039078125 0.41776327343749997 0.5877881656249999 0.4177790359375 0.5873998234375 0.445777771875 0.6085867875 0.4439211796875
0 0.52983859375 0.5429787625 0.5116274468750001 0.50139765625 0.49248605312500005 0.5034332125 0.4915350390625 0.5190153484375 0.499788909375 0.5189129765625 0.5112802750000001 0.5524857546875 0.530421665625 0.5504501984375 0.52983859375 0.5429787625
0 0.0974696 0.3555061703125 0.09435024374999999 0.367600634375 0.18634543125 0.440371753125 0.2749542796875 0.43122194687500004 0.27874869375 0.42083552500000004 0.20180368125 0.33907498281250004 0.0974696 0.3555061703125
0 0.0069164171875 0.3991145125 0.0827629984375 0.4482115390625 0.1644322984375 0.4429893046875 0.1667334265625 0.4308232546875 0.0731171 0.35584907656250003 0.0098514328125 0.365567140625 0.0069164171875 0.3991145125
0 0.2069547015625 0.45454220312500004 0.26554038593749996 0.505839309375 0.3451283203125 0.500847225 0.345133328125 0.4913660109375 0.2955327640625 0.43632029687499996 0.20688812343750002 0.4458792171875 0.2069547015625 0.45454220312500004
0 0.1102863390625 0.46628485937499997 0.180828321875 0.512856565625 0.250081021875 0.5081970015625 0.2517224859375 0.498858959375 0.1910554375 0.447792003125 0.11333411093750001 0.4550086234375 0.1102863390625 0.46628485937499997
0 0.1979345296875 0.5246593078124999 0.245821671875 0.5568816015625 0.3091678046875 0.553766509375 0.31048713437500003 0.5481104953125 0.26541260625 0.5120118171875 0.1996117875 0.5149121515624999 0.1979345296875 0.5246593078124999
0 0.28090275625 0.518726225 0.32348680625 0.5550192593750001 0.39014164687499997 0.5517813968749999 0.3921564328125 0.5428882609375 0.3579694265625 0.504856396875 0.2817259921875 0.5093165953125001 0.28090275625 0.518726225
0 0.3481025828125 0.5989873718750001 0.37466651406249996 0.6191660375 0.42488801093750006 0.6192747390625 0.4250562578125 0.6119095484375 0.40412106718749996 0.59269945625 0.34930740937500004 0.5933793015625 0.3481025828125 0.5989873718750001
0 0.3827582421875 0.62463520625 0.40215478750000005 0.6396636359375 0.448873825 0.6389897890625 0.4493905625 0.6330834578125 0.4310010375 0.61742894375 0.382350634375 0.618409940625 0.3827582421875 0.62463520625
0 0.40777174687500006 0.6434879203125 0.4238518578125 0.6556075203125 0.4656804734375 0.6564103109375 0.4677269671875 0.652066184375 0.45413340625 0.6387357578125 0.4071781171875 0.639388934375 0.40777174687500006 0.6434879203125
0 0.4772502453125 0.59219364375 0.41764951406249995 0.5931688562499999 0.4164240171875 0.5990131812499999 0.43619861093749995 0.617883671875 0.4837799828125 0.61823751875 0.48452697499999997 0.6042572328125 0.4772502453125 0.59219364375
0 0.560795453125 0.6114059843749999 0.551746715625 0.589664896875 0.4884988375 0.5915113359374999 0.488856215625 0.5955896515625 0.5472845703125 0.59713054375 0.5556452171874999 0.6185733703125 0.5609254671875 0.6180830859374999 0.560795453125 0.6114059843749999