0 0.3097843765625 0.5008205593749999 0.376479775 0.4904122421875 0.3753841625 0.48520808437499996 0.3106060859375 0.49479469218750005 0.29513056249999997 0.47781270156250005 0.29622617500000004 0.48342771406249996 0.3097843765625 0.5008205593749999
0 0.3908596859375 0.4878101640625 0.4474206703125 0.47781270156250005 0.446325059375 0.4728824453125 0.39455737812499997 0.4805517328125 0.3749733078125 0.4658979171875 0.37511025937500003 0.4737041546875 0.3908596859375 0.4878101640625
0 0.457007278125 0.4739780578125 0.50850105625 0.4645284015625 0.506583734375 0.459050340625 0.47891952499999996 0.4465877515625 0.44988579843750004 0.4513810546875 0.44947494375 0.46329583906250005 0.457007278125 0.4739780578125
0 0.4512553140625 0.4287840515625 0.4528987328125 0.4331665 0.4556377625 0.4330295484375 0.4598832609375 0.43152308125000005 0.4924777265625 0.42590806875 0.4922038234375 0.42289513437500004 0.47207194843750006 0.41481499375 0.43536893593750003 0.41919744375 0.4512553140625 0.4287840515625
0 0.483438925 0.44699860625000004 0.5231548703125 0.4385076109375 0.5237026765625 0.43480991874999997 0.4991883515625 0.4254972140625 0.459746309375 0.43152308125000005 0.45933545468750003 0.43590553125 0.483438925 0.44699860625000004
0 0.5209636468750001 0.4642544984375 0.56410338125 0.45535265 0.5613643500000001 0.449600684375 0.53191976875 0.438370659375 0.4919299203125 0.44562909062499995 0.4922038234375 0.4502854421875 0.5209636468750001 0.4642544984375
0 0.60094334375 0.5223219515624999 0.652711025 0.5082159421875 0.6531218796875 0.5028748328125 0.606284453125 0.4810995375 0.5538320156250001 0.4931512734375 0.5545167734375 0.4995879953125 0.60094334375 0.5223219515624999
0 0.663530196875 0.5045867265624999 0.709272009375 0.4920556609375 0.7091350578125 0.486303696875 0.6592846984375 0.46822609374999996 0.61655581875 0.47918221718750004 0.6166927703125 0.4842494234375 0.663530196875 0.5045867265624999
0 0.7441946515625 0.53834528125 0.7892517078125 0.52163719375 0.7903473187500001 0.5143787609375 0.7261170484374999 0.49096004843749996 0.6801013328125001 0.5053399609375 0.680238284375 0.51273534375 0.7441946515625 0.53834528125
0 0.6783209625 0.5634074124999999 0.7315951093749999 0.5438233421875001 0.73241681875 0.53724966875 0.6685974031249999 0.5076681359374999 0.6153232546875 0.5247870781249999 0.6154602062500001 0.5335519765625001 0.6783209625 0.5634074124999999
0 0.7841845000000001 0.6154489953125 0.8410193874999999 0.5884695437499999 0.8426628062500001 0.5783351296875 0.75460296875 0.542590778125 0.6972202750000001 0.5638182671874999 0.6968094203125 0.5736787765625 0.7841845000000001 0.6154489953125
0 0.8560840578125 0.5834023359375 0.90059330625 0.560394478125 0.9004563546875 0.5519034828125 0.8155464015625 0.5215002421875 0.7666547031250001 0.53957784375 0.7666547031250001 0.546425421875 0.8560840578125 0.5834023359375
0 0.63216829375 0.6537954265625 0.5980673609375 0.6285963437500001 0.5957391859375 0.6522889593750001 0.6344964703125 0.682418296875 0.7155717796875 0.64201759375 0.71680434375 0.629965859375 0.690920503125 0.6139425296875001 0.6892770859375 0.628322440625 0.63216829375 0.6537954265625
0 0.5962869921875 0.6739430875 0.52068974375 0.7070853593749999 0.47125023906249996 0.654769871875 0.47289365625 0.6384726390625 0.4355058875 0.652441696875 0.43482112968750003 0.6632608671875 0.48809527812500003 0.7314627328125 0.49466895156249996 0.739679825 0.5111031359375 0.7407754375 0.6102560484375 0.6927054484374999 0.611214709375 0.6806537125000001 0.595054428125 0.6662738015625 0.5962869921875 0.6739430875
0 0.3797666125 0.5964127328125 0.4192086546875 0.64640004375 0.47125023906249996 0.6287332953125 0.47083938437499995 0.6209270578125 0.47015462656249996 0.6053145828125001 0.42468671562500004 0.617777171875 0.3931878625 0.5802524515624999 0.3790818546875 0.58518270625 0.3797666125 0.5964127328125
0 0.3437483578125 0.5380713781249999 0.3442961640625 0.5456037125 0.37168647187500004 0.5817589171875001 0.3941465234375 0.5746374375000001 0.3933248140625 0.559298865625 0.37634282343750003 0.5643660734375 0.356210946875 0.53834528125 0.35648485 0.533688928125 0.3437483578125 0.5380713781249999