0 0.3364401015625 0.45722361093749997 0.39881601875 0.4468926 0.3968667703125 0.4410448578125 0.3342959296875 0.4500113953125 0.3196765734375 0.43246816875 0.3183121 0.4392905359375 0.3364401015625 0.45722361093749997
0 0.395506084375 0.4288776078125 0.40955494843749995 0.44353729218750004 0.46880450937499996 0.43559662968749996 0.4657504078125 0.4279613765625 0.41383069062500005 0.43559662968749996 0.39428444375 0.4197153046875 0.395506084375 0.4288776078125
0 0.471247790625 0.3833715015625 0.46972073906249995 0.3885634734375 0.47705058281249996 0.3907013453125 0.5149214343749999 0.3836769125 0.5143106140625 0.37909576093749997 0.4969022390625 0.37084968749999997 0.4575043359375 0.376041659375 0.471247790625 0.3833715015625
0 0.479188453125 0.43254252812500005 0.53049735 0.42276940625000003 0.5295811203125 0.415134153125 0.501483390625 0.4038339796875 0.47216402031250004 0.40658267031250006 0.46972073906249995 0.4221585859375 0.479188453125 0.43254252812500005
0 0.47338566093749995 0.40780431093749997 0.49323731718749997 0.40597184999999997 0.4929319078125 0.400779878125 0.47063697031249996 0.3885634734375 0.47338566093749995 0.40780431093749997
0 0.5011779796875 0.40413938906249997 0.54576785625 0.3995582375 0.54729490625 0.392839215625 0.5195025859375 0.3818444515625 0.4825479640625 0.3897851140625 0.48193714375 0.395282496875 0.5011779796875 0.40413938906249997
0 0.5414921140625 0.42093694531250003 0.5876090390625001 0.4148287421875 0.5863874 0.40749890000000005 0.5537085187499999 0.3949770859375 0.5155322546875001 0.40291774843750006 0.5152268453125 0.41116382187499995 0.5414921140625 0.42093694531250003
0 0.6196771 0.483546015625 0.6761779703124999 0.469191740625 0.6767887906250001 0.4591132078125 0.628839403125 0.43956696093750003 0.57753050625 0.44964549531250003 0.5763088656249999 0.459724028125 0.6196771 0.483546015625
0 0.6850348625 0.46522140937499995 0.7335950687499999 0.4536158265625 0.7345113 0.4462859828125 0.6841186328125 0.428572196875 0.6404449875 0.4377345 0.6383071171875 0.4487292640625 0.6850348625 0.46522140937499995
0 0.6367800671875 0.4930137296875 0.6969458562499999 0.5253872 0.7577224671875 0.5064517734375 0.7561954171874999 0.496373240625 0.6957242171875 0.46888633124999995 0.6373908859374999 0.4850730671875 0.6367800671875 0.4930137296875
0 0.7647469 0.501870621875 0.8169720281249999 0.4853784765625 0.81819366875 0.4774378140625 0.751614265625 0.45300500625 0.7042757 0.46705387031249995 0.7051919296875 0.475605353125 0.7647469 0.501870621875
0 0.717408334375 0.535465734375 0.8059772640625 0.58036101875 0.864616003125 0.5559282109375 0.8664484640625 0.5452388578125 0.7800174046875 0.50553554375 0.7198516140625 0.5256926109375 0.717408334375 0.535465734375
0 0.8798865093750001 0.5492091890624999 0.929973765625 0.526608840625 0.929973765625 0.5180573578125001 0.844764346875 0.4850730671875 0.790706759375 0.5021760328125 0.7913175796874999 0.5113383359375 0.8798865093750001 0.5492091890624999
0 0.36605491875 0.5017335609375 0.3941023484375 0.5376918046875 0.41567729375000007 0.5330172328125 0.4142389640625 0.5157572765625 0.3998556671875 0.5193531 0.3797190515625 0.49022692343749996 0.36605491875 0.49274399999999996 0.36605491875 0.5017335609375
0 0.3987769203125 0.546681365625 0.439050153125 0.6013378953124999 0.49118960625 0.5876737624999999 0.4919087703125 0.559985915625 0.44300555937499997 0.57221171875 0.416396459375 0.5358938921874999 0.399496084375 0.5398492984375001 0.3987769203125 0.546681365625
0 0.454512196875 0.6203957640625 0.5127645515625 0.695908075 0.6274713484375 0.6477240296875 0.625313853125 0.6372961390625 0.61093055625 0.6211149296875 0.610211390625 0.630104490625 0.52930534375 0.662466909375 0.49047044062499995 0.609248709375 0.4937066828125 0.5937866640625 0.4530738671875 0.6052933015625 0.454512196875 0.6203957640625
0 0.6494058765624999 0.6408919625 0.7360652437499999 0.6038549718749999 0.735346078125 0.589471675 0.7090965609375 0.5740096296874999 0.710534890625 0.590550421875 0.6476079640625 0.609248709375 0.6130880515625 0.5873141796875 0.61093055625 0.6110466203125 0.6494058765624999 0.6408919625