0 0.9000224812500001 0.5218185531249999 0.8997395812500001 0.5115227124999999 0.87295843125 0.53602733125 0.780656009375 0.508160490625 0.778240053125 0.515024965625 0.8749462671874999 0.5451788015625 0.9000224812500001 0.5218185531249999
0 0.783359425 0.4956562625 0.7867003234375 0.4835112828125 0.75314150625 0.498880440625 0.6866431421875 0.47766652968749995 0.6865187781250001 0.4857732265625 0.7607770578124999 0.5079947984375 0.783359425 0.4956562625
0 0.7053199921875 0.4193726375 0.6735692421875 0.41085823125000004 0.6451417484374999 0.417360565625 0.6447230765625 0.42099218125000004 0.6901500421875 0.43433357812500006 0.6919450421875 0.42186854843750005 0.7053199921875 0.4193726375
0 0.6845382843750001 0.4760553859375 0.6875057625000001 0.4542895609375 0.65560345 0.444397128125 0.6178403296874999 0.45474880312500005 0.6159001796875 0.4612691953125 0.6749152625 0.4810314015625 0.6845382843750001 0.4760553859375
0 0.6630063078124999 0.44684022187499994 0.6878050906250001 0.4529351640625 0.6912170453125001 0.43575958124999997 0.6632211265625 0.44274122812499994 0.6630063078124999 0.44684022187499994
0 0.6816701843749999 0.439369503125 0.6816682468749999 0.430692203125 0.6382549765625 0.41814138125 0.6063519828125 0.425603309375 0.6049627515625 0.43032579687499994 0.652187621875 0.44421811250000004 0.6816701843749999 0.439369503125
0 0.6399154796875 0.4474568609375 0.6404773640625 0.4410925828125 0.5953258578125 0.4268522328125 0.5571908343749999 0.435585984375 0.556569278125 0.443088871875 0.6032551640625 0.45855137187499995 0.6399154796875 0.4474568609375
0 0.4887527625 0.5027567953125 0.5460210328125 0.4890754734375 0.5495390171875 0.49208740781250004 0.5514070453125 0.4834198609375 0.499355034375 0.46231276875000005 0.440365315625 0.47646938437499997 0.4393580109375 0.48489928437499996 0.4853406234375 0.508515853125 0.4887527625 0.5027567953125
0 0.3831817265625 0.537092690625 0.391284109375 0.5335587296875001 0.42253736093749994 0.5253001734375 0.4273174734375 0.5312058140625 0.4695668171875 0.51815116875 0.46954964062500004 0.5076882828125 0.4192326546875 0.4804514828125 0.3436515421875 0.49826268125000006 0.34337195781249996 0.5089927671875001 0.3831817265625 0.537092690625
0 0.4867557171875 0.46532830000000003 0.48823831875 0.45861984843750003 0.447955653125 0.43954334375000004 0.3899744390625 0.4506424921875 0.3898426359375 0.4585527609375 0.42917590937499994 0.4795588046875 0.4867557171875 0.46532830000000003
0 0.41031388125 0.483377146875 0.4110096484375 0.47549643281250004 0.37304195 0.45541022499999995 0.301600696875 0.469762553125 0.30201808125 0.477984359375 0.3375673640625 0.5010541421875 0.41031388125 0.483377146875
0 0.3336919203125 0.5588160828125 0.33299255625 0.5505794984375 0.366560775 0.5413112390625 0.3213170640625 0.5035955765625 0.2218881171875 0.5286396515625 0.222290721875 0.537143440625 0.2573842859375 0.5796995265625 0.3336919203125 0.5588160828125
0 0.31060295312499997 0.50840644375 0.3119809078125 0.49829943125 0.27833040625 0.4713705703125 0.1866911078125 0.4880574390625 0.18725746875 0.4988318609375 0.2108760484375 0.5283452890625 0.31060295312499997 0.50840644375
0 0.7615789671875001 0.64357666875 0.81597061875 0.5977112359375 0.8188869875 0.5836855453124999 0.7968645140625 0.5738061484375 0.7978397203125 0.5829460578125001 0.7587863546875 0.61361904375 0.735332659375 0.6033010859375 0.731941271875 0.626390684375 0.7615789671875001 0.64357666875
0 0.5722645 0.6209307953125001 0.6050891968750001 0.6397380125 0.5975797703125 0.6789716359375 0.673803384375 0.7298645640625 0.74864556875 0.6614400140625001 0.7509128281249999 0.645926096875 0.72991948125 0.6302837984375 0.728624346875 0.6411224859375 0.674117146875 0.6822556859375 0.5914815250000001 0.62884540625 0.594128796875 0.6060803640625 0.5722645 0.6209307953125001
0 0.4222987015625 0.69377998125 0.40009084687499996 0.70824885625 0.397098475 0.7237247734375 0.4098865015625 0.736383215625 0.644135396875 0.74794154375 0.6447259609375 0.7436098671875 0.64840544375 0.728897065625 0.597239296875 0.6924052203125 0.5936199 0.7198454937500001 0.561987125 0.7407279171875001 0.45236212187499997 0.7375275796875 0.4228368890625 0.7112586859375 0.4222987015625 0.69377998125
0 0.309854375 0.6264467234375 0.37883303125 0.7045899171875 0.4229447265625 0.68145306875 0.4260100171875 0.6507117874999999 0.38840379375 0.6676456359375 0.33761611875 0.6169950921875 0.337746040625 0.6006420593749999 0.3101948484375 0.613013140625 0.309854375 0.6264467234375