0 0.08187844375 0.44855620781249994 0.187086109375 0.42726545156249995 0.1856736859375 0.4162991296875 0.08663641562499999 0.4367743828125 0.0480080375 0.40967632031249995 0.047373468749999995 0.420802390625 0.08187844375 0.44855620781249994
0 0.20831134062499998 0.42075296562500003 0.290218153125 0.401653346875 0.28801763125 0.39390498749999997 0.21615779062499998 0.4092061765625 0.183686709375 0.3937722609375 0.1859140984375 0.40943861249999997 0.20831134062499998 0.42075296562500003
0 0.30034022656250003 0.39938014375 0.36377052656250003 0.385697771875 0.3629635828125 0.37763193125 0.32174956250000003 0.36214135000000003 0.29085598749999997 0.3670015796875 0.2927246640625 0.3950403765625 0.30034022656250003 0.39938014375
0 0.288022928125 0.35023234531249997 0.2897454625 0.367631546875 0.3100046171875 0.364451453125 0.30994100625 0.359322571875 0.288022928125 0.35023234531249997
0 0.2853790390625 0.33289663125 0.2869329046875 0.34290089687499997 0.3282268859375 0.337708075 0.328799365625 0.33289990937499997 0.29661869375 0.32416347343749996 0.26990171875 0.3275952125 0.2853790390625 0.33289663125
0 0.324029421875 0.364252625 0.37256585000000003 0.3529478015625 0.373084675 0.3490607015625 0.33573695468750003 0.336676971875 0.28770383437499997 0.3442720890625 0.28822499375 0.3505739203125 0.324029421875 0.364252625
0 0.3757969375 0.383439159375 0.42677028906250003 0.3728837875 0.42643536875 0.36445325624999997 0.38456858125000004 0.3506016609375 0.33557757499999996 0.36097296874999996 0.33592134218749997 0.36725927812500003 0.3757969375 0.383439159375
0 0.43805746875 0.41702586718749995 0.4364440140625 0.42694768749999995 0.44549665312500003 0.42997590781249995 0.457609871875 0.42358161875 0.5149956687499999 0.4450011546875 0.553166240625 0.43045090625000004 0.553332565625 0.420029775 0.48731027656250003 0.3993454578125 0.43805746875 0.41702586718749995
0 0.56040640625 0.42437568593749997 0.599205725 0.40689882343750006 0.5975689656250001 0.400046971875 0.5417736515625 0.381748209375 0.49832779687500006 0.39695503906249996 0.501041809375 0.404273840625 0.56040640625 0.42437568593749997
0 0.5233224796875 0.45206560468749996 0.52409005625 0.46033222343749997 0.5800934453125 0.48051270468749996 0.5903896640624999 0.47358674531249995 0.6133819093749999 0.48342506875 0.645347821875 0.4631141421875 0.647395865625 0.4524849390625 0.5747666875 0.4263774546875 0.5233224796875 0.45206560468749996
0 0.6524039671875 0.45751878437500004 0.6864938203125 0.4351745359375 0.6861457625 0.42670184375 0.614793115625 0.40493646562499996 0.5799296 0.42367273125000005 0.5795614515625 0.43099344375 0.6524039671875 0.45751878437500004
0 0.63084759375 0.4891294828125 0.677606425 0.5087431828125 0.674569471875 0.51855370625 0.732902265625 0.5397246578125 0.762228603125 0.5033471359374999 0.76516080625 0.491621134375 0.669383165625 0.459548934375 0.63084759375 0.4891294828125
0 0.772221425 0.49496216249999997 0.79366974375 0.46769929687499995 0.794345275 0.4568651828125 0.708834271875 0.43195479531250003 0.680889503125 0.4556536609375 0.680180159375 0.4637615125 0.772221425 0.49496216249999997
0 0.1541754984375 0.49977981250000003 0.1584998828125 0.511217953125 0.221748446875 0.5654965578125 0.2639846734375 0.5462528921875001 0.2589436421875 0.519596021875 0.22932952499999998 0.535028509375 0.17689422500000002 0.488249903125 0.1541754984375 0.49977981250000003
0 0.4137891015625 0.5663226625 0.3262018484375 0.6123203109375 0.264167840625 0.567569284375 0.26427951250000004 0.5569288703125 0.23993474374999998 0.56831651875 0.24045826875 0.5810606171875 0.332930103125 0.65714818125 0.42059345937500003 0.6009166296874999 0.4183777359375 0.5794224109375 0.4449684515625 0.565773521875 0.41093818125 0.542724759375 0.4137891015625 0.5663226625
0 0.585759246875 0.6514135390625 0.5189602546875001 0.7266746296875 0.416640759375 0.6554602203125001 0.41959266250000005 0.621719815625 0.36408918125 0.6615127375000001 0.363779415625 0.6790994015625 0.42902496718750005 0.7339623421875 0.545835859375 0.74254348125 0.6083919171875001 0.66895929375 0.6112627390625 0.6548736734375 0.5865416796875 0.6424702984375 0.585759246875 0.6514135390625
0 0.6886562609375 0.5662026984375 0.6637573765625 0.555831878125 0.6608509890625001 0.5703240109375 0.6110895203125 0.61471551875 0.5940007671875 0.6087145984375 0.5915670468750001 0.6318501546874999 0.6284987281250001 0.6498276671875 0.6876248734375 0.5779915140624999 0.6886562609375 0.5662026984375