0 0.42628555781250005 0.67239469375 0.3852571109375 0.599227296875 0.38594091875 0.5923892234375 0.3647428890625 0.597175875 0.41602844687499996 0.7325697484375 0.581509846875 0.661453775 0.5842450765625 0.65051285625 0.5336433265625 0.591705415625 0.5343271328125 0.6334176703125001 0.42628555781250005 0.67239469375
0 0.368161925 0.5602502734375 0.3435448578125 0.4993914109375 0.3237144421875 0.5082809078125 0.35380196875 0.5882863781250001 0.375 0.5834997265624999 0.38252188125000003 0.562985503125 0.368161925 0.5602502734375
0 0.49808533906249997 0.472722921875 0.49945295468750006 0.46451723125 0.46936542656249997 0.46793626875000005 0.4679978125 0.480244803125 0.52270240625 0.541103665625 0.5746717718750001 0.5246922859375001 0.579458425 0.5000752187499999 0.5363785562500001 0.5110161375 0.49808533906249997 0.472722921875
0 0.7162199124999999 0.5759778453125 0.6293763671875 0.6088006015625 0.567149890625 0.5534121984375 0.57262035 0.5315303609375001 0.535010940625 0.5438388953125 0.5343271328125 0.558882659375 0.617067834375 0.65051285625 0.739469365625 0.6005949125 0.7415207875000001 0.5855511484375 0.718271334375 0.5691397703125001 0.7162199124999999 0.5759778453125
0 0.729212253125 0.5246922859375001 0.7223741796875001 0.5527283921875 0.7675054703125 0.5834997265624999 0.8605032828124999 0.546574125 0.8646061265625 0.530162746875 0.8372538296875 0.5151189828125 0.833150984375 0.5260599015625 0.7736597374999999 0.555463621875 0.729212253125 0.5246922859375001
0 0.8731654140625 0.4169573640625 0.836652428125 0.4260856109375 0.7703525296875 0.3996617390625 0.7669894921875 0.4083095515625 0.8453002406250001 0.4385768953125 0.8698023765625 0.433292121875 0.8731654140625 0.4169573640625
0 0.9745369953124999 0.480855090625 0.8698023765625 0.4385768953125 0.8635567328124999 0.446263840625 0.9750174296875 0.4919050734375 0.9995195656250001 0.48037465625 1 0.47172684374999996 0.9745369953124999 0.480855090625
0 0.7722742671875 0.3689139609375 0.7444090921875001 0.3602661484375 0.6963656890625 0.37131613125 0.6949243859374999 0.378522640625 0.755939509375 0.40062260624999996 0.7641068875 0.3962987 0.7722742671875 0.3689139609375
0 0.6862765734375 0.339607484375 0.64015490625 0.3477748625 0.6372723015624999 0.35498137343749997 0.6833939703125 0.37275743281249996 0.7319178078124999 0.3597857140625 0.732878675 0.3545009390625 0.6862765734375 0.339607484375
0 0.698767859375 0.3420096546875 0.746330828125 0.3602661484375 0.7746764359375 0.35354007187500003 0.7799612109375 0.3410487859375 0.7434482250000001 0.3290379359375 0.6992482921875001 0.3376857484375 0.698767859375 0.3420096546875
0 0.45758997187499995 0.3674726578125 0.485455146875 0.388131321875 0.5498333078125001 0.37756177343749997 0.5531963453125 0.370835696875 0.516202925 0.351618334375 0.45855084062499996 0.36122701562500004 0.45758997187499995 0.3674726578125
0 0.493142090625 0.3948573984375 0.52052683125 0.41503562812499994 0.604122353125 0.4087899859375 0.6046027875 0.3996617390625 0.559922421875 0.37708133906249997 0.4950638265625 0.3876508875 0.493142090625 0.3948573984375
0 0.3706314109375 0.37371830156249997 0.3682292421875 0.383807415625 0.39273137812500003 0.4073486828125 0.46671821874999997 0.3938965296875 0.46623778437499996 0.387170453125 0.43645087499999996 0.3641096203125 0.3706314109375 0.37371830156249997
0 0.39561398125 0.4073486828125 0.3932118109375 0.41263345781250005 0.41579221093749996 0.4395377640625 0.4345291390625 0.44434210468749996 0.4960246953125 0.432331253125 0.507074678125 0.419359534375 0.47200299375 0.39197479375 0.39561398125 0.4073486828125
0 0.3663075046875 0.4078291171875 0.346129275 0.37756177343749997 0.26733809375 0.3900530578125 0.280790246875 0.4256051765625 0.3663075046875 0.4078291171875
0 0.298085871875 0.47412901406249996 0.337961896875 0.46452033437500007 0.3398836328125 0.45683338906250004 0.3984965859375 0.4400181984375 0.37303358124999997 0.4073486828125 0.2831924171875 0.424644309375 0.298085871875 0.47412901406249996