0 0.5297733671875 0.543563503125 0.5047220671875 0.5000317390625 0.49158040312500006 0.505370540625 0.4911697265625 0.5127627265625 0.523202534375 0.5686148015625 0.55687805 0.561222615625 0.5552353421875 0.5382247015625 0.5297733671875 0.543563503125
0 0.5342908140625 0.577649696875 0.5351121671875 0.5887379765625 0.5819293484375 0.6786762453125 0.7071858421874999 0.6495181765625 0.7088285515625 0.6355551578124999 0.6792598046875 0.6027009953125 0.6743316796875 0.6273416171874999 0.5897322125 0.6466434375000001 0.556056696875 0.5883273 0.55687805 0.5747749578125 0.5342908140625 0.577649696875
0 0.4381923890625 0.6815509843750001 0.4217653078125 0.5948981328125 0.3868577609375 0.6018796421875 0.4053382265625 0.7172798859375 0.5531819578125 0.6823723390625 0.5515392484375 0.6704627046875 0.5363441984375 0.6417153140625 0.5363441984375 0.6573210406250001 0.4381923890625 0.6815509843750001
0 0.4197119234375 0.58955933125 0.41765853750000004 0.5616332921875 0.396714009375 0.5653293859375 0.38603640625 0.5201549125 0.3724840640625 0.522618975 0.3823403140625 0.592844746875 0.4197119234375 0.58955933125
0 0.4652970734375 0.45239320312500003 0.4665291046875 0.4597853890625 0.4882949859375 0.4996210609375 0.5071861296875 0.49592496875 0.506775453125 0.480319240625 0.49856191250000004 0.4811405953125 0.484188215625 0.448697109375 0.4652970734375 0.45239320312500003
0 0.7273090171875001 0.5595799078125 0.8110871312500001 0.6343231265625 0.9135921171874999 0.6088611515625 0.9156455015624999 0.596540840625 0.8176579625 0.532064546875 0.73018375625 0.5489023046875 0.7273090171875001 0.5595799078125
0 1 0.5575265218750001 0.9201629499999999 0.5152267890625 0.839259575 0.5275470999999999 0.83802754375 0.5398674109375 0.9378220625000001 0.6063970890625 1 0.5912020390625 1 0.5575265218750001
0 0.7092392281250001 0.5456168890625 0.796713434375 0.5283684531249999 0.79589208125 0.5197442359375 0.7330584953125 0.473748409375 0.65420850625 0.48565804218749997 0.655029859375 0.4951036140625 0.7092392281250001 0.5456168890625
0 0.8123191625 0.5250830375 0.8891157656249999 0.51112001875 0.8911691515625 0.4996210609375 0.816836609375 0.4593747125 0.7482535453125 0.470052315625 0.7474321921875 0.4794978875 0.8123191625 0.5250830375
0 0.7326478187500001 0.467588253125 0.797945465625 0.4589640359375 0.7987668203125 0.4491077875 0.7482535453125 0.42118174843749995 0.6854199609375 0.4298059671875 0.68459860625 0.4355554453125 0.7326478187500001 0.467588253125
0 0.641066840625 0.482783303125 0.7166314140625001 0.4716950234375 0.7166314140625001 0.4622494515625 0.6710462640625 0.4298059671875 0.6049272625000001 0.4388408609375 0.60369523125 0.44787575625000003 0.641066840625 0.482783303125
0 0.5874347953125 0.39929689375 0.6419806171875 0.3938423109375 0.6426920843749999 0.38815057343750003 0.61447055 0.3703638921875 0.5644306875 0.3746326953125 0.5649049984375 0.3819845234375 0.5874347953125 0.39929689375
0 0.55850179375 0.377004253125 0.6068815671875 0.3717868265625 0.60593294375 0.3656207765625 0.58530039375 0.3523400546875 0.538817865625 0.35708316875 0.538817865625 0.3630120625 0.55850179375 0.377004253125
0 0.5336004390625 0.3577946359375 0.580320121875 0.353051521875 0.5793714999999999 0.34901987343749996 0.5622962859375 0.33834786562499997 0.5205568734375 0.341193734375 0.5188967828125 0.34569969375 0.5336004390625 0.3577946359375
0 0.5058532171875 0.38079874375 0.506327528125 0.394790934375 0.5146279796875 0.406174409375 0.5739169171875 0.40000836093750003 0.574628384375 0.3940794671875 0.5532843671875 0.377004253125 0.5058532171875 0.38079874375
0 0.429014753125 0.3876762609375 0.4297262203125 0.394316621875 0.44063538593749996 0.415186328125 0.503481659375 0.4078345 0.5027701921875 0.4038028515625 0.4444298765625 0.40736018906250004 0.4342321796875 0.3867276375 0.429014753125 0.3876762609375