0 0.8296328921875 0.43917020000000007 0.828043225 0.43268045156249996 0.7753397843750001 0.40142137968749997 0.692735453125 0.458043653125 0.6983946140625 0.4689450046875 0.78523949375 0.41249378437499995 0.8296328921875 0.43917020000000007
0 0.714634284375 0.496990665625 0.7135926609375 0.490414115625 0.6725360375 0.4741641890625 0.6099885734375 0.51819971875 0.6174071859375 0.5286819515625 0.68107925 0.48376606093749996 0.714634284375 0.496990665625
0 0.6255078703125 0.547904409375 0.623173575 0.5376000390625 0.5955695999999999 0.5273654359375 0.5441962359375 0.5630300828125 0.5452812609375 0.56988065625 0.5895623624999999 0.5426426359375001 0.6255078703125 0.547904409375
0 0.5986247046875001 0.521825409375 0.6613172625 0.4795927296875 0.6609215546875 0.46645324375 0.595933034375 0.4427578796875 0.534615690625 0.4954468328125 0.5360615375 0.5028020515625 0.5986247046875001 0.521825409375
0 0.6835786578125 0.46230291875 0.7710422203125 0.402663840625 0.7685275125000001 0.3921071484375 0.70325731875 0.3524452671875 0.6178770046875 0.42523744687500004 0.6197270796875001 0.43337133124999994 0.6835786578125 0.46230291875
0 0.6030635984375 0.4239319984375 0.6912845609375 0.3495663171875 0.689130678125 0.3395142703125 0.6032551640625 0.28148688125 0.5178714328125 0.37731315468750004 0.519390465625 0.38690395781250003 0.6030635984375 0.4239319984375
0 0.5847117093749999 0.4428497796875 0.5824871921875 0.43589878750000005 0.49995355156250004 0.398971165625 0.44348691875 0.461004134375 0.4437362578125 0.46967245 0.5218234125000001 0.49803472343750005 0.5847117093749999 0.4428497796875
0 0.5043914625 0.510346171875 0.5032494203125 0.5049091140625 0.4238219328125 0.47872540625 0.3835745734375 0.5261109234375 0.382266575 0.535587690625 0.4548817890625 0.552457165625 0.5043914625 0.510346171875
0 0.4731383578125 0.5453521546875 0.4750318359375 0.553760065625 0.534952640625 0.5667413 0.583572159375 0.5331982015625 0.582818175 0.5248907125 0.5204992484375001 0.5038623906249999 0.4731383578125 0.5453521546875
0 0.45664495625 0.6393182453125 0.4559754296875 0.634025903125 0.48028340468749997 0.619210434375 0.511851403125 0.6246699203125 0.5133095390625 0.6306808562499999 0.526809484375 0.621119896875 0.5250043171875001 0.61398303125 0.47741926250000005 0.6075177093749999 0.4445387671875 0.628920615625 0.4463178671875 0.6358929109375 0.45664495625 0.6393182453125
0 0.44421728125 0.6449979828125 0.457272059375 0.6464729984375001 0.457104425 0.64008896875 0.438868215625 0.6357232234375 0.4110618265625 0.6529484828125 0.41121233906250004 0.6597569703125 0.42350533593749995 0.6622804875 0.44421728125 0.6449979828125
0 0.40779175937499995 0.669155459375 0.42615124531250004 0.6704650890625 0.4246834 0.6622626 0.40287875624999997 0.6587994375 0.379174278125 0.6748689203125 0.38006050468749997 0.6804643359375 0.39144350625 0.6820354359375 0.40779175937499995 0.669155459375
0 0.395235928125 0.6350424234375 0.39515773125 0.6345487109375 0.426547378125 0.6111888390625 0.42607666875000005 0.6050215109375 0.3648812796875 0.594638675 0.33782005625 0.6213617796875 0.3377408328125 0.6277849062499999 0.395235928125 0.6350424234375
0 0.3897723703125 0.6399565546875 0.3884184953125 0.6346039046875 0.33157350625 0.628255615625 0.30977140468750003 0.6482412765625 0.30974840000000003 0.6544868 0.36481735312499997 0.6602728875 0.3897723703125 0.6399565546875
0 0.357395296875 0.6634728187500001 0.3575143828125 0.658899071875 0.3042736015625 0.6540043265625 0.2837770296875 0.6724336156249999 0.285034821875 0.6761144890625 0.337045409375 0.6806979796875 0.357395296875 0.6634728187500001
0 0.29649347812500004 0.6547304796875 0.31704750000000004 0.6332555015625 0.3171568765625 0.6264901984375 0.2505801140625 0.6189840796875 0.2325646796875 0.64157528125 0.231684578125 0.6488000515625 0.29649347812500004 0.6547304796875
0 0.32192677812500003 0.6274217156249999 0.35003982968749997 0.5993511203125 0.3492042015625 0.5908797984375 0.275115284375 0.5811051515625001 0.2528892265625 0.6111955765625 0.25274560468749996 0.6188098 0.32192677812500003 0.6274217156249999
0 0.26959253437499997 0.6778855078125 0.288416 0.6603960109375 0.2874255109375 0.654142309375 0.22641411250000001 0.6481165171875001 0.211931334375 0.6674490078125 0.21150099375 0.6732529484375 0.26959253437499997 0.6778855078125