0 0.5432591906249999 0.3494922484375 0.5468701031250001 0.33699464687499997 0.4159754578125 0.26794433125 0.37068515625 0.37582173750000003 0.402692340625 0.38850170156249997 0.4366400125 0.30770738125 0.53073633125 0.356665775 0.5232991140625 0.372241353125 0.5432591906249999 0.3494922484375
0 0.6515981984375 0.442710328125 0.68418883125 0.41749750937499996 0.6884689640625 0.40652515781250004 0.5782080609375 0.34814936093750004 0.5080807734375 0.431945884375 0.5264661937499999 0.43940946875 0.5284727499999999 0.43601062031250004 0.5763125359375 0.3801818015625 0.6549398656250001 0.4184381984375 0.6515981984375 0.442710328125
0 0.5262541328125 0.45391362500000004 0.49563813124999995 0.438664471875 0.45135651718750003 0.48761537656250004 0.45058181875000003 0.497329503125 0.46428379687500004 0.5020909421875001 0.49628431562499997 0.46692334375 0.520503709375 0.47588469843750003 0.5257200859375 0.4622629390625 0.5262541328125 0.45391362500000004
0 0.4151571953125 0.5412749828125001 0.43196351875000005 0.5470528859375 0.4529400578125 0.5211994359375 0.45807843750000005 0.5239817984374999 0.463321184375 0.5075501953125 0.4439456703125 0.5003811109375 0.4166813328125 0.5326311687499999 0.4151571953125 0.5412749828125001
0 0.44149861562500003 0.6073694578125 0.43812835625 0.6185022453125 0.48287379531249996 0.6334283078125 0.50708985625 0.6184658796875 0.5083469703125 0.613996721875 0.45337862187500005 0.5958608390625 0.44149861562500003 0.6073694578125
0 0.49526369687500005 0.63232940625 0.4940868 0.6363436265625 0.536717984375 0.649958721875 0.571960246875 0.6416313359375 0.57278879375 0.634272115625 0.5212192921875001 0.6181427875 0.49526369687500005 0.63232940625
0 0.46483894374999996 0.64525890625 0.46358182968749995 0.649728065625 0.509343728125 0.6615497796875001 0.5326510250000001 0.6544015125 0.5327839812499999 0.6483268875 0.485978140625 0.63444476875 0.46483894374999996 0.64525890625
0 0.5465224984375 0.5833776140625 0.606789665625 0.6033859875 0.657551434375 0.5841917234375 0.6574162578125 0.5743171609375 0.591501925 0.5490913015625 0.5490367296875001 0.574439296875 0.5465224984375 0.5833776140625
0 0.6041134265625 0.5497317078124999 0.6741221984375 0.575679528125 0.7405375421875 0.54751835625 0.7414726765624999 0.5368943546875 0.667422203125 0.5046048875 0.6056375640625 0.5410878921875 0.6041134265625 0.5497317078124999
0 0.6844955515625 0.50620813125 0.7606602765625 0.5398085640625 0.8608717421875 0.495559696875 0.8598266906250001 0.4855246984375 0.7771576609374999 0.44092665625 0.68529661875 0.49368416249999997 0.6844955515625 0.50620813125
0 0.779820396875 0.5375580234374999 0.7804368796875 0.5447029578125 0.8477435046874999 0.575334221875 0.9524790890625001 0.5426719703125 0.9510593171874999 0.532101815625 0.8810219546875 0.49301465312500004 0.779820396875 0.5375580234374999
0 0.6861608359375 0.5726570234375 0.686981046875 0.5812982828125 0.7481926390625 0.6046899953125 0.8202788375000001 0.5813632906249999 0.8189404234375001 0.5723376703125 0.7562572703125 0.543998684375 0.6861608359375 0.5726570234375
0 0.6226500171875 0.6021835953125 0.6214976296875 0.608719109375 0.6753878265625 0.62876895 0.7287213312499999 0.6120972109375 0.7307090140625 0.6024861203125 0.6732916125 0.579177453125 0.6226500171875 0.6021835953125