0 0.6198488265625001 0.5095808328125 0.684060290625 0.501178503125 0.6981928374999999 0.5181628375 0.7000396109375 0.5115577296875 0.6861854843749999 0.4951554140625 0.6199445031249999 0.50409948125 0.6198488265625001 0.5095808328125
0 0.5464660359375 0.514360115625 0.548663190625 0.52074723125 0.6033393015625 0.5130442015625001 0.6203668437500001 0.5295019078125 0.620527984375 0.5202701546874999 0.605793275 0.504718209375 0.5464660359375 0.514360115625
0 0.5023210265625 0.563513934375 0.5005095015625 0.568099596875 0.5217118984375 0.5768385125 0.5590230796875 0.5720067578125 0.542699875 0.564795909375 0.54195021875 0.5581454796875 0.5023210265625 0.563513934375
0 0.488445296875 0.5318164921874999 0.5144614203125 0.5458338734375 0.5460128281250001 0.5403244218750001 0.5459710828125 0.5261832640625 0.5360047796875 0.5185062171875 0.48912803125000004 0.525768225 0.488445296875 0.5318164921874999
0 0.5448487875 0.5408812640625 0.522290996875 0.5436618984375 0.521906828125 0.549138215625 0.5454171609375 0.557917415625 0.5448487875 0.5408812640625
0 0.4712947859375 0.555469284375 0.4953367828125 0.5668549859375 0.5353148953125 0.5580296609375 0.534509846875 0.554552646875 0.5130491734375 0.5440777421874999 0.47196241250000004 0.5502864953125 0.4712947859375 0.555469284375
0 0.4334655875 0.5403799640625 0.46354074375 0.5533138765625 0.5023397093749999 0.54591086875 0.502425315625 0.5410065000000001 0.4778617234375 0.5264373124999999 0.43297924375 0.53517703125 0.4334655875 0.5403799640625
0 0.3429652703125 0.4842586203125 0.39016364531250003 0.5081688859375 0.4405526578125 0.49808238281249995 0.4424548234375 0.4883038578125 0.396683803125 0.46528424843750005 0.34481707968749997 0.47736501875000004 0.3429652703125 0.4842586203125
0 0.28782441875 0.5020538453125 0.3345414859375 0.5204726859375 0.3782951765625 0.5102703625 0.37988870625 0.501640771875 0.3357731046875 0.482978759375 0.2862344625 0.493945846875 0.28782441875 0.5020538453125
0 0.20381484843750003 0.47086369375 0.2703271015625 0.4959768234375 0.3152951890625 0.4823327359375 0.3160081359375 0.474553515625 0.25154050781250004 0.44803317187499997 0.20684580624999999 0.4625477734375 0.20381484843750003 0.47086369375
0 0.26305502187499996 0.449677059375 0.32400031406249996 0.4795988828125 0.38114046875 0.46299287656250004 0.3818685234375 0.45434817968749996 0.31922752656250003 0.42237669687499996 0.263190984375 0.44188776875 0.26305502187499996 0.449677059375
0 0.1524624171875 0.403882471875 0.24239436093750003 0.44296766249999997 0.2995949453125 0.4228997484375 0.30036328437500004 0.41194711406250006 0.2105723390625 0.3647841375 0.1537825640625 0.3943823671875 0.1524624171875 0.403882471875
0 0.090808559375 0.43108715625 0.1799757390625 0.464387396875 0.22704384218749998 0.44616267968749995 0.226931596875 0.436060415625 0.14158028125 0.3990752390625 0.0915366125 0.422442459375 0.090808559375 0.43108715625
0 0.627617028125 0.4136671890625 0.6026292843750001 0.4151149875 0.6028124796875 0.431602834375 0.6212165875 0.4295691296875 0.6399788656250001 0.4609819671875 0.6546490765625 0.456999128125 0.6533844734375001 0.44849923281250004 0.627617028125 0.4136671890625
0 0.5273055046875 0.35916536250000003 0.5282167078125 0.387911659375 0.573152596875 0.3769212671875 0.6022241875 0.4113399953125 0.6178443109375 0.4069027453125 0.620395790625 0.3956435203125 0.5808152578125 0.342672746875 0.5273055046875 0.35916536250000003
0 0.528203721875 0.334689559375 0.5307000546875 0.3535727328125 0.5648393484375 0.3405099265625 0.565986509375 0.32875519999999997 0.516326784375 0.25959483125 0.468300434375 0.258756528125 0.3890115640625 0.2950517390625 0.39251534062500004 0.310184578125 0.4040892578125 0.32169036093750003 0.4070129609375 0.316089515625 0.4801315125 0.28251254375 0.528203721875 0.334689559375
0 0.308816259375 0.3562935984375 0.36710844531250003 0.33564555 0.40107753125 0.35931699375 0.40480904687499997 0.3344196578125 0.364834015625 0.30404951874999997 0.28077093125 0.34402931406250004 0.278706734375 0.3543550640625 0.304770053125 0.3722366328125 0.308816259375 0.3562935984375