0 0.5727598125 0.5349082578125001 0.6033696578125001 0.5102383953125 0.6576357296875 0.524882775 0.6749689515624999 0.515644134375 0.6732626578125 0.5070287765625 0.596778475 0.4880430546875 0.56818864375 0.5168357828125 0.5727598125 0.5349082578125001
0 0.470263884375 0.541572903125 0.4720302421875 0.5289899890624999 0.504248034375 0.4907370421875 0.5686742421875 0.5047974765625 0.575672346875 0.4971957578125 0.5755274 0.48764959843750005 0.4834597859375 0.467372753125 0.438915840625 0.527057959375 0.44139452187500006 0.536234490625 0.470263884375 0.541572903125
0 0.4350725046875 0.563209115625 0.47562711249999995 0.564646240625 0.472564484375 0.5453095734375 0.43193740468749997 0.5390993671875 0.4015812140625 0.5804750078125 0.40220139687499995 0.593021684375 0.41462589687499996 0.5937878703125 0.4350725046875 0.563209115625
0 0.6749544281250001 0.55870745625 0.675554940625 0.56681444375 0.7314848640625 0.5747019671875 0.7924633078125 0.5346278109375 0.79080981875 0.5263458453125 0.733473859375 0.5138964578125 0.6749544281250001 0.55870745625
0 0.742519896875 0.568853140625 0.74424275625 0.5754153484375 0.7935576671875 0.5846923421875 0.856889515625 0.5486882468750001 0.8529716625000001 0.53905615 0.8021647765625 0.5289902015625 0.742519896875 0.568853140625
0 0.7736794953125 0.592967046875 0.7724122015625 0.584965665625 0.7236781328124999 0.5793559734375 0.6771017640625 0.6089469656250001 0.676596496875 0.61654558125 0.7243997625 0.6205939296875 0.7736794953125 0.592967046875
0 0.6686644875 0.6160931171875 0.7157657937499999 0.583343196875 0.713217740625 0.575886425 0.6608857453125 0.569137815625 0.613731634375 0.6015543453125 0.6151739078125 0.6085027484375 0.6686644875 0.6160931171875
0 0.65424274375 0.62213659375 0.6530282546875 0.6144686046875 0.5999435390625 0.6115985109375 0.5665971937500001 0.6384105640625 0.5686006406249999 0.6445865765625001 0.6145091703125 0.64961853125 0.65424274375 0.62213659375
0 0.6262441187500001 0.6395577968749999 0.626055675 0.6491567609375 0.671155578125 0.651241 0.7118561890625 0.6277069484375 0.7109057187500001 0.6217059140625001 0.664436015625 0.6174463515624999 0.6262441187500001 0.6395577968749999
0 0.5160495078125 0.694901475 0.516497334375 0.698974990625 0.5569616374999999 0.7002629 0.5871922374999999 0.683041509375 0.583359084375 0.6775306328124999 0.539560871875 0.676376053125 0.5160495078125 0.694901475
0 0.505756 0.699689478125 0.5292177375 0.6833428171875 0.529113109375 0.67645198125 0.48021777187500003 0.6755126437500001 0.47417117031249995 0.6821936109375 0.47611494218750006 0.6994502984375 0.505756 0.699689478125