0 0.11858839218749999 0.5060734796874999 0.21755631874999998 0.4789510734375 0.2143824203125 0.47144913125 0.116857175 0.4985715375 0.08367550781250001 0.4746230296875 0.084829653125 0.48472179843749996 0.11858839218749999 0.5060734796874999
0 0.23372429687500001 0.4723766484375 0.309480865625 0.45097456874999997 0.30846171875 0.443500828125 0.236442021875 0.46150575156249996 0.210623640625 0.4479171296875 0.211982503125 0.4594674578125 0.23372429687500001 0.4723766484375
0 0.32403684843749997 0.445223015625 0.3815015109375 0.429716678125 0.3805893734375 0.42264761249999994 0.34136746093750003 0.409193584375 0.3108108546875 0.416490684375 0.3130911984375 0.440206259375 0.32403684843749997 0.445223015625
0 0.3306498453125 0.4117019625 0.3292816390625 0.40645717187499997 0.3073903390625 0.398704003125 0.3103547859375 0.416490684375 0.3306498453125 0.4117019625
0 0.30556606406250003 0.38570604375 0.3092146140625 0.393687246875 0.3477524234375 0.38661818124999997 0.3450160109375 0.381829459375 0.3171958171875 0.37407629062500003 0.2905157953125 0.37954911562500004 0.30556606406250003 0.38570604375
0 0.34205156406250004 0.410789825 0.3894827140625 0.39847596875 0.3903948515625 0.39209100625 0.3523131109375 0.384109803125 0.3071623046875 0.395055453125 0.3092146140625 0.39938810625 0.34205156406250004 0.410789825
0 0.44124651718749996 0.4117019625 0.44261472343749997 0.40372075937499996 0.40088443281249997 0.393231178125 0.3529972140625 0.40645717187499997 0.3561896953125 0.411929996875 0.3940434015625 0.423787784375 0.44124651718749996 0.4117019625
0 0.186411759375 0.5633695609375 0.25360193125 0.6137621906249999 0.2892454984375 0.5928676859374999 0.2851485359375 0.5699247 0.25155344999999996 0.582215584375 0.20812565625 0.5486204984375 0.2052577828125 0.54247505625 0.1868214546875 0.5502592828124999 0.186411759375 0.5633695609375
0 0.26835099375000004 0.633837303125 0.36340050625 0.702666259375 0.44370095625 0.6408021374999999 0.44206217187499997 0.6121234046875 0.4662342453125 0.5998325203125 0.43304885468750004 0.5781186234375 0.4350973359375 0.5998325203125 0.35397749375 0.6547318078125001 0.29006489062499996 0.6125331015625 0.292113371875 0.6010616093750001 0.2687606890625 0.614991278125 0.26835099375000004 0.633837303125
0 0.38764383125 0.722802928125 0.41981118124999994 0.7407754375 0.6122700734375 0.7407754375 0.640620959375 0.7009945546874999 0.6422565859375 0.686273903125 0.6166317484375 0.6726436687499999 0.6166317484375 0.683002646875 0.5719245828124999 0.7386139984375 0.5163132328125 0.7380687890625001 0.449252484375 0.6944520421875 0.4383482984375 0.6579230171875 0.389279459375 0.6977232984375 0.38764383125 0.722802928125
0 0.6454507765625 0.64396406875 0.622084309375 0.635919875 0.6209351390625 0.66503219375 0.6611561078125 0.678439184375 0.7178485203125 0.6056583843750001 0.7174654625 0.5884208265625 0.690651484375 0.57961051875 0.6454507765625 0.64396406875
0 0.5304397078124999 0.4786733953125 0.5664271375000001 0.4595550734375 0.56755174375 0.450558215625 0.50457374375 0.43368910937500005 0.4554658984375 0.45355716875 0.4554658984375 0.46780219218749997 0.47383448125000005 0.4599299421875 0.5304397078124999 0.4786733953125
0 0.6032892390625 0.5080238328125 0.6100677703125 0.5006290718749999 0.6273222109375001 0.5046345671875 0.6350250875000001 0.5095644078125 0.6670690515625 0.483066515625 0.66768528125 0.47567175468749995 0.590656521875 0.455028046875 0.54166623125 0.4836827453125 0.5425905765625 0.49076939062499997 0.6032892390625 0.5080238328125
0 0.700345475 0.528667540625 0.6997292453124999 0.5403759124999999 0.7647415171875 0.556706009375 0.7918556406249999 0.5169591687499999 0.7930881000000001 0.5064832578125 0.6898695640625 0.479985365625 0.653203875 0.51233744375 0.700345475 0.528667540625
0 0.5783650953125 0.4541905828125 0.61485500625 0.4353374609375 0.6136386765624999 0.4264177046875 0.5540384875 0.4136462359375 0.51572408125 0.430066696875 0.5159268031249999 0.4371619578125 0.5783650953125 0.4541905828125
0 0.6736443078125001 0.4789226328125 0.70628250625 0.456015078125 0.7048634546875 0.447095321875 0.6347217359374999 0.43047214062499994 0.5974209375 0.4523660875 0.597218215625 0.459055903125 0.6736443078125001 0.4789226328125
0 0.797912728125 0.5105472234375 0.8196039531249999 0.4805444078125 0.821225728125 0.47061104218749994 0.728176453125 0.4507443125 0.7010117421875 0.47790902500000004 0.7028362375 0.48540972812499994 0.797912728125 0.5105472234375