0 0.47185820468750006 0.414580675 0.49630447499999997 0.4171885140625 0.4964706671875 0.41139860781250004 0.46615550624999996 0.40893852031250005 0.43140706250000005 0.40449923437499996 0.430167615625 0.41015736406250003 0.47185820468750006 0.414580675
0 0.5104515562499999 0.4119900578125 0.509350228125 0.41948086875 0.5722421921875 0.4248425921875 0.5737735015625 0.419765015625 0.5104515562499999 0.4119900578125
0 0.583221978125 0.37179149375 0.5821833671875 0.377292709375 0.6150525453125 0.38169168125 0.6152219078125001 0.377354740625 0.607881440625 0.3631986671875 0.5762456015625 0.36058528125 0.583221978125 0.37179149375
0 0.62964015 0.397753646875 0.6180913515625 0.38090198750000004 0.5810421484375 0.376534490625 0.578582275 0.39656855156250004 0.62833164375 0.402495434375 0.62964015 0.397753646875
0 0.584016940625 0.4254506765625 0.6465323625 0.4324003171875 0.6481483546875 0.425154271875 0.6343085890625 0.4033004375 0.5775862453125 0.3979699609375 0.5770466765625 0.4068007515625 0.584016940625 0.4254506765625
0 0.627975453125 0.38262456718750004 0.675327209375 0.3858966203125 0.675653484375 0.38176051875 0.66286206875 0.36911402031249996 0.617722709375 0.36556890000000003 0.6165271890625 0.3708692765625 0.627975453125 0.38262456718750004
0 0.640437825 0.4038736921875 0.6955283265625 0.40918537656250004 0.696096196875 0.4030816453125 0.6806372703125 0.38702088749999997 0.6318545109375 0.3835731296875 0.6292782515625001 0.3912459875 0.640437825 0.4038736921875
0 0.66068614375 0.43391992031250004 0.7225739171875001 0.44006620625000004 0.7243216859375 0.43174690781249997 0.7042244484375 0.41057732968750005 0.648820121875 0.40486396874999997 0.645305559375 0.41278475937500003 0.66068614375 0.43391992031250004
0 0.6760760109375 0.5241422984375 0.7665270843750001 0.5316823671875001 0.7678750140624999 0.5207043515625001 0.7337614453125 0.47907349843749997 0.6559370359375001 0.473975271875 0.653926534375 0.483088971875 0.6760760109375 0.5241422984375
0 0.783115578125 0.534530109375 0.8657780953125 0.543788309375 0.8701998718749999 0.5331877140625 0.82319005 0.49131062343750004 0.7498107671875001 0.48631244687499997 0.7456046609375 0.4951565609375 0.783115578125 0.534530109375
0 0.7186302812500001 0.60230693125 0.8222549750000001 0.6114645171875 0.8339722671875001 0.59953099375 0.779073278125 0.5384098609375 0.6866500531249999 0.53241060625 0.6848013015625 0.5402069421875 0.7186302812500001 0.60230693125
0 0.8538141671874999 0.6138404015625001 0.95524325625 0.6227283984375 0.9579624671875001 0.6114730140625 0.8955984265625 0.5494352874999999 0.8001552765625 0.5426194921875 0.8010029484375 0.55386709375 0.8538141671874999 0.6138404015625001
0 0.7961001000000001 0.72811750625 0.9344075406250001 0.737967671875 0.938829315625 0.727367075 0.856519184375 0.628112490625 0.74351120625 0.6191400046875 0.7378259859375 0.629139728125 0.7961001000000001 0.72811750625
0 0.9855275421874999 0.6484500203125 0.987097040625 0.635667478125 0.9691076984375 0.6286042828125 0.8818041375 0.626872790625 0.873933675 0.634862675 0.9645020234375 0.744501878125 0.973840221875 0.7352716890625 0.9855275421874999 0.6484500203125
0 0.38634013125 0.5799737453125 0.3708144375 0.5710140578125 0.340200978125 0.668521465625 0.34295278281249997 0.6789355890625 0.4923303984375 0.6892158578124999 0.49210168281250005 0.5843948203125 0.4801740859375 0.6610212 0.38346835 0.6567044140625 0.379740209375 0.5967968046875 0.38634013125 0.5799737453125
0 0.5177298968749999 0.5950683609375 0.52310473125 0.699009825 0.6701747265625 0.70346481875 0.65191355 0.6347194078125 0.6363715328125 0.67513131875 0.5415204359375 0.6680193796875 0.5357284421874999 0.600301178125 0.5398731078125001 0.59526814375 0.5177298968749999 0.5950683609375