0 0.2145291953125 0.6569618734375 0.205650084375 0.62366520625 0.17166281875 0.668652703125 0.1748691640625 0.682711296875 0.31989465 0.6866575671875 0.3554110953125 0.5917004046875001 0.3526980328125 0.5803548734375 0.337652871875 0.58173606875 0.3122487484375 0.657948440625 0.2145291953125 0.6569618734375
0 0.36256371249999997 0.5754220343750001 0.3845148484375 0.5177078109375 0.38352827968750003 0.5108018359375001 0.3657700578125 0.5075954890625 0.346778625 0.5512511203125 0.331486821875 0.5524843296874999 0.33592637812500004 0.5751753921875 0.36256371249999997 0.5754220343750001
0 0.3633036375 0.488012115625 0.36429020625 0.5045371296875001 0.393393959375 0.505523696875 0.409179046875 0.4653210546875 0.40769919374999997 0.458415078125 0.38944768750000003 0.45940164687499996 0.3778555140625 0.48850540000000003 0.3633036375 0.488012115625
0 0.36503013125 0.6614014296875 0.3640435640625 0.63057118125 0.34505213125 0.6786663671875 0.345545415625 0.690751825 0.49328396249999995 0.692971603125 0.49649030781250003 0.590861821875 0.4708395421875 0.5864222671875 0.463933565625 0.664114490625 0.36503013125 0.6614014296875
0 0.6188247296875 0.706783553125 0.7712494750000001 0.711963034375 0.7739625359375 0.6979044421875 0.7194546578125001 0.598754365625 0.6000799390625 0.5977677984375 0.5986000875 0.6091133296875 0.6188247296875 0.706783553125
0 0.8062726359375001 0.7171425171875 0.9631369359375 0.721582071875 0.9717694046875 0.706043628125 0.8750857484375001 0.60442713125 0.7515181156249999 0.6029472796875 0.7483117703125 0.612812959375 0.8062726359375001 0.7171425171875
0 0.7340065359375 0.5918483906249999 0.849188340625 0.5930816 0.8528879703125 0.581242784375 0.7976401656250001 0.5200755734375 0.700216584375 0.5188423640625001 0.6970102375 0.527721475 0.7340065359375 0.5918483906249999
0 0.69183075625 0.515142734375 0.785061425 0.516869228125 0.7870345609375 0.5067569062499999 0.7527513265625 0.46754083125 0.6688930515625 0.46680090625000004 0.66839976875 0.473213596875 0.69183075625 0.515142734375
0 0.5786220875 0.515142734375 0.6718527562500001 0.515142734375 0.6716061140625 0.5070035484375001 0.6511348296875 0.46630762187499997 0.571222828125 0.4653210546875 0.57072954375 0.47370688124999993 0.5786220875 0.515142734375
0 0.5912008281250001 0.5886420453125 0.7090956953124999 0.5930816 0.7086024109375 0.5800095749999999 0.678265446875 0.5205688578125 0.5805952234375 0.5205688578125 0.5793620125000001 0.5301878953125 0.5912008281250001 0.5886420453125
0 0.4412425046875 0.4154993734375 0.44222907187500005 0.42215870781250003 0.5036429250000001 0.42117213906249995 0.5038895671875 0.41673258437499994 0.4412425046875 0.4154993734375
0 0.5833082843749999 0.42191206562500005 0.5766489515625 0.39527473125 0.5186880859375 0.39502808906250003 0.5186880859375 0.4204322140625 0.5833082843749999 0.42191206562500005
0 0.57344260625 0.3955213734375 0.5692496921875 0.375790015625 0.517208234375 0.374803446875 0.5169615921874999 0.39527473125 0.57344260625 0.3955213734375
0 0.5680164828125001 0.37529673125 0.564316853125 0.3585250765625 0.517208234375 0.3585250765625 0.51844144375 0.3755433734375 0.5680164828125001 0.37529673125
0 0.6306635453125 0.3755433734375 0.6215377921874999 0.3575385078125 0.57763551875 0.3585250765625 0.5788687296874999 0.37529673125 0.6306635453125 0.3755433734375
0 0.5852814203125 0.3967545828125 0.6415157921875 0.39576801562499997 0.643488928125 0.3910818171875 0.632143396875 0.37455680468749997 0.580841865625 0.37603665625 0.579855296875 0.3807228546875 0.5852814203125 0.3967545828125
0 0.5966269515625 0.42265199062500003 0.6632202875 0.42363855937499995 0.661740434375 0.4169792265625 0.6489150515625 0.39576801562499997 0.5909541859375 0.397494509375 0.5887344078125001 0.40144078125 0.5966269515625 0.42265199062500003
0 0.3647834890625 0.4147594484375 0.3645368484375 0.41969228750000004 0.42743055312499995 0.420185571875 0.437789515625 0.394041521875 0.4311301828125 0.390588534375 0.423977565625 0.4137728796875 0.3647834890625 0.4147594484375