0 0.1258993171875 0.5517156359375 0.2220645453125 0.5198786359375 0.21952915625 0.5130573703125 0.1277271359375 0.5425308656250001 0.10052239999999998 0.518497375 0.10041922968749999 0.528796584375 0.1258993171875 0.5517156359375
0 0.2394021875 0.5125447671875001 0.3132613375 0.4890305953125 0.3129955109375 0.480927303125 0.24687751093750002 0.5032985390625 0.213055575 0.4885174046875 0.21660792343750002 0.500602228125 0.2394021875 0.5125447671875001
0 0.306720609375 0.42523035 0.30873288125 0.43766215468749997 0.3539200890625 0.4235299796875 0.35343810000000003 0.41990622499999997 0.3249014546875 0.41390100937499996 0.2933041375 0.4229682453125 0.306720609375 0.42523035
0 0.3247803296875 0.4840869828125 0.383441528125 0.46329783124999996 0.3813878765625 0.4568122921875 0.3434498453125 0.4471212515625 0.31172503906250004 0.45756895000000003 0.31507192968750003 0.4792796703125 0.3247803296875 0.4840869828125
0 0.3358044296875 0.44559855 0.307690928125 0.4391065625 0.31140211875 0.45621998281250004 0.33609075312500003 0.4496931703125 0.3358044296875 0.44559855
0 0.346862028125 0.4468826484375 0.393837253125 0.43216826093750005 0.39236581406250004 0.42747073750000003 0.3603374515625 0.42056673125 0.317149834375 0.4338733078125 0.3172993375 0.44254931875 0.346862028125 0.4468826484375
0 0.396037184375 0.46035973593749996 0.44244610156249997 0.44408480937499994 0.441693696875 0.43659391249999996 0.40341205625 0.42852703906249995 0.35851595468749997 0.4435532234375 0.3591888265625 0.44990672500000006 0.396037184375 0.46035973593749996
0 0.4483114203125 0.48431956249999997 0.450330434375 0.49295318750000006 0.45379531718750005 0.48988031562499995 0.5112936375 0.5025600828125001 0.5148057671874999 0.508258715625 0.560369209375 0.4838432359375 0.5592149359375 0.4754322 0.4999871359375 0.462307253125 0.4483114203125 0.48431956249999997
0 0.5305799015625 0.5071556796875 0.5307453296875 0.5176172718750001 0.5732160734375 0.5299325765625 0.577892390625 0.5239444109375 0.6092850125 0.531656265625 0.6174478390625 0.53504828125 0.6567611328125 0.5062578625 0.656294325 0.4955342890625 0.580413875 0.47904487500000004 0.5305799015625 0.5071556796875
0 0.5704565546875 0.47832586718750003 0.6094172328125 0.45663656250000006 0.6091473953125 0.4487297984375 0.5509813046875001 0.43864425156250003 0.5110377078125 0.45842088125 0.5126371609375 0.46510243593749995 0.5704565546875 0.47832586718750003
0 0.6624262937500001 0.498219140625 0.6975675390625 0.47453245156249996 0.6978413703124999 0.4663046125 0.6261605140625 0.45320129218750005 0.5885491515625 0.47394706875 0.5893823499999999 0.4818144390625 0.6624262937500001 0.498219140625
0 0.667864740625 0.5476571125 0.6673092328125 0.5559046484375 0.7439697109375001 0.5754531593750001 0.7783152249999999 0.5322910875 0.77856935625 0.5237815671875 0.6787184734375 0.5004765812499999 0.63413988125 0.5389761109375 0.667864740625 0.5476571125
0 0.789574609375 0.5232950640625 0.8126745124999999 0.493373928125 0.8130527484375 0.48259126406249997 0.7211361796875 0.46750626406249995 0.6879607765625 0.49501830468749997 0.6895149125 0.5050997296874999 0.789574609375 0.5232950640625
0 0.20446879375 0.5789759078125 0.1826220953125 0.5892381453125 0.1857828015625 0.6032108015625 0.24096663125 0.648119984375 0.2702998765625 0.6304193671875 0.2665060359375 0.6073924749999999 0.2432359859375 0.618118184375 0.20365324999999998 0.58813144375 0.20446879375 0.5789759078125
0 0.4107810703125 0.6304223546875 0.329090171875 0.685266690625 0.2738734015625 0.6450910375000001 0.27238930156249996 0.6342766046875 0.2516721484375 0.650282903125 0.2542098171875 0.6657548890625 0.3302347765625 0.7328628421875 0.40555857812499996 0.6806473796875 0.3973655734375 0.6415507890625001 0.42985704062499996 0.6221735671874999 0.40773689687500003 0.60770698125 0.4107810703125 0.6304223546875
0 0.5808383312500001 0.709879828125 0.5517760515625 0.7366600062499999 0.442223596875 0.741773078125 0.41023119062499996 0.7214459015625 0.406133446875 0.694072975 0.3556119640625 0.7314522359375 0.359547659375 0.74609858125 0.3602137328125 0.750419290625 0.5942252296875 0.7347745171875 0.6067903875 0.72189481875 0.6035283796875001 0.706473484375 0.5810713921875 0.69239439375 0.5808383312500001 0.709879828125
0 0.576608996875 0.6493975296875 0.5802103296875 0.6800806328125 0.6247191015625 0.702444103125 0.6923234640625 0.6231089671875 0.6917485953125 0.609683371875 0.6639856921875 0.5977950078125 0.6644009953125 0.614143284375 0.6145050296875 0.66567248125 0.576608996875 0.6493975296875