0 0.25977181875 0.4463996 0.3462069671875 0.431926709375 0.3454206265625 0.423935221875 0.263205428125 0.43828214218749995 0.2337882890625 0.4094645609375 0.23350583125000002 0.4183528765625 0.25977181875 0.4463996
0 0.3628963125 0.4279399875 0.4327281015625 0.41647100468750003 0.4333514921875 0.40934560624999994 0.372696715625 0.4206271359375 0.345838078125 0.40218434218750004 0.344879990625 0.41596523281250003 0.3628963125 0.4279399875
0 0.4377384484375 0.3526885875 0.4373928921875 0.35663831562500004 0.4686428 0.3530405734375 0.46866070468750004 0.3487003640625 0.4416027234375 0.337468640625 0.41264857812500005 0.33963907031249996 0.4377384484375 0.3526885875
0 0.46336032656250004 0.37826725 0.509661796875 0.372187296875 0.5100477203125 0.36570839843749997 0.476456965625 0.3526387796875 0.4370809484375 0.3560683 0.4378956828125 0.36536585312500003 0.46336032656250004 0.37826725
0 0.4367401109375 0.3806418734375 0.437353015625 0.40258527656250004 0.43650702656249996 0.40811938750000004 0.443670446875 0.41308788124999996 0.5000055062500001 0.40191581249999997 0.50058666875 0.3952730875 0.46433652812500004 0.3774481203125 0.4367401109375 0.3806418734375
0 0.51078644375 0.400688134375 0.5611094234375 0.3920655 0.5602072 0.3858357171875 0.5197492625 0.368547153125 0.47592088906249996 0.3773761765625 0.4750591953125 0.38308982187499996 0.51078644375 0.400688134375
0 0.31770648281249997 0.49782089375 0.31784737500000004 0.50918049375 0.37147889843750004 0.5706090125000001 0.4145734515625 0.55792575 0.41441826718749997 0.5272745343749999 0.377052775 0.539324296875 0.342410409375 0.4943085703125 0.31770648281249997 0.49782089375
0 0.5475108390625001 0.60132863125 0.46952123593749995 0.6302493375 0.4117232140625 0.5775341171874999 0.413123703125 0.568011459375 0.3850626375 0.5774710734374999 0.38578776718749996 0.5951227875 0.46971189999999996 0.686435021875 0.56725320625 0.6285872296874999 0.5707862031250001 0.614144871875 0.584573878125 0.6057059546875 0.5480876765625 0.5752803671875 0.5475108390625001 0.60132863125
0 0.5561108124999999 0.5419404796875 0.5480664921875 0.5690375140625 0.5974044109375 0.6017222078125 0.6787792296874999 0.5600483046875 0.6819674015625 0.5495473234375 0.6547294765625 0.5301434031250001 0.650633425 0.5445365 0.597910803125 0.56999414375 0.5561108124999999 0.5419404796875
0 0.60496505625 0.748763509375 0.5549793453125 0.6910581390625 0.5611936125 0.6524537234375 0.4973508015625 0.6882857484375 0.49604194375 0.7097310609374999 0.5328941546875 0.742458121875 0.60496505625 0.748763509375
0 0.73049749375 0.7211654421875 0.6908498562500001 0.7562774546875 0.7344674578125 0.7600935015625 0.755799953125 0.7432368515625 0.754413246875 0.7266619828125 0.72692901875 0.71007333125 0.73049749375 0.7211654421875
0 0.748197959375 0.6744881203124999 0.741673834375 0.6971792437500001 0.771649690625 0.7241984296874999 0.8443249953124999 0.6522605078125 0.849519078125 0.6447718390625 0.8238717937500001 0.6266418093749999 0.8174250046875 0.641963971875 0.764301403125 0.6849748078125 0.748197959375 0.6744881203124999
0 0.571591646875 0.44899362343749993 0.5898106265624999 0.45980129375 0.5994343375 0.4551150296875 0.6459852781250001 0.47908933593749997 0.6881193734375 0.46508525624999997 0.689253096875 0.456339278125 0.6258639374999999 0.426837784375 0.57305911875 0.44064539218750004 0.571591646875 0.44899362343749993
0 0.701990315625 0.4581907375 0.7433929140625 0.44412266093749997 0.74333339375 0.43637793281250004 0.6799259953125001 0.41129742656249996 0.6357574015624999 0.4232807671875 0.637087925 0.4333479859375 0.701990315625 0.4581907375
0 0.6590380109375 0.48575953125 0.6658272484375 0.48819625625 0.6633402875 0.49977223125 0.73291518125 0.53018345625 0.7419993875 0.5232387000000001 0.7579918734375 0.5342201249999999 0.797236453125 0.5111180796875 0.7972089312499999 0.5030076015625 0.713548053125 0.4650986875 0.6590380109375 0.48575953125
0 0.8472487453124999 0.575567015625 0.8428370421875 0.58808024375 0.9032224484375 0.6140020046875 0.944336725 0.57374175 0.9460601890625 0.5624675265625 0.8254951296874999 0.512484746875 0.776768596875 0.5428652984375 0.8472487453124999 0.575567015625
0 0.9497954375000001 0.5661112562499999 0.981299765625 0.5345925046875 0.9843262312500001 0.5252750234375 0.874619409375 0.48177044531249996 0.8395398281249999 0.5078167203125 0.8351783609375 0.5155432125 0.9497954375000001 0.5661112562499999
0 0.8040621671875 0.504712828125 0.8425890078125 0.48560202343750003 0.843484978125 0.4753610484375 0.765863603125 0.4442458484375 0.7242050140625 0.46123991875000003 0.7209407953125 0.46906240625000006 0.8040621671875 0.504712828125