0 0.5938537328125 0.6242694609375 0.552743090625 0.5780574984375 0.5539434015625 0.561853303125 0.5215350109375 0.5735563328125 0.5203347 0.581058275 0.575849071875 0.653376996875 0.66497214375 0.6134666640625001 0.6658723765625 0.603864178125 0.6538692687500001 0.596062159375 0.6502683375 0.6032640234375 0.5938537328125 0.6242694609375
0 0.6838770375000001 0.610765965625 0.7549954484375 0.575056721875 0.7567959140625 0.5657543140625 0.7387912531249999 0.5504503515625 0.7351903203125 0.5630536140625 0.6832768812500001 0.5861595953125 0.6628716 0.5666545468749999 0.656269890625 0.587059828125 0.6838770375000001 0.610765965625
0 0.5110322921875 0.5420481765625 0.4798242140625 0.50483854375 0.468121184375 0.5087395531250001 0.46872133906249996 0.5165415734375001 0.50833159375 0.5690551671875 0.55454355625 0.5507504296875 0.554843634375 0.53004506875 0.5110322921875 0.5420481765625
0 0.4645202515625 0.4865338046875 0.440213959375 0.454125415625 0.429711240625 0.4571261921875 0.4303113953125 0.46432805625 0.4603191640625 0.5039383109375 0.4810245234375 0.49643636874999997 0.48072444687500004 0.48173256249999996 0.4645202515625 0.4865338046875
0 0.81681145 0.5546514390625 0.874426365625 0.530345146875 0.8777272203125 0.52014250625 0.8000071 0.47483077500000004 0.74689335 0.49733660156250004 0.745092884375 0.505138621875 0.81681145 0.5546514390625
0 0.88943025 0.5243435937500001 0.9386429890624999 0.500937534375 0.9407435328125 0.492535359375 0.8642237234374999 0.4547255703125 0.8138106734375 0.473030309375 0.81321051875 0.4808323296875 0.88943025 0.5243435937500001
0 0.785546703125 0.46959743437499996 0.7257437921875 0.4355401828125 0.6738470296875 0.4507443125 0.672833421875 0.46047495625 0.7277710093749999 0.4963567015625 0.7827085984375 0.477300859375 0.785546703125 0.46959743437499996
0 0.7918310765625 0.4714219296875 0.8406870140624999 0.45378513906249995 0.8423087875 0.4460817125 0.7839249296874999 0.41709250625000005 0.7356771578125 0.43189119218750005 0.7334472187500001 0.43898645312499995 0.7918310765625 0.4714219296875
0 0.767099025 0.416484340625 0.7664908609375 0.40878091562499996 0.7182430890625 0.386278803125 0.6748606390624999 0.3976312203125 0.6750633609375 0.40452375781249994 0.720878471875 0.42986397500000006 0.767099025 0.416484340625
0 0.616274059375 0.41405167968749995 0.615057728125 0.42013333125 0.6580347343749999 0.45094703437500006 0.7097287765625 0.4353374609375 0.71013421875 0.4272285921875 0.6671572125 0.4008747671875 0.616274059375 0.41405167968749995
0 0.581000478125 0.3741154984375 0.62458565 0.3653984640625 0.6237747625 0.3585059265625 0.5919474515625 0.342085465625 0.5524167140625 0.351005221875 0.5524167140625 0.3566814296875 0.581000478125 0.3741154984375
0 0.52342750625 0.38668424687499997 0.5708643906249999 0.3757372734375 0.57066166875 0.3716828390625 0.540253409375 0.3532351609375 0.5173458546874999 0.3568841515625 0.5165349671875 0.38323797656249997 0.52342750625 0.38668424687499997
0 0.4664627 0.39377950625 0.44923135312499995 0.3793862640625 0.44801502343750005 0.38688696875 0.46281370937500005 0.40158429375000004 0.5124805328125001 0.38952235 0.5120750890625 0.3834406984375 0.4664627 0.39377950625
0 0.5436996796875 0.3528297171875 0.58383858125 0.3445181265625 0.5842440250000001 0.3396528046875 0.5599174171875 0.32566500625 0.5209948453125001 0.332760265625 0.5203866796875001 0.33803103125 0.5436996796875 0.3528297171875