0 0.366662015625 0.4810731796875 0.3688005484375 0.4935851109375 0.37958714374999997 0.49552200468749996 0.402758115625 0.47141847031250006 0.4192820828125 0.4765096953125 0.422870228125 0.46225104375 0.39631120625 0.454090265625 0.366662015625 0.4810731796875
0 0.4057001140625 0.43748151875 0.40573219531250004 0.45218467812499996 0.4256541359375 0.4595305265625 0.4571661359375 0.4223643859375 0.4991271640625 0.43976590312499997 0.5001215734375 0.4117144953125 0.452645428125 0.38934853281250004 0.4057001140625 0.43748151875
0 0.6432885390624999 0.36804643125 0.539708803125 0.308780903125 0.4699629390625 0.37800056875 0.468481246875 0.3900679921875 0.498978221875 0.4060619 0.5529096546875001 0.3459248828125 0.6209958890625 0.380008459375 0.625018621875 0.392139271875 0.6424843015625 0.379584565625 0.6432885390624999 0.36804643125
0 0.6651053734375 0.37991221406250003 0.6299410640625001 0.401930684375 0.625929796875 0.42961167187499993 0.6642484375000001 0.401855828125 0.715218028125 0.4356751484375 0.71819288125 0.45135210312499996 0.7455347531250001 0.43817263906250004 0.749504015625 0.42579818437499994 0.6651053734375 0.37991221406250003
0 0.5737038578125 0.5456926453125 0.5723703328124999 0.5565533265625 0.6189360749999999 0.576357634375 0.6694176093750001 0.5592822203125001 0.6749747312500001 0.5489401328125 0.61732605625 0.5296124140625 0.5737038578125 0.5456926453125
0 0.6378085921875 0.51742813125 0.6346756484375 0.5329676109375 0.6895404171874999 0.5550158453125 0.7541110468750001 0.5329332109375 0.7566513125000001 0.5222207015625 0.6991401125000001 0.4967851875 0.6378085921875 0.51742813125
0 0.72132736875 0.505634115625 0.7798971421875 0.5324245421875 0.8694809390625 0.5011637859375 0.86997814375 0.4871380828125 0.811027253125 0.4584634578125 0.7209141703124999 0.48904675781250007 0.72132736875 0.505634115625
0 0.7960079109375 0.520928409375 0.79936388125 0.5384895609375 0.8435902234375 0.557394159375 0.9300303828125 0.53677183125 0.9325706500000001 0.526059321875 0.8816117515625 0.49714105625 0.7960079109375 0.520928409375
0 0.7015971453125001 0.5515964859375 0.7026030203125 0.5633568765625 0.7475809046874999 0.581128815625 0.813136021875 0.5610044656250001 0.8149247484375 0.5514246125 0.7620182625 0.5283918875 0.7015971453125001 0.5515964859375
0 0.633321509375 0.5689369296875 0.634856671875 0.5813747765625 0.6718318671875 0.594489303125 0.726918115625 0.5798166796875 0.7256159015625 0.5704697750000001 0.6816225078125 0.5546561171875 0.633321509375 0.5689369296875
0 0.3126790328125 0.5374883265625 0.312073859375 0.5479565484375 0.32890723125 0.52995861875 0.39086456406250003 0.546068059375 0.390435384375 0.5412542218749999 0.3296006171875 0.5215417171875 0.3126790328125 0.5374883265625
0 0.3880846609375 0.5576295828125 0.3847169703125 0.568438771875 0.40737520937499994 0.5528564515625 0.461503428125 0.5690248437500001 0.462285021875 0.5626592640625 0.40685188125 0.5432699140625 0.3880846609375 0.5576295828125
0 0.4620089421875 0.5704472390625 0.4590352328125 0.589126678125 0.4913745890625 0.5971784296875 0.5197402234374999 0.5877381953125 0.5210625328125 0.579738596875 0.47099581874999996 0.563728815625 0.4620089421875 0.5704472390625
0 0.5028300875 0.5897428687499999 0.5030595234375 0.598953240625 0.5420231546875 0.611219165625 0.5734863359375 0.6014790999999999 0.5754846453125 0.59628315625 0.529150340625 0.5831122265625 0.5028300875 0.5897428687499999
0 0.46890421875 0.602921453125 0.4700445953125 0.60748253125 0.506621878125 0.6197955328125 0.534529071875 0.611319253125 0.5331359375 0.606046975 0.492544228125 0.5959617171875 0.46890421875 0.602921453125
0 0.48332791875 0.5934697703125 0.46100427968749996 0.589708528125 0.45786008593750005 0.6070067078125 0.4863139328125 0.5996177921875 0.48332791875 0.5934697703125
0 0.4803898359375 0.6284774953125 0.5001388265625 0.6227404109375 0.501132040625 0.6174210578125 0.462045 0.606160225 0.4438184921875 0.6188858749999999 0.4803898359375 0.6284774953125