0 0.0907932375 0.3899064484375 0.007388903125 0.4092409 0.0059343140624999995 0.42108757968750005 0.09547753125 0.4000021453125 0.0907932375 0.3899064484375
0 0.1184000421875 0.39229033593749996 0.2076162125 0.3714130765625 0.207120909375 0.36392488125 0.12560066875 0.379734440625 0.088208203125 0.36453268125 0.09115488125 0.3779808234375 0.1184000421875 0.39229033593749996
0 0.1981773859375 0.293748028125 0.1982764671875 0.3045851328125 0.24289556874999998 0.2988302421875 0.24318490312500002 0.29314693125 0.20758105468750002 0.2820352734375 0.176686559375 0.2857989390625 0.1981773859375 0.293748028125
0 0.21804215 0.36528155 0.2863014640625 0.3499704203125 0.2851504859375 0.3410466 0.23937658437499998 0.32460133281250003 0.20524514374999997 0.331439703125 0.20950648749999998 0.3599443765625 0.21804215 0.36528155
0 0.201620171875 0.3115975421875 0.204352821875 0.3309277734375 0.227428371875 0.32763377031249996 0.22741054218749998 0.319461815625 0.201620171875 0.3115975421875
0 0.23975493593750002 0.324996359375 0.290978584375 0.31535478906250003 0.292146878125 0.3091666703125 0.251007953125 0.2965584109375 0.20305308593750002 0.3061928484375 0.20465233125 0.3131292671875 0.23975493593750002 0.324996359375
0 0.29878760312499997 0.34490779531250004 0.3525740140625 0.33435542812499996 0.3504488203125 0.3283756515625 0.302966409375 0.3125375828125 0.253048846875 0.3215225421875 0.25381854375 0.32856135000000003 0.29878760312499997 0.34490779531250004
0 0.369809565625 0.383819753125 0.3689876328125 0.39051385625 0.38262545625 0.3947365046875 0.3882232921875 0.3883456828125 0.4356596296875 0.40323016406249995 0.4465474328125 0.4090970328125 0.48544913437500004 0.39433786875 0.48783196406249996 0.3841547828125 0.42253974375 0.364812865625 0.369809565625 0.383819753125
0 0.4949897015625 0.38564680625 0.5322129343750001 0.36841654375 0.5310824203125 0.3614827125 0.4728709078125 0.3444258265625 0.43427742968749994 0.3566747015625 0.432242015625 0.3663341953125 0.4949897015625 0.38564680625
0 0.512193071875 0.390590375 0.4639305734375 0.41241083125 0.46412158281250004 0.42007868750000005 0.5199011875 0.44080073437499995 0.530274928125 0.43471319375000006 0.5557400609375 0.444068690625 0.58508006875 0.4241717328125 0.5843262734375 0.41416977031249996 0.512193071875 0.390590375
0 0.5887358734375 0.4148191375 0.619578171875 0.39652226874999996 0.6195926453125 0.3871808875 0.5531797953125001 0.36543636875 0.5175615953125 0.38342995625 0.5170577749999999 0.3921449984375 0.5887358734375 0.4148191375
0 0.5626462296875 0.4476603265625 0.60852166875 0.46603379218749996 0.6053363234375 0.475835215625 0.6588503140624999 0.49656220781249993 0.6879745953125 0.4576693203125 0.6876759 0.44857261406250004 0.6001921593749999 0.4185783953125 0.5626462296875 0.4476603265625
0 0.694616028125 0.45112351093749997 0.7146683203124999 0.42385739375 0.7144773109375 0.4161895390625 0.6363105890625 0.39101994375000004 0.6083016359375 0.41391159375 0.60744545625 0.4208846171875 0.694616028125 0.45112351093749997
0 0.10104513749999999 0.47010596875 0.0760511296875 0.4785708125 0.0747788078125 0.49615877968750005 0.15140325625 0.547709528125 0.19663000625 0.5262027859375 0.1929109359375 0.4986862546875 0.1549369953125 0.515316665625 0.10243308124999999 0.4804792953125 0.10104513749999999 0.47010596875
0 0.36415001875 0.5362206031250001 0.278833396875 0.580752025 0.20720034062499998 0.5391298421874999 0.20532946718749998 0.5326896624999999 0.179139475 0.5436692859375001 0.18103358281249998 0.560758834375 0.290081875 0.6300424765625 0.37033795468749997 0.5689199265625 0.369478853125 0.55062665 0.3966347078125 0.53178073125 0.3629534734375 0.5134498453125 0.36415001875 0.5362206031250001
0 0.5363367828125 0.6137814765625 0.47445862187500004 0.6878070640625 0.37284735156250004 0.6229854109375 0.3717930734375 0.5918302468750001 0.3186851 0.630557090625 0.3169835078125 0.6516411875 0.4413538234375 0.7334260359375 0.4723819765625 0.7372358140624999 0.5597901765625 0.62508968125 0.5595445578125 0.612638590625 0.5403540109375 0.6027410078125001 0.5363367828125 0.6137814765625
0 0.5396216015624999 0.5665177328125 0.5351369359375 0.5885909265625 0.5681665171875 0.60861621875 0.6231138234375 0.5368448640625 0.6246699296875 0.5241713921875 0.60373131875 0.5140591734375 0.599070184375 0.5303438375 0.5612577796875 0.570948740625 0.5396216015624999 0.5665177328125