0 0.9951934390625 0.5618431890625 0.9961217921875001 0.55034016875 0.96585430625 0.55243229375 0.8721056062500001 0.4920331578125 0.8666429265625 0.5010432640625 0.9680297234375 0.5662525781250001 0.9951934390625 0.5618431890625
0 0.8729838593749999 0.48488036250000005 0.882185909375 0.4690687609375 0.8417373140625 0.47523526406250005 0.7843217953125 0.43430258593750004 0.7780225093750001 0.4422418859375 0.8481458578125001 0.49005935312500004 0.8729838593749999 0.48488036250000005
0 0.7769263484375 0.43145836875 0.79031926875 0.3972837046875 0.783810525 0.3911600703125 0.719879034375 0.39541131875 0.7161396640625 0.4022128125 0.7668037875 0.4350558953125 0.7769263484375 0.43145836875
0 0.797227021875 0.38434355937500003 0.8063771765625001 0.3690176046875 0.7868594453125 0.3597353109375 0.7388722796875 0.361111590625 0.7356393640625 0.36874809218750004 0.7796336875 0.3936597328125 0.792440378125 0.3921718328125 0.797227021875 0.38434355937500003
0 0.7623442234375 0.3911543078125 0.765200278125 0.38347153437500003 0.7227596828125 0.3583681203125 0.6685576046875 0.3605114875 0.6645246874999999 0.36843230781249997 0.7100794171875 0.3962133609375 0.7623442234375 0.3911543078125
0 0.654978365625 0.5154184703125 0.6671568234375 0.5287561875 0.6563523906250001 0.5604895828124999 0.7013564453125001 0.6119046546875 0.8128441890625 0.5920401828124999 0.8199905359375 0.5820621203125 0.7975780375 0.5556254265625 0.7899542 0.5694923265625 0.707189075 0.58449513125 0.6631313828125001 0.5213538640625 0.6640777453125 0.509627671875 0.654978365625 0.5154184703125
0 0.47896671562500004 0.5303209984375 0.47638298125 0.543326446875 0.5242962921875 0.6474026296875001 0.6618373859375 0.6243224781250001 0.6661778640625 0.6090655671875 0.648566725 0.5837118390625 0.645488271875 0.59270908125 0.550630221875 0.6057336249999999 0.5162177 0.5363751437500001 0.51990163125 0.5264653796875 0.47896671562500004 0.5303209984375
0 0.30015230625 0.680573465625 0.4804361328125 0.6469516078125 0.4844781796875 0.63412521875 0.44957031875000003 0.532632771875 0.44342327031249995 0.6108272875 0.3219063921875 0.6279800359375 0.31565346875 0.5462892625 0.29932220625 0.5506986656249999 0.30015230625 0.680573465625
0 0.4970030296875 0.4999690015625 0.47478619687499996 0.45184528124999995 0.447027171875 0.4528777984375 0.4454753328125 0.46551651562499996 0.4762802171875 0.52406994375 0.5163026109375 0.5196088484375 0.5234231125 0.4977852171875 0.4970030296875 0.4999690015625
0 0.562974765625 0.41678420781250003 0.5974795671875001 0.41707340000000004 0.6013253265625 0.39780828125 0.57673828125 0.3770257828125 0.5065177234375 0.3782724421875 0.5051960140625 0.38501821875000003 0.5210331796875 0.40472636562500003 0.5569962937499999 0.40519461718749994 0.562974765625 0.41678420781250003
0 0.570052190625 0.37521796875 0.5705296796875 0.3713291328125 0.5460533921875 0.3456259046875 0.4809326234375 0.34552500625000004 0.479917959375 0.35378878281250004 0.5028165625 0.3802851625 0.570052190625 0.37521796875
0 0.47954385625 0.40505988125 0.5032349875000001 0.4050081875 0.4820931296875 0.376260346875 0.4048880515625 0.3781297140625 0.403088853125 0.388764325 0.41810764218749996 0.42317497968750006 0.47921158750000004 0.4198220734375 0.47954385625 0.40505988125
0 0.47940663125 0.3700092890625 0.46349254999999995 0.34289020312499996 0.3944915625 0.3462603375 0.390739328125 0.352707684375 0.4035577265625 0.3809269671875 0.480396071875 0.37802570625 0.47940663125 0.3700092890625
0 0.394262678125 0.40840479375000005 0.38239925937499997 0.3724078375 0.2911143828125 0.3804433515625 0.2909107234375 0.426307615625 0.310533959375 0.4272367453125 0.31213686875 0.41016340468749996 0.394262678125 0.40840479375000005
0 0.2919407515625 0.3415636109375 0.291907534375 0.3820210375 0.3788260859375 0.377396871875 0.371158546875 0.34339540468749996 0.2919407515625 0.3415636109375