0 0.1365353453125 0.5237434375000001 0.22865919375 0.4994371453125 0.226858728125 0.494635903125 0.1365353453125 0.5162414953125001 0.11162889843749998 0.49313551406249995 0.1113288203125 0.50063745625 0.1365353453125 0.5237434375000001
0 0.247110328125 0.4948643453125 0.320563709375 0.475349865625 0.3183710703125 0.46942974218750005 0.25456529843750003 0.48499747343750005 0.22693805625 0.47578839375 0.2271573203125 0.48368189062500005 0.247110328125 0.4948643453125
0 0.315520640625 0.4143945234375 0.31815180781249996 0.424699921875 0.3249489859375 0.42557697812499995 0.32560677656250003 0.42206875625 0.36090825312499997 0.41527157812500004 0.3611275171875 0.41132482968749995 0.3348158578125 0.4036505953125 0.30170702031249996 0.41000924687499996 0.315520640625 0.4143945234375
0 0.33152689999999996 0.470087534375 0.3891932859375 0.4558353859375 0.387877703125 0.4485996796875 0.35279549062500004 0.43654016875 0.3192481265625 0.4444336671875 0.3214407640625 0.46767563125 0.33152689999999996 0.470087534375
0 0.3188095984375 0.44377587500000004 0.3427093546875 0.4389520703125 0.34205156406250004 0.43434753125 0.31727475156249996 0.4257962421875 0.3188095984375 0.44377587500000004
0 0.3521377 0.4378557515625 0.40081426875000004 0.42776961562500004 0.3994986859375 0.41987611874999997 0.3679246953125 0.41373673125000004 0.3260453046875 0.4218494921875 0.3253875125 0.42798887968750005 0.3521377 0.4378557515625
0 0.4016913234375 0.45254642812499996 0.4483945171875 0.4404869171875 0.4472981984375 0.43237415625000003 0.41111966874999994 0.423603603125 0.3668283765625 0.43588237812499997 0.366170584375 0.4413639734375 0.4016913234375 0.45254642812499996
0 0.191724153125 0.5781062921875 0.24187983906250002 0.6217902765625001 0.2746428265625 0.6092513546875 0.2726204203125 0.58619591875 0.2463291328125 0.596712434375 0.2103302953125 0.5599046328124999 0.191724153125 0.5647584078125 0.191724153125 0.5781062921875
0 0.25563220468750003 0.63958745625 0.3264164375 0.70430446875 0.400436521875 0.661024965625 0.39720067187499997 0.629879903125 0.410144075 0.6213857953125 0.4234919578125 0.61410513125 0.40488581718749994 0.600757246875 0.4069082234375 0.6189589078125 0.32601195625 0.6630473734375 0.27504730781250003 0.6177454640625 0.253205315625 0.625026128125 0.25563220468750003 0.63958745625
0 0.3510898 0.7237195734374999 0.369695940625 0.7386853828125 0.56222905625 0.7390898640625 0.5844755296875 0.716438909375 0.5844755296875 0.703091025 0.5650604265625 0.687316253125 0.56384698125 0.7014731000000001 0.520162996875 0.7366629765625 0.44250258125 0.7374719390625 0.40245892968749997 0.70106861875 0.400436521875 0.6763952578125 0.3498763546875 0.7091582453124999 0.3510898 0.7237195734374999
0 0.606722003125 0.6990462125 0.67629279375 0.6294754218749999 0.6791241625 0.61370065 0.65121495 0.6035886171875 0.649597025 0.6238126828125 0.5994413390625 0.6666877046875 0.5674873140625001 0.6492950078125 0.5662738703125 0.6743728499999999 0.606722003125 0.6990462125
0 0.45247013125 0.4897657421875 0.4581218515625 0.4884359265625 0.50632770625 0.5037288171875 0.5126443359375 0.5087156296875001 0.5608501921875 0.489100834375 0.5611826453125001 0.48178684218749995 0.503003165625 0.4635018625 0.45379994687499997 0.48112193437500006 0.45247013125 0.4897657421875
0 0.6097209546875 0.4658290421875 0.6103858640625 0.46050977499999995 0.5542011078125 0.4448844296875 0.514971515625 0.45984486718750006 0.5153039703125 0.4674913125 0.5681641828124999 0.48278420468750005 0.6097209546875 0.4658290421875
0 0.571488725 0.5306576062499999 0.5761430828125 0.527997971875 0.6027394171875 0.5353119640624999 0.6123805890625 0.5402987765625 0.6526075437500001 0.51868925625 0.6526075437500001 0.506055996875 0.5801325328125 0.485111384375 0.528934590625 0.5123726265624999 0.5302644078125 0.5183568015625 0.571488725 0.5306576062499999
0 0.65759435625 0.5562565765625 0.65759435625 0.5629056609374999 0.7317316375 0.587174815625 0.7669717796875 0.5489425859375 0.76863405 0.5389689609375 0.6748819734375 0.5123726265624999 0.6296682046875001 0.5449531359375 0.65759435625 0.5562565765625
0 0.6599215359375 0.5093805390624999 0.6951616781250001 0.4874385640625 0.6948292234375 0.47945966249999994 0.6276734796875 0.463169409375 0.589108796875 0.482119296875 0.5907710671874999 0.490098196875 0.6599215359375 0.5093805390624999
0 0.7779427671875 0.5429584109375 0.8055364640624999 0.5120401718750001 0.8058689171875001 0.505058634375 0.719098378125 0.4837815671875 0.686185415625 0.5087156296875001 0.6871827781250001 0.5153647140625 0.7779427671875 0.5429584109375