0 0.2150382359375 0.551812396875 0.21613350625 0.561304746875 0.253737815625 0.5952581515625 0.2763734203125 0.58394035 0.2745479671875 0.5689716453125 0.258483990625 0.5770036328125 0.23183239375000003 0.555098209375 0.2285465796875 0.5481614921875 0.2150382359375 0.551812396875
0 0.262865075 0.6091315859375 0.3132475484375 0.658783878125 0.36582056406249996 0.6328624609375 0.36363002187500004 0.6080363156249999 0.314707909375 0.6292115578125 0.27783378124999997 0.5919723390625 0.25994435312499997 0.5996392359375 0.262865075 0.6091315859375
0 0.3286210703125 0.659462571875 0.3295573140625 0.6716337218749999 0.391349309375 0.731553234375 0.408201671875 0.7407754375 0.5090037671875 0.6725699656249999 0.509627928125 0.6603988140625 0.49152724374999995 0.64916390625 0.493399728125 0.659150490625 0.42286946875 0.7006572359375001 0.3670070078125 0.655093440625 0.3673190890625 0.6413618859375 0.3286210703125 0.659462571875
0 0.530849421875 0.6600867328125 0.6016917609375 0.6089054843749999 0.6010676 0.5989188984375 0.5773494593749999 0.5879960703125 0.5767252984375 0.5995430609375 0.5277286140624999 0.6329357046874999 0.4921514046875 0.61483501875 0.4921514046875 0.6354323515625 0.530849421875 0.6600867328125
0 0.658178384375 0.578945728125 0.70249385625 0.54773765 0.7028059375 0.541183953125 0.6275944671875 0.515593328125 0.5785977828125 0.5393114671875 0.5792219453125 0.545553084375 0.658178384375 0.578945728125
0 0.713728765625 0.5421201953125 0.7458730859375 0.518089975 0.7471214093749999 0.511224196875 0.6778394750000001 0.4893785421875 0.637581053125 0.511536278125 0.638829375 0.51715373125 0.713728765625 0.5421201953125
0 0.560497096875 0.49218726874999996 0.61823204375 0.5109121156249999 0.6553696578125 0.4928114296875 0.6559938187500001 0.486257734375 0.5960743078124999 0.4700295328125 0.5601850171875 0.4846973296875 0.560497096875 0.49218726874999996
0 0.49839302031250005 0.470965775 0.5458293000000001 0.48688189531250003 0.5829669140625 0.472838259375 0.5835910765625 0.4662845625 0.5370910390625 0.45130468593749995 0.497768859375 0.46503624062500004 0.49839302031250005 0.470965775
0 0.44097015468749995 0.49015874375 0.48653395 0.5102879546875 0.5327219078125001 0.4912510265625 0.5324098265625 0.4850094109375 0.48840643593750005 0.468469128125 0.4394097515625 0.48344900625 0.44097015468749995 0.49015874375
0 0.5024500703125 0.517621853125 0.561121259375 0.5421201953125 0.607933378125 0.51777789375 0.6091816999999999 0.5109121156249999 0.5492621890625 0.49031478437500003 0.501201746875 0.5106000359375 0.5024500703125 0.517621853125
0 0.3280524125 0.4659889875 0.3383831109375 0.47378971875 0.389404115625 0.45966406875 0.3891932859375 0.45460413437499997 0.359044509375 0.44258679062499995 0.326787428125 0.4491225390625 0.3280524125 0.4659889875
0 0.4020539515625 0.45692327187500004 0.44506339375000004 0.44638174062499997 0.44443090312500005 0.4402676546875 0.41301714375 0.430358615625 0.37000770156249996 0.440478484375 0.3710618546875 0.44553841875 0.4020539515625 0.45692327187500004
0 0.3617853078125 0.44279762187499994 0.4031081046875 0.432677753125 0.4031081046875 0.42951529375 0.377386771875 0.4196062546875 0.3345881609375 0.4286719703125 0.33627480468750004 0.4349968890625 0.3617853078125 0.44279762187499994
0 0.3263657671875 0.4297261234375 0.330793209375 0.43099110781250005 0.3345881609375 0.4290936328125 0.369375209375 0.42150373124999996 0.36979687031249997 0.41707628750000003 0.34576218281250004 0.41011887812500003 0.30949931875000003 0.41749795 0.326787428125 0.42529868125 0.3263657671875 0.4297261234375
0 0.264170740625 0.4923428125 0.32657659843750003 0.4763196859375 0.3244682921875 0.47189224375 0.2673332 0.48454207968749996 0.24266601875 0.4702055984375 0.24329851093750002 0.479060484375 0.264170740625 0.4923428125
0 0.1718269375 0.5098417515625 0.1513763703125 0.4885478609375 0.148846403125 0.4896020140625 0.1501113859375 0.4978244078125 0.1714052765625 0.5170099921875 0.247725953125 0.4976135765625 0.24625013906249998 0.49213198125 0.1718269375 0.5098417515625