0 0.1988705 0.5902579343750001 0.2024892875 0.6002376234375 0.325957909375 0.5757071296875 0.3294920875 0.5376448578125 0.324451290625 0.527103159375 0.2220064671875 0.54087085625 0.22120606875 0.53956804375 0.1988705 0.5902579343750001
0 0.34853306875 0.5220245765625 0.351846975 0.5702317 0.46102968281249995 0.547726821875 0.4418609328125 0.5042202796875 0.34853306875 0.5220245765625
0 0.497805559375 0.6065614796875 0.4683610625 0.548892753125 0.3517685140625 0.56933489375 0.3568794203125 0.6484108640625 0.49757749687499997 0.6177267171875 0.497805559375 0.6065614796875
0 0.184483825 0.6032487375 0.1413091484375 0.68474180625 0.14720547343749998 0.7004920375 0.3124873203125 0.6643436265625 0.31961028593749996 0.59082425625 0.3197337359375 0.5784632765625 0.184483825 0.6032487375
0 0.49401723437499995 0.5460456812500001 0.5886567015625 0.5260180671875 0.59170595625 0.5161121265624999 0.5519815078125 0.4855492609375 0.46967320937499996 0.498473559375 0.47071934843749996 0.510430990625 0.49401723437499995 0.5460456812500001
0 0.5377507546875 0.6121034453124999 0.661917653125 0.58527538125 0.6579718640625 0.5711618453125 0.5990671484375001 0.5245048234375 0.49999595 0.5455226109375 0.49893463281250006 0.554049734375 0.5377507546875 0.6121034453124999
0 0.7874003578125001 0.5149559531250001 0.86964144375 0.4978204 0.8709232359374999 0.488370315625 0.7973667359375 0.46016492500000006 0.7198824703125 0.4765830859375 0.72021121875 0.4837836984375 0.7874003578125001 0.5149559531250001
0 0.891994415625 0.4916476328125 0.9660483734374999 0.47733693125 0.9687725390624999 0.46715820625 0.8834042796875 0.4451070171875 0.8138605125 0.459324353125 0.8134606218749999 0.46508259531249996 0.891994415625 0.4916476328125
0 0.9023455078125 0.45158292031249997 0.994473428125 0.47515128281249996 0.9994082750000001 0.4714060765625 0.998236415625 0.46307433124999997 0.99549395625 0.4386139046875 0.9626186062500001 0.43124850937500003 0.9021736812500001 0.446175921875 0.9023455078125 0.45158292031249997
0 0.8795965765625 0.44634381875000007 0.9398882390625 0.4365506234375 0.9428739390624999 0.4293612578125 0.8704681937500001 0.41430904062499996 0.8201460234375 0.4244349140625 0.8190959546875 0.429647590625 0.8795965765625 0.44634381875000007
0 0.7419218703125 0.4427251515625 0.793039621875 0.4623508421875 0.8597509515624999 0.450188653125 0.862385409375 0.44242757031249996 0.8013915296875 0.42697939218750003 0.7413988015624999 0.436746434375 0.7419218703125 0.4427251515625
0 0.7894453453125 0.424711084375 0.8078261031249999 0.42822378437499997 0.8622549125000001 0.41683495312499996 0.862486634375 0.41259754531250004 0.8581184593750001 0.41087114375 0.8065220859375 0.420204825 0.7900395578125 0.417730946875 0.7894453453125 0.424711084375
0 0.7865718484374999 0.422853915625 0.7318553515625 0.430954453125 0.7106646515625 0.42286800781249995 0.7105150484375 0.4349300546875 0.7318216078125 0.44089779375000004 0.788940840625 0.42927358125000004 0.789770434375 0.42498386562499996 0.7865718484374999 0.422853915625
0 0.7067708968749999 0.43345028125 0.706161778125 0.4368170359375 0.6466884609375 0.44563496406249997 0.6185288718749999 0.43363985937500005 0.6192088625000001 0.44141219062500003 0.6513330765625 0.4539641078125 0.715028896875 0.44176451875 0.7067708968749999 0.43345028125
0 0.70930385625 0.4796171625 0.7776257265625001 0.465205503125 0.7791429 0.45844584062499993 0.7265304718750001 0.438950915625 0.6629505140624999 0.4490318015625 0.6605365328125 0.4558699234375 0.70930385625 0.4796171625
0 0.4422847984375 0.48011036718750005 0.43257102812500003 0.4622306625 0.43275176406250004 0.4773700578125 0.3775219796875 0.4850615109375 0.3734907890625 0.4684003296875 0.3594935703125 0.470196821875 0.364611815625 0.500917290625 0.4425720453125 0.4866620234375 0.4422847984375 0.48011036718750005
0 0.5237975578125 0.463971584375 0.47162189374999997 0.47225367812499996 0.460514075 0.454781884375 0.4508603796875 0.45719918281250005 0.452068096875 0.4661008625 0.4650399421875 0.4852682328125 0.5393607499999999 0.47190326875000005 0.5392703828125 0.46433357031250005 0.52218726875 0.45210267968749995 0.5237975578125 0.463971584375
0 0.3368606953125 0.47460749375000005 0.3251886703125 0.47519974375 0.3239833015625 0.49410623593749997 0.2629795703125 0.5028032515625 0.26036899375 0.489306175 0.24802985312499998 0.5116887859375 0.249680984375 0.519121934375 0.3382029671875 0.5046575015625 0.3399058765625 0.4816327328125 0.3368606953125 0.47460749375000005
0 0.611901696875 0.436083915625 0.616542140625 0.4344827984375 0.614850746875 0.4275686421875 0.609412434375 0.42750119218749993 0.586788584375 0.42100595937499996 0.587366753125 0.423888878125 0.611901696875 0.436083915625