0 0.25896703906249996 0.5521762156250001 0.26016735 0.561178546875 0.2799724765625 0.541673496875 0.3438890234375 0.5557771484375 0.3438890234375 0.5494755171875 0.2766716234375 0.5344716328125 0.25896703906249996 0.5521762156250001
0 0.340288090625 0.5629790125 0.34118832499999996 0.5749821203125001 0.35829275156249996 0.559078003125 0.41650782187499996 0.569580721875 0.41650782187499996 0.5620787796875 0.35679236406250003 0.550075671875 0.340288090625 0.5629790125
0 0.4198086765625 0.5704809546875 0.4195086 0.5890857703125 0.44877165156250004 0.594911034375 0.47704791406249997 0.58145700625 0.47841612031249997 0.57507204375 0.42847659218749995 0.5643544281249999 0.4198086765625 0.5704809546875
0 0.4421586546875 0.593542828125 0.4186711140625 0.5892101750000001 0.41616273593750003 0.60973326875 0.44261472343749997 0.596279240625 0.4421586546875 0.593542828125
0 0.4168468390625 0.6142939562499999 0.40134050156249995 0.62067891875 0.4391942078125 0.6266078125 0.4617696109375 0.61885464375 0.46154157656250006 0.61338181875 0.42300376718750005 0.607224890625 0.41707487343749994 0.610873440625 0.4168468390625 0.6142939562499999
0 0.4287046265625 0.604944546875 0.42984479843749995 0.609505234375 0.4661022640625 0.615890196875 0.4932383546875 0.605400615625 0.49278228593750006 0.5996997562499999 0.4517360984375 0.5933147937500001 0.4287046265625 0.604944546875
0 0.46108550781249996 0.5905783812500001 0.46108550781249996 0.594911034375 0.5012195578124999 0.60426044375 0.5313200953125 0.5933147937500001 0.5326883015625 0.586245728125 0.4877655296875 0.577124353125 0.46108550781249996 0.5905783812500001
0 0.5247070984375 0.539726715625 0.5247070984375 0.5481639875 0.5737344890625 0.562530153125 0.622533846875 0.540638853125 0.6223058124999999 0.5347099578125001 0.5678055953125 0.5198877234375 0.5247070984375 0.539726715625
0 0.5855922765625 0.558425534375 0.5844521046875 0.5629862218749999 0.62823470625 0.5759841812500001 0.6765779937499999 0.559793740625 0.676349959375 0.551584503125 0.6325673593750001 0.5376744062500001 0.5855922765625 0.558425534375
0 0.5855922765625 0.5096261765625 0.5887847578125001 0.5189755859375 0.63918035625 0.5363061984375 0.6989253625 0.5098542109374999 0.697785190625 0.5018730078125 0.64510925 0.4813499140625 0.5855922765625 0.5096261765625
0 0.6487578 0.5303773046875 0.648529765625 0.541550990625 0.6934525375 0.554776984375 0.753425578125 0.5333417515625001 0.752969509375 0.5235362734375 0.707818703125 0.5066617296875 0.6487578 0.5303773046875
0 0.665860378125 0.48340222343750006 0.71853631875 0.5039253171875 0.802224934375 0.47200050468750004 0.8008567281250001 0.4621950265625 0.7463565125 0.43346269531250003 0.664492171875 0.47473691718750005 0.665860378125 0.48340222343750006
0 0.73130624375 0.5000487328125 0.7299380375 0.5082579703125 0.7755449125 0.5280969609375 0.8571812187500001 0.4995926640625 0.85626908125 0.49183949531250004 0.8143107562499999 0.4658435765625 0.73130624375 0.5000487328125
0 0.3108403171875 0.4927101828125 0.312296925 0.499993228125 0.3251150828125 0.5064023062499999 0.3487121453125 0.47377426875 0.366482771875 0.4772701296875 0.368522025 0.4618300765625 0.3420117453125 0.45571232031250003 0.3108403171875 0.4927101828125
0 0.351916684375 0.4402722671875 0.351334040625 0.4545470328125 0.367648059375 0.45804289374999996 0.39532362656250003 0.42104503125 0.44630493437499996 0.4361937625 0.44543096875000004 0.41259670000000004 0.397362878125 0.3933694640625 0.351916684375 0.4402722671875
0 0.5814782296875001 0.35578895625 0.47572843125000003 0.301020465625 0.40843310625000007 0.37647280156249996 0.4090157484375 0.388125671875 0.446887578125 0.403565725 0.44543096875000004 0.3922041765625 0.49641227656250003 0.340640225 0.5680774296875 0.3732682625 0.5666208203124999 0.380842628125 0.5811869078125 0.36918975781249996 0.5814782296875001 0.35578895625
0 0.6828582015625 0.40880951718749997 0.601288109375 0.3680244703125 0.5654555328125 0.396865325 0.5686600734375 0.42133635312499995 0.6004141453125 0.3939521078125 0.6578045312499999 0.419588421875 0.6578045312499999 0.4361937625 0.6837321671875001 0.419588421875 0.6828582015625 0.40880951718749997