0 0.409216059375 0.5868015609375 0.39520075625 0.57627656875 0.397253871875 0.5882790109375 0.3815862953125 0.6551550171875 0.28119888125000003 0.65131689375 0.2735620859375 0.603347384375 0.23731139687499997 0.66675939375 0.2396523453125 0.6787819625 0.3897685015625 0.6829158078125 0.409216059375 0.5868015609375
0 0.4417492546875 0.5806885203125 0.43480099843750003 0.5807811328125 0.42017820156249996 0.686488465625 0.5662445609375 0.6906283640625 0.56828149375 0.6780442046874999 0.5539982171875 0.5844883609375 0.5448278046875 0.5832686218750001 0.537338353125 0.6614184078124999 0.440612265625 0.6589932734375 0.4417492546875 0.5806885203125
0 0.6215563109375 0.5200839296875001 0.6187967671875 0.5305928734375 0.6455091046875 0.591176665625 0.75378878125 0.593831225 0.7557049515625 0.5829740671875 0.7145003109375 0.522823078125 0.6197830046874999 0.5164890390625 0.6215563109375 0.5200839296875001
0 0.692247171875 0.7086950296875 0.8335008734375 0.7113414312499999 0.8427336406249999 0.699260453125 0.7717673171875 0.6014517046875001 0.655200853125 0.5973499546875 0.6530169765625 0.607899153125 0.692247171875 0.7086950296875
0 0.798127225 0.605030415625 0.7956152609375 0.616135153125 0.8669761062499999 0.7165746546875 0.9855574046875001 0.720817296875 0.9884758703125 0.68226310625 0.9139308249999999 0.607632615625 0.798127225 0.605030415625
0 0.7772441765625 0.5934467015625 0.8834083843749999 0.5973995359375001 0.8896621828125 0.5865564515624999 0.8256180687500001 0.5262545765625 0.734481578125 0.522484859375 0.7309189171875 0.5320699203125 0.7772441765625 0.5934467015625
0 0.616751275 0.5146726875 0.703747446875 0.5173013671875 0.7051927109375 0.5082576765625 0.6770984640625 0.46829160312500007 0.5989819265625 0.46364202812500005 0.5977813140625 0.472093178125 0.616751275 0.5146726875
0 0.723739728125 0.5191057984375 0.8115448125 0.52179104375 0.8143632484375001 0.5134530234375 0.7743234125 0.4728548484375 0.6965406265625 0.469244696875 0.6941407875000001 0.47740877031249995 0.723739728125 0.5191057984375
0 0.5368949984375 0.4186571359375 0.6004652671875 0.4220863203125 0.600931925 0.4154127984375 0.5898503328125 0.393706571875 0.5329253031250001 0.3911485046875 0.5324727859375 0.39761979687500004 0.5368949984375 0.4186571359375
0 0.6150822421875 0.4222955703125 0.6773684375 0.4266510453125 0.6788320953125 0.4202504578125 0.661208503125 0.3991028546875 0.6045139828125 0.39615447187499997 0.602340403125 0.4010828984375 0.6150822421875 0.4222955703125
0 0.597971984375 0.39671309374999997 0.6519060203125 0.3984523625 0.654498196875 0.3933499875 0.6397567234375 0.377484340625 0.5911796015624999 0.3746971484375 0.5884417609375 0.37897646875 0.597971984375 0.39671309374999997
0 0.587454653125 0.37565597500000003 0.6371136203125001 0.37750273437500004 0.6378150406249999 0.37328423125 0.626167803125 0.35966712031250003 0.5804077296875 0.35728013281250004 0.580082484375 0.3619313734375 0.587454653125 0.37565597500000003