0 0.736389890625 0.4262511875 0.6642653875 0.3720302765625 0.6204654765625001 0.3944212078125 0.61859718125 0.41566626093750003 0.6584966703124999 0.3965372984375 0.7106127671875 0.4360648625 0.7070962 0.44769296875000003 0.7364443140625 0.4363121 0.736389890625 0.4262511875
0 0.462468265625 0.364463434375 0.4987116796875 0.38482513125 0.4988789578125 0.371038440625 0.5549443078125 0.326910871875 0.623967878125 0.371232465625 0.6239077703125 0.37800475625 0.6390592453124999 0.37115083125 0.6408271734375 0.3581777921875 0.543852053125 0.2883223015625 0.4656083390625 0.3547722140625 0.462468265625 0.364463434375
0 0.45111628281250005 0.367282 0.4020517296875 0.4090015109375 0.3965376109375 0.4179800078125 0.41119237656249996 0.426607546875 0.44618843124999996 0.39521882812500003 0.49143019375 0.415822075 0.49383032968749996 0.403474440625 0.4957530484375 0.392290296875 0.45111628281250005 0.367282
0 0.356637675 0.45008286093749994 0.35389482499999997 0.4599953125 0.3683113953125 0.4647561609375 0.36780865 0.4589459953125 0.39201799375 0.4385170734375 0.4070113421875 0.4453485875 0.4108024171875 0.43172278906250006 0.3892515984375 0.4208420171875 0.356637675 0.45008286093749994
0 0.2961153390625 0.502978959375 0.295319753125 0.509926334375 0.313238003125 0.493101946875 0.373412928125 0.5157847078125 0.3774639609375 0.5103578796875 0.3144850953125 0.4866862109375 0.2961153390625 0.502978959375
0 0.3724453 0.5264715890625 0.370434928125 0.53395961875 0.3892178703125 0.52296273125 0.44197889375 0.54154111875 0.4441350046875 0.537299521875 0.391920396875 0.51705184375 0.3724453 0.5264715890625
0 0.44260042187500004 0.5537575609375 0.44143371093750006 0.5631850875 0.47127012968750004 0.5735344312499999 0.49951039374999995 0.5652636156249999 0.501384284375 0.5601903781249999 0.4531944109375 0.5415018125 0.44260042187500004 0.5537575609375
0 0.4476573609375 0.5802634203125 0.447785321875 0.5841722109374999 0.4858642796875 0.5977882796875 0.5112562765625001 0.592181921875 0.5113273984375 0.5895324875 0.47496806874999997 0.5739203296875 0.4476573609375 0.5802634203125
0 0.48232212656250006 0.5709110515625 0.4811166046875 0.577112928125 0.520463934375 0.592196203125 0.5523220015625 0.5852944328125 0.5527136625 0.5787124171875 0.5129594015625 0.563439075 0.48232212656250006 0.5709110515625
0 0.4226637765625 0.5923834296875 0.45511106406249996 0.603573184375 0.478266565625 0.59919663125 0.4786108953125 0.59571255 0.44202293125000003 0.5812766109374999 0.4226637765625 0.5923834296875
0 0.5540465109375 0.53493413125 0.5522718328125 0.5407730374999999 0.5986183234375 0.5634290421875 0.650858609375 0.5524730765625 0.6517998484375 0.544339796875 0.6024910765625 0.5204682734375 0.5540465109375 0.53493413125
0 0.612196409375 0.56159038125 0.610747021875 0.5668528078125 0.650632415625 0.5865470046875 0.704276846875 0.5771433984375001 0.7046132125 0.5710249125 0.663534921875 0.5508856 0.612196409375 0.56159038125
0 0.680137846875 0.5466495921875001 0.679225 0.5524427859375 0.7217531515625 0.574996290625 0.7886503765625 0.5643305015625 0.7888553765624999 0.5566938234375 0.7483304703125 0.532610578125 0.680137846875 0.5466495921875001
0 0.62126278125 0.5149479375 0.6181753828125001 0.52095815 0.6714054671875 0.548790453125 0.73720651875 0.53279390625 0.7360588578125 0.52553400625 0.687132165625 0.49640582968749997 0.62126278125 0.5149479375
0 0.7079128875 0.49042306093750004 0.7053678031249999 0.49803134687500006 0.7581301546875 0.5304639437499999 0.8506764296875 0.5107101921874999 0.8512408890625001 0.501224253125 0.802062534375 0.463517684375 0.7079128875 0.49042306093750004
0 0.7710918203125 0.5285054609375 0.7697738015625 0.53528608125 0.8128957546875 0.5613667999999999 0.9053053609375 0.5467041671875 0.9071315296875 0.5427944015625 0.862325375 0.5089230171875 0.7710918203125 0.5285054609375