0 0.6597098484374999 0.5416766296875 0.7237043843750001 0.5264315328125 0.7429861859375 0.5444255515624999 0.7437479421875001 0.5364595125 0.72538694375 0.5190605015624999 0.658279709375 0.5369410515624999 0.6597098484374999 0.5416766296875
0 0.58753664375 0.5625490171875 0.6443283921875 0.5480273890625 0.6628316437499999 0.5643174531249999 0.662895925 0.5526636 0.6436095234375 0.5377470921875 0.5866250359375 0.5557989875 0.58753664375 0.5625490171875
0 0.526766471875 0.573612259375 0.5269760046874999 0.579751984375 0.557920859375 0.5916552609375 0.5876467062499999 0.58298265 0.586022328125 0.5723260765625 0.5856598453124999 0.5639990515625 0.5763401406249999 0.559595365625 0.526766471875 0.573612259375
0 0.5873820921874999 0.5823417578125001 0.5648789234375 0.58743211875 0.5656987578125 0.592869771875 0.590646140625 0.6038736375 0.5873820921874999 0.5823417578125001
0 0.5903541062500001 0.603742953125 0.5860240218749999 0.601440084375 0.54621784375 0.6109983140625 0.5456919796874999 0.61589898125 0.5676712296875001 0.6221790171875 0.606203275 0.614273278125 0.591347765625 0.6080162328125 0.5903541062500001 0.603742953125
0 0.5151734375 0.6067418609375 0.539460375 0.6137290796875 0.5793668921874999 0.6031215703125 0.579498675 0.59755361875 0.5557944078125 0.588962259375 0.5131184125 0.602195378125 0.5151734375 0.6067418609375
0 0.47361087968750004 0.5936668296875001 0.5048051578125 0.605034934375 0.54604624375 0.5936392609375 0.54505621875 0.5869337781249999 0.5163062296875001 0.5757421734375 0.47187740624999996 0.5887504406249999 0.47361087968750004 0.5936668296875001
0 0.380927796875 0.5490959765625 0.4280931625 0.5667777375 0.4793801359375 0.550149853125 0.479149325 0.5427946828125 0.4315045421875 0.522311328125 0.3821076484375 0.5416421640625 0.380927796875 0.5490959765625
0 0.32743701875000003 0.57069766875 0.3774296359375 0.5842125609375 0.416801934375 0.5715364640625 0.417561553125 0.5621274515625 0.37055401718750003 0.5467027515625 0.32698326093749996 0.564208625 0.32743701875000003 0.57069766875
0 0.30165659375 0.5223187984375001 0.362273534375 0.54586421875 0.4151605921875 0.52373771875 0.41494950937499997 0.51666468125 0.3539912515625 0.4922925921875 0.301524425 0.5163742890624999 0.30165659375 0.5223187984375001
0 0.24771398906250003 0.5496223234375 0.31303446875 0.5674521140625 0.35265537187499996 0.5502224421874999 0.3547861953125 0.540150521875 0.2916635890625 0.5213165046875 0.251210084375 0.5428570781250001 0.24771398906250003 0.5496223234375
0 0.1952276984375 0.4923374546875 0.28259589531249996 0.52138355625 0.3354296984375 0.49444107812500004 0.33546129062499996 0.48678404531249997 0.250762521875 0.4513140171875 0.198244375 0.4827706140625 0.1952276984375 0.4923374546875
0 0.1438775390625 0.5242794015625 0.2255952234375 0.5454987796874999 0.2699591234375 0.5231177421875 0.2692094359375 0.5123967109375 0.18674993125 0.4886775984375 0.1441912640625 0.5166026421875001 0.1438775390625 0.5242794015625
0 0.6867312078125 0.4798078078125 0.65278194375 0.44340755625000006 0.630972603125 0.45230291874999995 0.632013946875 0.471777434375 0.647831296875 0.46426241562500004 0.672827190625 0.48718903437499994 0.6742967328125 0.494456578125 0.685990828125 0.4875503359375 0.6867312078125 0.4798078078125
0 0.598530921875 0.382470646875 0.546021246875 0.4060102609375 0.54974749375 0.42721971875 0.5899408890625 0.4154365765625 0.628791684375 0.448610046875 0.6455434015625 0.44070924375000003 0.6438508734374999 0.4302528109375 0.598530921875 0.382470646875
0 0.5468062265625 0.3989055125 0.582541884375 0.3829478140625 0.5833558671875 0.3716752109375 0.51146743125 0.301390434375 0.41000264375000006 0.36264126874999997 0.409915634375 0.37514482656250003 0.4265669328125 0.3887210671875 0.42760390312499996 0.3806373515625 0.4916649890625 0.3389857890625 0.546915090625 0.386714465625 0.5468062265625 0.3989055125
0 0.3877120640625 0.3738198296875 0.3119345828125 0.422058746875 0.3100747390625 0.43212269062499997 0.3366561875 0.44564544218749996 0.3367944984375 0.42929291875000003 0.392840953125 0.4013401640625 0.4256975734375 0.4221148671875 0.42541220625 0.39970345625000003 0.3877120640625 0.3738198296875