0 0.9582298093749999 0.50194426875 0.953084690625 0.4920369375 0.92867190625 0.5171363515625 0.8432657078125001 0.4973297171875 0.8391422671875001 0.5043619374999999 0.9304599296875 0.523688084375 0.9582298093749999 0.50194426875
0 0.8432403078125 0.487476925 0.8452357125000001 0.4735080890625 0.8233132890625001 0.48765445781250005 0.7520323203125 0.47633646875 0.750239665625 0.48136530468750005 0.823902221875 0.49889194843749995 0.8432403078125 0.487476925
0 0.7542343359375 0.42622980312500003 0.7702959421875 0.41845367656250004 0.730322325 0.4110138421875 0.7028895281249999 0.4202348953125 0.7026449890625 0.4236256296875 0.7485608984375001 0.433750440625 0.7532931828125 0.43032417812499996 0.7542343359375 0.42622980312500003
0 0.749388078125 0.47079066249999996 0.7501813078125 0.4529261953125 0.7171230703125 0.44512393906250003 0.6832986984375 0.45739339375 0.681656496875 0.46529302968749997 0.737903134375 0.4792061328125 0.749388078125 0.47079066249999996
0 0.721814525 0.4464432859375 0.7505066265625 0.451399521875 0.752877059375 0.43047217499999996 0.7230676359375 0.44215521406249997 0.721814525 0.4464432859375
0 0.6718843953125 0.43999249531249995 0.7144512796875 0.44729642187499996 0.7395672828125 0.43586752031250003 0.7378094609375 0.4298920671875 0.6987153671875 0.42269507031250003 0.6663123625 0.431954640625 0.6673871390625 0.432320553125 0.6653028953125 0.4368633015625 0.6718843953125 0.43999249531249995
0 0.7032210234375 0.44926969687499996 0.70171366875 0.44330859062499994 0.6605194562500001 0.43388272656250004 0.623736015625 0.44591738750000004 0.6237571875000001 0.45034979531249997 0.67408615 0.46119815 0.7032210234375 0.44926969687499996
0 0.6294292640625 0.49528332343750003 0.6281420203125 0.487260684375 0.579071153125 0.47162965 0.5338584671875 0.4869478171875 0.5322692140624999 0.4978285484375 0.5841421796875 0.5132590593749999 0.6294292640625 0.49528332343750003
0 0.5677452187500001 0.47731432968750004 0.5671342078125 0.46700171875 0.52510528125 0.457590146875 0.48112299218750004 0.472897109375 0.48005981093749994 0.4801761328125 0.522427934375 0.4947137828125 0.5677452187500001 0.47731432968750004
0 0.564914778125 0.5229837859375001 0.56441645 0.5134751375 0.5159067640624999 0.4975257625 0.4571676671875 0.51794008125 0.4571501171875 0.5286314921875 0.50599201875 0.550919965625 0.564914778125 0.5229837859375001
0 0.5063884578125 0.497450671875 0.5052987484375 0.487684084375 0.4686934421875 0.47284441875 0.41335163125 0.491924965625 0.41316796875 0.49944682812499996 0.45221431093750003 0.5167589515625 0.5063884578125 0.497450671875
0 0.48892732031249997 0.552188621875 0.48666994687500004 0.5421943 0.44219545781249997 0.5205437359375 0.367592290625 0.546990234375 0.36925828125 0.5567266171874999 0.4140800890625 0.5850044203125 0.48892732031249997 0.552188621875
0 0.43186255781250005 0.5207408015625 0.42540600156249997 0.51228996875 0.3893245125 0.49646969218750003 0.327095909375 0.5165170046875 0.33304279062500003 0.5240693671875001 0.3559948578125 0.549646359375 0.43186255781250005 0.5207408015625
0 0.8785664953125 0.5646359125 0.878462015625 0.55712915 0.8629036375 0.55245481875 0.837328484375 0.5826883765625 0.812592865625 0.5768433046875 0.8075452343749999 0.593843875 0.8390237031250001 0.6073105765625 0.8785664953125 0.5646359125
0 0.7700560390625 0.6745833640625001 0.8253392171874999 0.6238628703125 0.8240078937499999 0.60948603125 0.8042947375 0.602717984375 0.8049301968749999 0.6093301234374999 0.7683754921875 0.6395612296875 0.7109362140625 0.6182326312499999 0.7101454046875 0.64489850625 0.7700560390625 0.6745833640625001
0 0.465511934375 0.6194944265625 0.535529753125 0.6667340375 0.576500421875 0.64228205625 0.5747311734375 0.6195491343749999 0.5394522875 0.6410454125 0.48868645468749994 0.6096119359375 0.4879465140625 0.5954930359375 0.46474421250000003 0.6052121359375 0.465511934375 0.6194944265625
0 0.5599659875 0.66173591875 0.5552423421875 0.6782913781250001 0.6331848609375 0.7341259421874999 0.6907642468749999 0.7303633671875 0.7476335796875 0.6863802437500001 0.74792975625 0.6742502796875 0.706556246875 0.6493940484375 0.704180271875 0.6662924109375 0.64542793125 0.7099082796875 0.5731470390625 0.664306709375 0.5704097359375 0.656529184375 0.5599659875 0.66173591875