0 0.073242653125 0.561115 0.1625284390625 0.533903534375 0.157807790625 0.52725745625 0.07445285 0.5544323609374999 0.0479454078125 0.5315561734375 0.043683348437500005 0.5418742296875 0.073242653125 0.561115
0 0.1772337515625 0.5271261046875 0.24908845 0.5032460390625 0.24686432656249999 0.4983925796875 0.17684102968749998 0.515880046875 0.15376909218749998 0.5036981734375 0.1569743671875 0.5174399421875 0.1772337515625 0.5271261046875
0 0.2236253859375 0.442321828125 0.24030360625 0.44866850312500006 0.241598025 0.45266527187500005 0.24661092031249998 0.45566604999999993 0.291469671875 0.44157793125 0.290930540625 0.4382214125 0.2627984671875 0.43142637500000003 0.2236253859375 0.442321828125
0 0.261189853125 0.500019884375 0.3160098484375 0.4812575078125 0.3136853984375 0.47353105781249993 0.278920384375 0.46425628281250003 0.2466679546875 0.47491006249999995 0.2490151578125 0.49263741562499996 0.261189853125 0.500019884375
0 0.2727396984375 0.46181695625 0.242025465625 0.4527764375 0.24621081562499997 0.473417553125 0.2743617703125 0.4659794953125 0.2727396984375 0.46181695625
0 0.2569851671875 0.450885309375 0.25575482968749996 0.456991228125 0.281771353125 0.46618763437500005 0.323539678125 0.45520155312500005 0.32982340625 0.451510653125 0.3273511671875 0.4471668453125 0.3283899625 0.44670865156249995 0.29530323593749996 0.440308425 0.2569851671875 0.450885309375
0 0.323194496875 0.4765184109375 0.3723864453125 0.4613248796875 0.3720212265625 0.4569074921875 0.33432886875 0.4481245140625 0.29411293125000004 0.4611048234375 0.2931308578125 0.4671746203125 0.323194496875 0.4765184109375
0 0.41733360937499997 0.5205420796875 0.467664325 0.5006492578125 0.46513280156250003 0.4899484453125 0.41875709843750003 0.4786291125 0.3712352953125 0.4984774734375 0.3706521671875 0.5065817765625 0.41733360937499997 0.5205420796875
0 0.47719668750000005 0.4966886203125 0.518136546875 0.4785136671875 0.5164430015625 0.47135500468749997 0.4712939890625 0.4599395984375 0.4302452671875 0.47297841875 0.43053538593749996 0.4833050390625 0.47719668750000005 0.4966886203125
0 0.49846874999999996 0.5512484390625 0.545182225 0.5247879265625001 0.5442329234375001 0.5141387296875 0.48393812187499996 0.49892154218749996 0.437003109375 0.519038125 0.43733541093749995 0.5285540203125 0.49846874999999996 0.5512484390625
0 0.5490644890625 0.5125303828125001 0.586453396875 0.491881021875 0.5856148609375 0.48440379062499994 0.5288206625 0.4702192078125 0.4936480125 0.48819276718750004 0.4934136640625 0.49801716249999994 0.5490644890625 0.5125303828125001
0 0.5930015828124999 0.5771925390625 0.63518825625 0.5451158640625 0.6359993265624999 0.5352713296875 0.5593750828124999 0.5154275625 0.5169568046874999 0.5408719468750001 0.5155790828125 0.55102498125 0.5930015828124999 0.5771925390625
0 0.647784125 0.5369065640625 0.6684196703125 0.509426496875 0.6736856890625 0.5013845671875 0.609946646875 0.486837121875 0.5753812859375 0.50574190625 0.5696858390624999 0.5147233078125 0.647784125 0.5369065640625
0 0.12795728125 0.5898968953125 0.1285074546875 0.597384196875 0.1716191171875 0.636450090625 0.2018041015625 0.6202911046875 0.1952939796875 0.60379515625 0.17116191875 0.6117738375 0.143049059375 0.5838843484375 0.12795728125 0.5898968953125
0 0.20581565781250002 0.6288481453125 0.186767390625 0.6373085515625 0.1866941578125 0.6517467156250001 0.24618754843750001 0.69745595625 0.3032829984375 0.662662503125 0.30017111406249997 0.636167021875 0.2448093203125 0.6624206218750001 0.2057589015625 0.63549050625 0.20581565781250002 0.6288481453125
0 0.43597259375 0.6256074640625 0.436191384375 0.64840808125 0.47913727812499995 0.6691961859375 0.544771453125 0.61603388125 0.5442914703125 0.601739028125 0.520330384375 0.5940791265625001 0.520823803125 0.6082087890625 0.4729907578125 0.6439471859375 0.43597259375 0.6256074640625
0 0.44145157968750004 0.6700566578125 0.373420178125 0.7217843937499999 0.311090034375 0.6834551015625 0.3072503109375 0.666828121875 0.2682006046875 0.6951957078125 0.2695528484375 0.7072536984375 0.330039159375 0.746112965625 0.3877273671875 0.744842846875 0.4605069890625 0.6824276125 0.45435841562499996 0.66634684375 0.44350061093750004 0.6620701578125 0.44145157968750004 0.6700566578125