0 0.7954167109375 0.54180758125 0.70081011875 0.49963690156249996 0.696925978125 0.5112893265625 0.7873709890625 0.554292321875 0.834535565625 0.5151734671875 0.8350904421875001 0.5085149390625 0.7954167109375 0.54180758125
0 0.6813894109375 0.4877070375 0.6114748624999999 0.45330464062500003 0.6057873687499999 0.464818346875 0.6744534437499999 0.498527146875 0.71246254375 0.47605461250000003 0.71246254375 0.469396084375 0.6813894109375 0.4877070375
0 0.5817889234375 0.443871725 0.5337920296875 0.423896140625 0.5337920296875 0.43083210781250003 0.5901120828125 0.45802109843750005 0.6157751625000001 0.4435942875 0.616468759375 0.43305161718749996 0.5817889234375 0.443871725
0 0.5351792234375 0.4915911796875 0.5349017859375 0.49908202343749997 0.6037065796875 0.5415301421875001 0.6641882125 0.5079600625 0.6625235796875 0.49492044375 0.5939962249999999 0.46301499531249996 0.5351792234375 0.4915911796875
0 0.6286760609375001 0.5470789171875 0.6281211828125 0.5554020765625001 0.7238375296874999 0.6139416390625 0.782099653125 0.564557553125 0.7829319703125 0.5537374453125 0.6872156234375 0.5085149390625 0.6286760609375001 0.5470789171875
0 0.53684385625 0.6086703046874999 0.53684385625 0.618380659375 0.6361669046875 0.6996701937500001 0.711907665625 0.628923328125 0.71246254375 0.6186580968750001 0.6136943718750001 0.5590087796875001 0.53684385625 0.6086703046874999
0 0.5218621671875 0.498527146875 0.44917323124999997 0.5387557562499999 0.4502829859375 0.5473563546875 0.515758515625 0.5997922671875 0.5914992765625 0.55040818125 0.5926090312500001 0.543194775 0.5218621671875 0.498527146875
0 0.4472311609375 0.4552467125 0.378148928125 0.48326801875000003 0.380923315625 0.49242349531249996 0.42808789062499997 0.53292954375 0.5024414593750001 0.4946430046875 0.5027188984375 0.48909423125 0.4472311609375 0.4552467125
0 0.5196426578125 0.49297837343750006 0.57790478125 0.46246011718749996 0.5773499046875 0.45413695781249996 0.5240816765625 0.42861259843750005 0.4669293078125 0.45080769218750005 0.4663744296875 0.45940829218749996 0.5196426578125 0.49297837343750006
0 0.49220282031249996 0.37501100468750004 0.46187752812499994 0.38534159843750004 0.43555117499999996 0.3745111375 0.435384553125 0.3691792171875 0.4257204484375 0.37417789218749997 0.425053959375 0.381342659375 0.46087779375000004 0.39733841718749996 0.5068655984375 0.3835087515625 0.5075320890625 0.3761773625 0.4927026875 0.368845971875 0.49220282031249996 0.37501100468750004
0 0.4222213765625 0.3655135234375 0.3990608515625 0.35168385625 0.387313965625 0.35609935312499996 0.38823038906249996 0.3628475625 0.41838905937500004 0.375510871875 0.4357177984375 0.3683461046875 0.43488468593749996 0.36201445 0.4222213765625 0.3655135234375
0 0.3824652515625 0.347351671875 0.3643034015625 0.3371877 0.3533063171875 0.34052015 0.3533063171875 0.3461853140625 0.379232775 0.35834875624999996 0.400227209375 0.35151723437500004 0.40039383125 0.343186109375 0.3824652515625 0.347351671875
0 0.3754004578125 0.383008884375 0.3197485484375 0.3991712640625 0.3208315953125 0.40550291875 0.351740065625 0.427663709375 0.410557803125 0.40783563437500003 0.41005793593749995 0.4016706015625 0.3754004578125 0.3835087515625 0.3754004578125 0.383008884375
0 0.341409471875 0.3628475625 0.287923653125 0.377177096875 0.2889233890625 0.383342128125 0.3135835171875 0.3996711328125 0.368735559375 0.3845084859375 0.3692354265625 0.37900994374999997 0.341409471875 0.3628475625
0 0.310784259375 0.3470184265625 0.2601310234375 0.3596817359375 0.2594645328125 0.36351405312499996 0.282591734375 0.3785100765625 0.3344113265625 0.3653469 0.3335782140625 0.36084809375 0.310784259375 0.3470184265625
0 0.2117105296875 0.395005703125 0.2137099984375 0.402003846875 0.23503767656250002 0.421498678125 0.2996205515625 0.403670071875 0.2984541953125 0.397005171875 0.2747938015625 0.37900994374999997 0.2117105296875 0.395005703125
0 0.23720376875000002 0.4213320546875 0.23853675000000002 0.42883006718749994 0.265196346875 0.4550731078125 0.336844015625 0.4338287421875 0.3363441484375 0.4253309953125 0.3041860078125 0.402003846875 0.23720376875000002 0.4213320546875
0 0.18795016250000002 0.3740112703125 0.1892831421875 0.379676434375 0.20661188125000002 0.3965053046875 0.2659294859375 0.3810094140625 0.2659294859375 0.37467775937500003 0.2446018078125 0.3603482265625 0.18795016250000002 0.3740112703125