0 0.51875538125 0.5976196953125 0.5156818546874999 0.6268623390625 0.5727417015625 0.6727388640624999 0.61991098125 0.6426302796875001 0.6235216125 0.6148192359375 0.57631556875 0.638735790625 0.5279188546875 0.6020206859375 0.531531540625 0.587273765625 0.5102004906250001 0.5939702437500001 0.51875538125 0.5976196953125
0 0.3694400875 0.6575591703125 0.4405709015625 0.73310515 0.5479388671875001 0.6797580171875001 0.5508714921875 0.6649396203125 0.514287021875 0.633591475 0.5079908546875 0.6542445171875 0.434264465625 0.6884375781250001 0.3892312953125 0.645887828125 0.3897663484375 0.63425530625 0.37208680156249996 0.6454610187500001 0.3694400875 0.6575591703125
0 0.3080571609375 0.586697490625 0.356960675 0.64409375 0.390136059375 0.6301618578125 0.3896677546875 0.6091207937500001 0.3663263875 0.6187266609375001 0.331910596875 0.580718521875 0.334047725 0.5688839984375 0.30812480625 0.5733055499999999 0.3080571609375 0.586697490625
0 0.4572254671875 0.5040660578125 0.46296092812499995 0.499926440625 0.5056247671875 0.4921360484375 0.5108680578125 0.49798751093750004 0.5174461921875 0.49644716562499996 0.5200587140625 0.4875158453125 0.47621411875 0.4667275125 0.4245178765625 0.47552133124999996 0.4239237875 0.483827896875 0.4572254671875 0.5040660578125
0 0.46722562968750003 0.4699672890625 0.4681975546875 0.4633742359375 0.43563663124999996 0.44405083125000006 0.3834175515625 0.45251072968750006 0.3838252203125 0.4592487828125 0.4169959828125 0.47807835 0.46722562968750003 0.4699672890625
0 0.3773722515625 0.5179904984375 0.4008096046875 0.512642790625 0.4067936515625 0.519409009375 0.44616137812499995 0.5137828843750001 0.445869709375 0.50594115625 0.4056402265625 0.4799534484375 0.34216730625 0.49197295781249994 0.3409484640625 0.49826109062499996 0.3691825203125 0.5215931921875 0.3773722515625 0.5179904984375
0 0.399004090625 0.48204563125 0.3994241765625 0.4753945796875 0.36763465 0.45419948281250005 0.307878759375 0.46270413125000004 0.306514915625 0.470371859375 0.336634846875 0.49418114218750003 0.399004090625 0.48204563125
0 0.3316882234375 0.5279741578125 0.3570280078125 0.5231053718750001 0.32302782343750003 0.4935878859375 0.24035741875 0.5077741609374999 0.2384707375 0.5151079703125 0.2692916453125 0.5509865046875 0.332081809375 0.5375004 0.3316882234375 0.5279741578125
0 0.3135454984375 0.4962178234375 0.313994584375 0.48929085156249996 0.28731412500000003 0.46444823749999997 0.2084187515625 0.47456781562500006 0.2099160125 0.4842100578125 0.232806525 0.5106071 0.3135454984375 0.4962178234375
0 0.6457625546875 0.441287725 0.6616844328125 0.438626603125 0.6639301953125 0.43339730000000004 0.6460155546874999 0.4281221140625 0.6183705749999999 0.4329433734375 0.6166347562500001 0.43690705156250004 0.6441935437499999 0.445457396875 0.6457625546875 0.441287725
0 0.64225229375 0.45316868593750004 0.64443871875 0.44491778593750003 0.6106693640625 0.4326993234375 0.579169303125 0.44013075468749996 0.5786106625 0.44365278124999996 0.6197185046875 0.457773309375 0.64225229375 0.45316868593750004
0 0.637215021875 0.48675051406250003 0.640105615625 0.46462758437499996 0.6201500796875 0.45725329062500003 0.5825379734375 0.4636654015625 0.5822054796875 0.470415015625 0.6285627781249999 0.4901757078125 0.637215021875 0.48675051406250003
0 0.627479053125 0.46103895625 0.639771996875 0.4642155984375 0.6424582875 0.4530018765625 0.6284396 0.45548611406250006 0.627479053125 0.46103895625
0 0.607210615625 0.460227878125 0.60740596875 0.45478307031250004 0.5714289078125 0.44025950625 0.5341991187499999 0.44482720000000003 0.5328954375 0.45185165937500005 0.5711389765625 0.46812112031249997 0.607210615625 0.460227878125