0 0.2891764765625 0.4482467203125 0.36813979375 0.43224064218749997 0.367072721875 0.42317053125 0.2918441546875 0.4407772171875 0.2729036296875 0.41703486874999995 0.27023595 0.42583821093749996 0.2891764765625 0.4482467203125
0 0.38227849687500004 0.43250741093749995 0.4476366484375 0.4205028515625 0.44870372031250005 0.41036566875 0.38868092656250003 0.4239708359375 0.36147059531250003 0.4036964703125 0.3617373625 0.4133001171875 0.38227849687500004 0.43250741093749995
0 0.4468407109375 0.3563323390625 0.44657394375 0.35819971562499997 0.44737424687500005 0.3630015390625 0.4927248015625 0.3533978921875 0.49112419375 0.3469954609375 0.4676486125 0.338992421875 0.42629957812499997 0.3461951578125 0.4468407109375 0.3563323390625
0 0.5115922265624999 0.3988259140625 0.5118589953125 0.39055610625 0.479046534375 0.37775124375 0.44703437968750004 0.3838869078125 0.4481014515625 0.40442804062500004 0.45743832968750003 0.41163077656249997 0.5115922265624999 0.3988259140625
0 0.4479077828125 0.38319843750000004 0.4727172046875 0.3783966140625 0.4727172046875 0.3746618625 0.447641015625 0.3645246796875 0.4479077828125 0.38319843750000004
0 0.4825101515625 0.3794636859375 0.5294613140625 0.3687929671875 0.5283942421875001 0.36239053593750004 0.49985006875 0.35118628125 0.45343244374999997 0.3613234640625 0.456633659375 0.3661252875 0.48090954375 0.375728934375 0.4825101515625 0.3794636859375
0 0.528734109375 0.40129555781250004 0.5794200234375 0.389291 0.5791532562499999 0.383955640625 0.54073866875 0.36955017031250004 0.49538811406249994 0.37808674531249997 0.49538811406249994 0.3850227125 0.528734109375 0.40129555781250004
0 0.6879246078125 0.45220608906250004 0.6888774875 0.4439478 0.6285284515625 0.41949055937499996 0.5738966921875 0.4344190046875 0.5707204265625 0.4436301734375 0.6310694625 0.47094605312500004 0.6879246078125 0.45220608906250004
0 0.7260987921875001 0.5260406515625 0.7886712140625 0.499042396875 0.7893064671875 0.4863373375 0.7092645875 0.45235130156250003 0.6463745390625 0.47458515625000003 0.64732741875 0.48379632499999997 0.7260987921875001 0.5260406515625
0 0.8692349359374999 0.5962951125 0.9248195750000001 0.5591328109375 0.9295839718750001 0.5435691125 0.8133326703125 0.495607509375 0.7494897421875 0.527052534375 0.7488544890625 0.5372165828125001 0.8692349359374999 0.5962951125
0 0.749253728125 0.4353990890625 0.748618475 0.42523504062499995 0.6885870656249999 0.404271690625 0.6428488484375 0.417294378125 0.641260715625 0.42523504062499995 0.7006568718749999 0.44969228125000005 0.749253728125 0.4353990890625
0 0.797537553125 0.4924584484375 0.8454991546875 0.47117747187500003 0.8496283 0.45942529218750006 0.769904046875 0.42956839999999996 0.7149546609375 0.44926124375 0.7190838046875 0.45910766562500005 0.797537553125 0.4924584484375
0 0.9387679375 0.5496312203125 0.9826003953125 0.5165980625000001 0.9883176718750001 0.5057987625 0.8717487437500001 0.46800120781250004 0.8250576468749999 0.49499946093749997 0.8279162859375001 0.5016696171875 0.9387679375 0.5496312203125
0 0.3668187140625 0.5614969015625 0.39367399375 0.5480692625 0.3912326046875 0.5242657187499999 0.36987044999999996 0.5328105796875 0.34545655937499997 0.49313800781249995 0.32653579375 0.4998518265625 0.3668187140625 0.5614969015625
0 0.43259553281249996 0.651832803125 0.49949174999999996 0.6237363921875 0.499045775 0.59786985625 0.5396294796875 0.5809228140625 0.5151008671875 0.5555022515625 0.5142089171875 0.5867204859374999 0.4352713828125 0.6108031234375 0.3964715765625 0.559516025 0.36882114062500004 0.5679895453125 0.43259553281249996 0.651832803125
0 0.44312826406249994 0.669827065625 0.4959083546875 0.7383223203125 0.6174624390625 0.7407754375 0.676788803125 0.708157896875 0.67311324375 0.6924055 0.6515849703125001 0.6798035828125 0.6510598890625 0.6929305796875 0.57387315 0.7286360109375 0.4924857703125 0.6577502296875 0.49668640937499997 0.63097115625 0.44365334375 0.6535495906250001 0.44312826406249994 0.669827065625
0 0.691088159375 0.696161253125 0.7903282546875 0.6352519890625 0.790853334375 0.61687419375 0.7588234625 0.5958709984375 0.7556729828125001 0.6205497531249999 0.6916132390625 0.6599307421875 0.6598650265625 0.6337292718749999 0.65695796875 0.6426031078125 0.65433256875 0.6615059828125001 0.691088159375 0.696161253125