0 0.7396149656250001 0.43306850625 0.738640478125 0.4273734125 0.7176486421875 0.4460500578125 0.6525413015625 0.43560378593750004 0.6516699421875 0.44477571562499996 0.7217275484375001 0.45293449687500004 0.7396149656250001 0.43306850625
0 0.654446078125 0.4297418515625 0.6543858078125 0.4171244515625 0.6354401796875 0.43404329218750004 0.5800829609375 0.4270282890625 0.57952946875 0.43366806406249997 0.63859261875 0.442592275 0.654446078125 0.4297418515625
0 0.5776644140625 0.38087965625 0.591781421875 0.3750314953125 0.553977609375 0.3704019390625 0.532809953125 0.3793240171875 0.5330298203125 0.383519346875 0.5714800796875 0.389016490625 0.5767798453124999 0.38693580625 0.5776644140625 0.38087965625
0 0.5773231453125 0.4259709671875 0.57814489375 0.4187161515625 0.5769487765625 0.4073602375 0.5461001125 0.4035681359375 0.5181814703125001 0.41554842187499996 0.518589796875 0.42333974999999996 0.5701298765625 0.43205725 0.5773231453125 0.4259709671875
0 0.55398566875 0.40495780937500003 0.5766805203125001 0.40797527499999997 0.5770795125 0.3869201015625 0.5546176859374999 0.3998163640625 0.55398566875 0.40495780937500003
0 0.5662745421875 0.392895175 0.5667011203125 0.3895674359375 0.5263429296875 0.3820668546875 0.49870824843749995 0.3937317703125 0.5001424875 0.398163946875 0.5421730390625 0.40317296718750006 0.5662745421875 0.392895175
0 0.5326138484375 0.409984221875 0.53223693125 0.40279222812500004 0.4936453296875 0.394598084375 0.4634078796875 0.4082023421875 0.462711771875 0.4178544875 0.506855690625 0.423053240625 0.5326138484375 0.409984221875
0 0.47427863437499995 0.4608192703125 0.47346070781250005 0.45094598281250003 0.420422296875 0.4423070078125 0.37603515781249996 0.4668694609375 0.3754345515625 0.4726102390625 0.429828675 0.48418305781250004 0.47427863437499995 0.4608192703125
0 0.410831696875 0.4485189296875 0.41129095937500004 0.44008115625000005 0.3684097984375 0.43030888125000005 0.321137203125 0.45141668125 0.32208204218750003 0.457977934375 0.36734483125 0.4673249015625 0.410831696875 0.4485189296875
0 0.41359702499999995 0.49555085468750004 0.411801575 0.48422634999999997 0.3594108859375 0.47074559687499995 0.29780014062500004 0.49921559687499995 0.30038465625 0.5083953234374999 0.3550143546875 0.524463140625 0.41359702499999995 0.49555085468750004
0 0.3506250546875 0.47511240781249997 0.3501382046875 0.46582274687499997 0.30664200625000004 0.4557822171875 0.24605717343750003 0.480893065625 0.244242196875 0.48639699687500004 0.29410864062500003 0.5033154234375 0.3506250546875 0.47511240781249997
0 0.270937546875 0.514145434375 0.2679748421875 0.5034830796875001 0.2235652125 0.48748063124999996 0.14345367343749998 0.5184226640625 0.14523341875 0.5294475015625 0.18838028906249998 0.550023471875 0.270937546875 0.514145434375
0 0.33950767656249997 0.538196859375 0.3374910828125 0.5283863906249999 0.2804810328125 0.5070345109375001 0.20093614375 0.54305516875 0.201864003125 0.5550261203125 0.25731162812499997 0.580967225 0.33950767656249997 0.538196859375
0 0.6859271734375 0.49720457968750004 0.68555025625 0.49001258593749997 0.67216076875 0.4868079359375 0.6497108265625 0.51713196875 0.633073396875 0.509289703125 0.6347092515625 0.5290362796875 0.6586655859375 0.5331895906249999 0.6859271734375 0.49720457968750004
0 0.6090954 0.6021956328125 0.6515809781249999 0.5470829078125 0.654200725 0.5397338640625 0.6338875015625 0.5362910921874999 0.6341701890625 0.5416850890625 0.60452825 0.5723860375000001 0.5602442609375 0.55878091875 0.557951765625 0.5838416921875 0.6090954 0.6021956328125
0 0.44064890312499994 0.6218411609375 0.426278071875 0.6343133953125 0.424240678125 0.6470407296875 0.53412699375 0.6968723859375 0.5966796140625 0.6175703015625 0.597060353125 0.6076341937499999 0.557003103125 0.5944085421875 0.56048534375 0.6092505203125 0.5110458921875 0.6578164234375 0.4431863046875 0.6301218875 0.44064890312499994 0.6218411609375
0 0.321356625 0.5989455234375 0.4030611390625 0.6385350375 0.437828815625 0.6081664390625 0.4369977328125 0.58657475 0.4023412640625 0.6133316468750001 0.3460417546875 0.58833665625 0.3449882546875 0.5739683734375001 0.3226206578125 0.5886626359375 0.321356625 0.5989455234375