0 0.9612004625000001 0.6073631578125 0.9634885234375 0.5927642609375 0.9290595500000001 0.5693020703125 0.92490631875 0.587340309375 0.84261525 0.602118975 0.8081988640625 0.5702332125 0.8076211015625001 0.570574425 0.8076420343749999 0.570873771875 0.7997291843750001 0.5867684234375 0.8439423343750001 0.6297007375 0.9612004625000001 0.6073631578125
0 0.63537539375 0.563667959375 0.63283614375 0.5746746968750001 0.690067590625 0.6618182484374999 0.8181649984374999 0.6396251453125 0.8231681109375 0.6251372015625 0.797037115625 0.5998915203124999 0.7972066250000001 0.6152209984375 0.7100213484375 0.6288378484375 0.66538120625 0.5711956828125 0.6668863546875 0.5583059890625 0.63537539375 0.563667959375
0 0.6242912203125 0.5557195375 0.668726421875 0.5502058421875 0.6715629640625 0.5262434671875 0.6365540390625 0.5332036859375 0.6083109265625 0.490658690625 0.5892992640625 0.4940937890625 0.5883258375 0.50168211875 0.6242912203125 0.5557195375
0 0.537454475 0.5721697140625001 0.51628165 0.5124353375 0.41688595624999997 0.5278084546875 0.42339811093749996 0.5908240828125 0.4234483203125 0.6001456953125001 0.536362775 0.58021753125 0.537454475 0.5721697140625001
0 0.39499178125 0.528737821875 0.2919620609375 0.543763434375 0.2717842015625 0.6122551359374999 0.2744385078125 0.6244027562500001 0.3963124328125 0.603547275 0.39499178125 0.528737821875
0 0.395466653125 0.6258663890625 0.392701390625 0.6164338218750001 0.2627660390625 0.6381538250000001 0.22605487812499997 0.7541264546875001 0.2426644703125 0.7593580390625 0.39506646875 0.7362918046875 0.395466653125 0.6258663890625
0 0.43140466875000005 0.72683215 0.580232384375 0.6956691828125 0.5798891203125 0.682156715625 0.5434717109375 0.5872406875 0.4220855265625 0.61076935625 0.43140466875000005 0.72683215
0 0.49301442343749996 0.459314840625 0.41151673593749993 0.472533975 0.41556926718750004 0.52188431875 0.5088042765624999 0.5087468609375 0.5061918328125 0.4971979328125 0.49301442343749996 0.459314840625
0 0.3064397484375 0.48409302031249996 0.2958598625 0.539279528125 0.39450404375 0.5260646359375001 0.39248414062500003 0.4756697265625 0.3064397484375 0.48409302031249996
0 0.5137467515624999 0.40676010937499996 0.5019121046875 0.388284165625 0.5024618390625 0.38765177031250003 0.4453973015625 0.3955028125 0.44941169687500004 0.4210590953125 0.5129334984375 0.414241403125 0.5137467515624999 0.40676010937499996
0 0.491304025 0.368237565625 0.440287559375 0.375517196875 0.44487134062499994 0.3943516828125 0.5004034484375001 0.3879441953125 0.49970493749999995 0.3822019890625 0.491304025 0.368237565625
0 0.4798992359375 0.3516619125 0.43409901562500003 0.357091903125 0.437469671875 0.37556575312499996 0.4884417 0.3697741140625 0.4864546265625 0.3647159671875 0.4798992359375 0.3516619125
0 0.3741029328125 0.36336607656250003 0.37514343906250003 0.38036949375 0.42649366093749996 0.3757393171875 0.422002875 0.35823472500000003 0.3741029328125 0.36336607656250003
0 0.3741194109375 0.3805895890625 0.3747930671875 0.40296424531249997 0.432551996875 0.39654953125 0.42664142656250004 0.375728984375 0.3741194109375 0.3805895890625
0 0.371158025 0.40321843125 0.3709357671875 0.431892253125 0.43527472500000003 0.42486893124999997 0.43053493749999994 0.397433021875 0.371158025 0.40321843125