0 0.662005253125 0.5385731046875 0.7268047656250001 0.518093025 0.7431386453125 0.53813568125 0.7462914203125 0.5283194375 0.7286790296875 0.5120377265625 0.6603074906249999 0.5303825421874999 0.662005253125 0.5385731046875
0 0.590031853125 0.5598071921875001 0.6457111249999999 0.5427963890624999 0.665443865625 0.5580183421875 0.6654455312499999 0.547417425 0.6456829578125001 0.5372200125 0.5886680078125 0.552139465625 0.590031853125 0.5598071921875001
0 0.529995878125 0.5778338375 0.5585439390625 0.58933959375 0.5901594375 0.5796004328125 0.5875485828125 0.56006819375 0.5788360140625 0.55679941875 0.5289800375 0.5734771359375 0.529995878125 0.5778338375
0 0.5909871953125 0.57951343125 0.5677221765625 0.586422153125 0.5689849375 0.5904739359375 0.5973299953125 0.6000482609375 0.5909871953125 0.57951343125
0 0.5924943734375 0.5991616703125 0.588878428125 0.5992627546875 0.5501470390625001 0.610307759375 0.5510758796874999 0.6138367046875 0.5741063953125 0.62062200625 0.6114001906250001 0.6091701656249999 0.5945119734375 0.605086884375 0.5924943734375 0.5991616703125
0 0.517691365625 0.606744815625 0.5456014203125 0.6121803578125 0.5823723765625 0.601062434375 0.5827220453125 0.5937725453125 0.5588637734375 0.58707424375 0.5172132781250001 0.5995419265625 0.517691365625 0.606744815625
0 0.47777263281250004 0.59587623125 0.509588634375 0.603969878125 0.547652184375 0.5918791984375 0.5482777734375001 0.58456030625 0.520266634375 0.57550881875 0.47680070781249995 0.5892831796875 0.47777263281250004 0.59587623125
0 0.3830828 0.552266890625 0.430958428125 0.569831278125 0.480277484375 0.550699290625 0.4793204765625 0.54159396875 0.43247560625 0.5258740125 0.3825317953125 0.54702443125 0.3830828 0.552266890625
0 0.33091672031249997 0.5761615812499999 0.37934502187499997 0.588367509375 0.4207925140625 0.5739683953125 0.42014042656250006 0.565109990625 0.3732806390625 0.5519023046875 0.3311644734375 0.5705562046875 0.33091672031249997 0.5761615812499999
0 0.25138334218749997 0.5599717890625 0.31469634218750003 0.573123975 0.35684150937500003 0.55474599375 0.35575358281249997 0.5470492671875 0.29424192968749996 0.529802215625 0.251123171875 0.5521880625 0.25138334218749997 0.5599717890625
0 0.301342903125 0.5310086421875 0.3646550703125 0.5494612859375 0.4156296390625 0.5301552984375 0.4166040625 0.520846975 0.352711890625 0.4968759546875 0.3011407328125 0.5237767515625 0.301342903125 0.5310086421875
0 0.1985039203125 0.5027620890625 0.2831910921875 0.5281740375 0.332249978125 0.5012583234375 0.332948484375 0.491979 0.24747830781250002 0.4591172421875 0.19789574999999998 0.49166733437500004 0.1985039203125 0.5027620890625
0 0.14626021250000001 0.5364287812499999 0.229670540625 0.5550007578125 0.27007707187499996 0.5334579125000001 0.26954098437499996 0.525703184375 0.188498759375 0.5004660703125 0.1452302875 0.529283890625 0.14626021250000001 0.5364287812499999
0 0.652740778125 0.4390836953125 0.626243646875 0.44971364999999996 0.6302924390625 0.46435049531250006 0.6497973625 0.4588486484375 0.672727521875 0.485935775 0.68602501875 0.481086353125 0.6849979140625 0.46832851406250003 0.652740778125 0.4390836953125
0 0.642860175 0.4256873953125 0.595299796875 0.379223021875 0.5439710984375 0.40438727500000005 0.5495046296874999 0.43016486093750006 0.5934161046875001 0.4120561875 0.6272745 0.438622309375 0.625754328125 0.44505808281250003 0.64385465625 0.4381348640625 0.642860175 0.4256873953125
0 0.5403031375 0.4025061671875 0.5790516640625001 0.383039353125 0.5795546375 0.369516584375 0.5066220359375 0.301750634375 0.40437931718750003 0.3652218390625 0.40391635312499996 0.3791252578125 0.42244585468749996 0.3906476359375 0.4230882796875 0.382113315625 0.48553996718750003 0.34283674999999997 0.54054663125 0.38285299687499996 0.5403031375 0.4025061671875
0 0.383882534375 0.378921771875 0.3082269890625 0.42805291562500003 0.3072439234375 0.43700789218749997 0.3334858578125 0.4523379125 0.33344815 0.43733255312499997 0.386883125 0.40747048125 0.42224006718749996 0.425306165625 0.421982890625 0.40455105625 0.383882534375 0.378921771875