0 0.5502094453125 0.44440263281250003 0.551100784375 0.43940650937500003 0.565279484375 0.4329909640625 0.5291110265625 0.4257646859375 0.5082050421875 0.43279376875000003 0.5074519890625 0.43581231249999997 0.5398865625 0.44476473906249997 0.5450498953125 0.44584842968749994 0.5502094453125 0.44440263281250003
0 0.539969553125 0.448745040625 0.5394767171875 0.44545871562499995 0.503225271875 0.43425213749999997 0.47719745312499995 0.4421876796875 0.475817059375 0.44642696875 0.5145602796875 0.45816910625 0.539969553125 0.448745040625
0 0.5073728656250001 0.4601957375 0.5072898765625 0.45621543750000004 0.4681745234375 0.44462793593749994 0.4359210453125 0.45375406875 0.435389265625 0.458775334375 0.47820456718750004 0.4717055125 0.5073728656250001 0.4601957375
0 0.525460215625 0.457305371875 0.5484795984375 0.463973496875 0.5505815765625 0.4442479953125 0.526071203125 0.45373491875000005 0.525460215625 0.457305371875
0 0.5384333734375 0.48621468281249997 0.5470929625000001 0.4812197921875 0.5484670281249999 0.46415327656249994 0.5196821171875 0.457262646875 0.4906018171875 0.4675139625 0.4901743890625 0.473626478125 0.5384333734375 0.48621468281249997
0 0.55024494375 0.4847921140625 0.5491099875 0.48980946562499994 0.604205365625 0.5036595125 0.622580446875 0.4931827734375 0.624110990625 0.48250828593749995 0.6027729828124999 0.49611030625 0.55024494375 0.4847921140625
0 0.6995799734375 0.49935121406249994 0.6827914265625 0.5179760234375 0.6205738109375 0.5022557484375 0.61869948125 0.506633315625 0.683035625 0.5228937874999999 0.6997423281249999 0.5054394203125 0.6995799734375 0.49935121406249994
0 0.38111024375 0.48593657187500006 0.38119015156249997 0.478710240625 0.3378587734375 0.4656831546875 0.28699623750000003 0.4812698109375 0.287458078125 0.486832396875 0.33291058906250004 0.50298565625 0.38111024375 0.48593657187500006
0 0.44253704843749997 0.49874009218750004 0.3906900796875 0.48277779687500005 0.3422047515625 0.500870421875 0.34219885 0.5070384109375 0.39345966875 0.5252994546875 0.44150240937499996 0.5044107359375001 0.44253704843749997 0.49874009218750004
0 0.37711534375 0.5339409078124999 0.378145534375 0.525292103125 0.323572025 0.505735896875 0.2582213265625 0.5277540625 0.25900734375 0.5378060890625 0.315386709375 0.5619553484375001 0.37711534375 0.5339409078124999
0 0.3141298515625 0.5099678140624999 0.31446583125 0.5021212796875 0.2689200609375 0.48425987031249995 0.20349090468750003 0.5043582203125 0.204287275 0.5112204171875 0.2484594234375 0.5304747 0.3141298515625 0.5099678140624999
0 0.22445062968750001 0.5392183109375 0.22387628125 0.5291810859375 0.1783408625 0.5081298484375 0.0870378484375 0.53322543125 0.08827680624999999 0.542883725 0.13415120625000002 0.5682127343750001 0.22445062968750001 0.5392183109375
0 0.2914045171875 0.558151315625 0.239258521875 0.5342980828125 0.144879671875 0.5638367890625 0.14542441718750002 0.5742973499999999 0.20251134531249998 0.60657881875 0.292461409375 0.56737146875 0.2914045171875 0.558151315625
0 0.354038946875 0.6526259 0.295958190625 0.6247220062500001 0.297990646875 0.6078337781250001 0.2674230234375 0.6248554265624999 0.267648228125 0.6338121078125 0.346851178125 0.6823521546875 0.39002271875 0.6555678875 0.391287775 0.6313881 0.354038946875 0.6526259
0 0.5512993453125 0.6689742421875 0.5165006578125 0.649084771875 0.5134637828125 0.662070934375 0.4608289984375 0.714590509375 0.3894776203125 0.6755404328125 0.38783321718749997 0.6686133062499999 0.3725686734375 0.679892909375 0.37249760625 0.6930864609375 0.449425078125 0.7376355609374999 0.49539066875 0.7378694765625 0.5520963734375 0.675842115625 0.5512993453125 0.6689742421875
0 0.6106745874999999 0.6113911421875 0.6129618781249999 0.603035909375 0.595552175 0.596283640625 0.5600751640625 0.628715065625 0.518841196875 0.6156134953125 0.5182457515625 0.6423946593750001 0.56584393125 0.6619018828125001 0.6106745874999999 0.6113911421875
0 0.6505187875 0.5652150609375 0.6481455203125 0.55653393125 0.6365489265625001 0.5518911906249999 0.615862428125 0.5798220046875 0.5986690218749999 0.5760651703125 0.5966661921874999 0.5925297125 0.6200963953125 0.5984256984375 0.6505187875 0.5652150609375