0 0.33971894687500004 0.43913453750000003 0.4057617609375 0.43415723906250003 0.4057494109375 0.428496765625 0.3426162203125 0.4299407890625 0.328757890625 0.4045423203125 0.32464419375000003 0.41500144843750003 0.33971894687500004 0.43913453750000003
0 0.4195706875 0.436913815625 0.47921338281250003 0.43221173593750006 0.47706148437499996 0.423812765625 0.41610445 0.42481661718749997 0.40613400312500003 0.40520079375 0.4038969859375 0.4176587734375 0.4195706875 0.436913815625
0 0.47962885312500003 0.42306694531250005 0.487349484375 0.42932019062500004 0.5401642437499999 0.42837764843750004 0.5385808625 0.42110953906250004 0.51459375625 0.40330953281250004 0.4814623046875 0.40525414218750005 0.47962885312500003 0.42306694531250005
0 0.5068744625 0.4005793921875 0.48516065781249995 0.3847717515625 0.48338124843749997 0.40510182656250004 0.5063542265625001 0.40481637656249997 0.5068744625 0.4005793921875
0 0.4736016140625 0.3718835140625 0.484859121875 0.3813896125 0.4844875671875 0.38636166250000004 0.48858004218750006 0.3880588390625 0.5299627453125 0.3857329578125 0.5308670531249999 0.382259940625 0.5084885015625 0.371866225 0.4736016140625 0.3718835140625
0 0.5120613421875 0.4050392484375 0.556714746875 0.4052653890625 0.55910974375 0.3974356078125 0.5360208578125001 0.3850431796875 0.4965790640625 0.3871295015625 0.495121446875 0.393162884375 0.5120613421875 0.4050392484375
0 0.54835281875 0.4286102203125 0.5965287 0.425445878125 0.5967515718749999 0.41973876250000003 0.567298865625 0.4027419671875 0.5262135265625 0.40653798124999996 0.5250449296874999 0.41021748437500005 0.54835281875 0.4286102203125
0 0.6238344734375 0.498590953125 0.6780174531250001 0.49228063750000006 0.6780307062500001 0.48372658749999997 0.6357079031249999 0.45467780781249995 0.58187894375 0.46232790625 0.5800464437499999 0.4709178453125 0.6238344734375 0.498590953125
0 0.6897260078125 0.4898293234375 0.739822390625 0.48301723750000003 0.7392666234374999 0.47698595 0.692100040625 0.4514906359375 0.6473896234375001 0.454556565625 0.6451717421875001 0.46206213125 0.6897260078125 0.4898293234375
0 0.6348398375000001 0.5103127609375 0.6930790359375 0.5490937171875 0.7548794453125 0.53775565625 0.7557843796875 0.5282740390625 0.69672075 0.491984484375 0.638742471875 0.4996436359375 0.6348398375000001 0.5103127609375
0 0.7640965984375 0.5344799109375 0.816545359375 0.5232899265625 0.81668405625 0.5137142265625 0.7550798828125 0.48333504375 0.7067086671875 0.4908774796875 0.7067267734375 0.49917611875 0.7640965984375 0.5344799109375
0 0.7911855234375 0.6179182671875 0.8578833828124999 0.5983665968749999 0.8613692734375 0.586868515625 0.77735120625 0.5384407375 0.7181094484375 0.5521670640624999 0.7138796265625 0.5591663328124999 0.7911855234375 0.6179182671875
0 0.870904884375 0.5978913328125001 0.9232728187499999 0.5789135375 0.9271172562500001 0.5708298968750001 0.8407781734374999 0.526524603125 0.7920619875 0.5368765765625 0.78914964375 0.5479265546875001 0.870904884375 0.5978913328125001
0 0.3680848546875 0.4761310984375 0.36546322343750004 0.48477845156250005 0.3879146375 0.521072321875 0.412447884375 0.52135485625 0.41428073750000005 0.5032514406249999 0.3979634953125 0.5059275421875 0.3822453640625 0.47514002031249997 0.3680848546875 0.4761310984375
0 0.3945535796875 0.5273470234375 0.39443249375 0.537861271875 0.42734466875 0.5937680265624999 0.480232490625 0.585443078125 0.48492282812500004 0.556771434375 0.43419173750000006 0.5634113593750001 0.41034513281249996 0.525776278125 0.3945535796875 0.5273470234375
0 0.5176944734375 0.6582871031249999 0.477301090625 0.6061413796874999 0.4805831125 0.592115571875 0.44127613437499996 0.5978183984375 0.438654503125 0.60646575 0.489980846875 0.6966107953125 0.6059468609375 0.6636635921875 0.6083729984375 0.6534323671875 0.594555809375 0.6357471734375 0.592796871875 0.6437205140625 0.5176944734375 0.6582871031249999
0 0.6023462937499999 0.5977069968750001 0.5975076359375 0.62441059375 0.6291724515625 0.6587159890625001 0.7225868828124999 0.6315790812500001 0.7216429734375 0.6170343953125 0.700667965625 0.597300428125 0.6995494828125 0.6127617859375001 0.6373675375000001 0.6300847078125 0.6023462937499999 0.5977069968750001