0 0.0789859 0.48519366249999996 0.18193760781249999 0.4548144703125 0.17957478124999998 0.44401297968750003 0.0826989125 0.4730419859375 0.0418557765625 0.449413725 0.0421933234375 0.4605527625 0.0789859 0.48519366249999996
0 0.2025144703125 0.44647686562500005 0.2824449609375 0.42031127812499997 0.2795774984375 0.41278419218750007 0.2093246921875 0.43429015312499997 0.17563201875 0.42174500937500004 0.1792163453125 0.437157615625 0.2025144703125 0.44647686562500005
0 0.29233039375000003 0.417164528125 0.354326825 0.3980059078125 0.35281996718749997 0.3900410890625 0.3104126859375 0.37820149375 0.2800602671875 0.38573578125 0.284365575 0.413505015625 0.29233039375000003 0.417164528125
0 0.2989137734375 0.3815264453125 0.2984033921875 0.376422625 0.275776453125 0.369277275 0.27900887343749997 0.3864601390625 0.2989137734375 0.3815264453125
0 0.27163171875000003 0.352237959375 0.2740516 0.362068728125 0.3147358609375 0.35329665781249997 0.314887103125 0.34845689375 0.28206745781250003 0.3425584328125 0.25575124531250004 0.3483056515625 0.27163171875000003 0.352237959375
0 0.3128678796875 0.38010603125000003 0.36023433125 0.364613996875 0.3604124 0.3606964703125 0.32212748593749996 0.3516149328125 0.27493910312500003 0.36336751093749997 0.2760075203125 0.3695999390625 0.3128678796875 0.38010603125000003
0 0.3661106203125 0.39470771875 0.4159700421875 0.3797498921875 0.41490162656249996 0.3713806328125 0.371986909375 0.361230678125 0.3240862484375 0.3758323671875 0.3249765953125 0.38206479375 0.3661106203125 0.39470771875
0 0.439601053125 0.43499265 0.451110878125 0.42756695625 0.5101451406249999 0.4439034828125 0.5469023234375 0.42608181875 0.5461597546875 0.41568584687500004 0.47858594375 0.4008344609375 0.43106150625 0.42274025625 0.4303189359375 0.4327649421875 0.439601053125 0.43499265
0 0.5535854484375 0.41939869375 0.5907139156250001 0.398606753125 0.58848620625 0.391923628125 0.5313083671875 0.37855737968750003 0.48935320000000004 0.3974928984375 0.49269476093750003 0.40454730781250003 0.5535854484375 0.41939869375
0 0.5780902359375 0.47360625624999997 0.5877436375 0.46580927812499995 0.61150585625 0.47360625624999997 0.641579915625 0.45058660625 0.64269376875 0.43981935156249996 0.56806555 0.42014126406249996 0.5190559734375 0.450215321875 0.5205411125 0.45838358437500004 0.5780902359375 0.47360625624999997
0 0.6481215421875001 0.4443975578125 0.68013424375 0.419167209375 0.6790490671875 0.41075709375 0.6060709609375 0.39529333125 0.5729730843749999 0.41699685625000005 0.573244378125 0.424321796875 0.6481215421875001 0.4443975578125
0 0.6776925968749999 0.4932304921875 0.6755222437499999 0.5032683718750001 0.735478234375 0.5192747234375 0.7615224656249999 0.48047967031249994 0.7634215234374999 0.46854273125 0.66521306875 0.44494014687499994 0.6294022515625 0.4777667296875 0.6776925968749999 0.4932304921875
0 0.7707464640625 0.471255671875 0.78973705 0.44222720625 0.7894657546875 0.4313754421875 0.7021090640625001 0.414012621875 0.6763361265625 0.44005685312500004 0.6763361265625 0.448195675 0.7707464640625 0.471255671875
0 0.160777103125 0.5409389625000001 0.2285156796875 0.58949854375 0.2689139875 0.5666469765625 0.26156884062499997 0.5405308984375 0.23341244374999998 0.5584857015625 0.17709965156250002 0.5164551390625001 0.155472275 0.5299212421874999 0.160777103125 0.5409389625000001
0 0.2485108015625 0.603372709375 0.3472622203125 0.6711112859374999 0.4296910890625 0.6074533468750001 0.425610453125 0.586234034375 0.45091040312499997 0.57031955 0.41500079687499997 0.5503244281249999 0.4198975609375 0.573584059375 0.3366525625 0.6270404046875 0.2709543046875 0.5878662890624999 0.27013817812499996 0.5772566328125001 0.24687854687500002 0.590722734375 0.2485108015625 0.603372709375
0 0.3799073171875 0.69029028125 0.4496862109375 0.7392579265625 0.566800496875 0.7376256718749999 0.6227052265624999 0.658869375 0.62433748125 0.6445871453125 0.5986294671875 0.6343855515625 0.5986294671875 0.6433629546875 0.5386441015625001 0.72415956875 0.43050721718749996 0.662133884375 0.43050721718749996 0.628264596875 0.378683125 0.672743540625 0.3799073171875 0.69029028125
0 0.66636804375 0.55603731875 0.6206649078125 0.6045969015625 0.6031181671875 0.6001082 0.6027101046875 0.6233678312500001 0.64106809375 0.6380581249999999 0.6937083125 0.5613421468750001 0.6937083125 0.5495083000000001 0.6680002984375 0.541347025 0.66636804375 0.55603731875