0 0 0.487478015625 0.069738478125 0.5076883484375 0.1698929953125 0.457065509375 0.1667319625 0.45023495 0.07294120781249999 0.4947905546875 0 0.4732744359375 0 0.487478015625
0 0.18712634687500002 0.44842682187499994 0.26228798750000004 0.41438520937499995 0.2590122828125 0.40427083750000004 0.19100784531249998 0.4340440734375 0.1575627703125 0.42827105625 0.162438103125 0.442348009375 0.18712634687500002 0.44842682187499994
0 0.27030044375 0.40667145 0.3237128890625 0.3761017515625 0.32031099375 0.3709482921875 0.26904016875000003 0.36219420156250004 0.25110661875 0.368678515625 0.26174509218750003 0.4049198890625 0.27030044375 0.40667145
0 0.33177987343750004 0.37329153125 0.3791826359375 0.35266801875 0.375053925 0.3450844234375 0.3228118671875 0.33777593437500003 0.2803085375 0.357877090625 0.28089215 0.364530696875 0.33177987343750004 0.37329153125
0 0.2622611625 0.36412751718749997 0.30971292968749997 0.3449073453125 0.308027809375 0.33688715468749997 0.26327579375 0.33282973125000004 0.2434619921875 0.33879057968750004 0.250222521875 0.36138655468750003 0.2622611625 0.36412751718749997
0 0.42982181875 0.394365353125 0.43408495937499997 0.405417278125 0.464444628125 0.41124989218749997 0.4769471921875 0.399181696875 0.5081824359375 0.4054145359375 0.5313216749999999 0.38952850156249996 0.527949134375 0.3793070765625 0.460005275 0.3704789328125 0.42982181875 0.394365353125
0 0.5353539656249999 0.38163329375 0.561770125 0.36089402812500004 0.5618247625 0.350122125 0.49821370312499996 0.34200427499999997 0.468830696875 0.3641395453125 0.46776525312499995 0.3706387484375 0.5353539656249999 0.38163329375
0 0.5289257953125001 0.40727496093750004 0.54713258125 0.4105163640625 0.5472883015625001 0.4273121203125 0.613866209375 0.434033965625 0.632441796875 0.39849050468749997 0.6335222640625 0.392421575 0.5500734734375 0.3837040765625 0.5289257953125001 0.40727496093750004
0 0.6348581656250001 0.3936673234375 0.6502770375 0.3664192953125 0.6499915515625 0.35824406875000003 0.57909586875 0.3512422046875 0.5583784656249999 0.3747980625 0.557863503125 0.3847244421875 0.6348581656250001 0.3936673234375
0 0.7206946453125 0.43374983125 0.719514465625 0.4492998390625 0.7407482015625 0.45286633906249996 0.74937691875 0.4038846359375 0.6521142484375 0.394357128125 0.641428403125 0.421439875 0.7206946453125 0.43374983125
0 0.7511881734375 0.40640618437500003 0.7554745265625 0.368776915625 0.6733015375 0.359584065625 0.660449290625 0.38631166562499997 0.6607197515625 0.3940566171875 0.7511881734375 0.40640618437500003
0 0.2255568078125 0.5188682328125 0.2027841375 0.53487986875 0.20141231093749998 0.5536946640625 0.301925684375 0.585182375 0.3537914078125 0.545330190625 0.3450956515625 0.5141866312500001 0.3004284109375 0.55683071875 0.2234130265625 0.5301017859375 0.2255568078125 0.5188682328125
0 0.4536518390625 0.6016941515625 0.3589056140625 0.57558439375 0.350446271875 0.565735534375 0.33487208125 0.584539075 0.3379711609375 0.6006616765625 0.473952653125 0.6456199984375 0.5309293546875 0.5487814484375 0.5309936828125 0.5360988703125 0.49360532656249995 0.5257385953125 0.4935586890625 0.53892776875 0.4536518390625 0.6016941515625
0 0.5563298921875 0.5499232953125001 0.507593809375 0.635822596875 0.5093500093750001 0.6570642265625 0.685600215625 0.70771731875 0.7094230515625 0.5765316 0.696092353125 0.5724321984375 0.6739050890625 0.6487817703125 0.557740328125 0.6193622578125 0.5563298921875 0.5499232953125001
0 0.5494755625 0.45531377500000003 0.5232757359375 0.5039067390625 0.49572498125 0.4992894859375 0.4924683015625 0.522227809375 0.5373494453125 0.52928315 0.5745528453125 0.4762482265625 0.5755419125000001 0.46099728906250004 0.5494755625 0.45531377500000003