0 0.0276089125 0.5169672109375 0.13525653124999998 0.4627129265625 0.1307655890625 0.45318117343750003 0.0312170265625 0.5034500296875 0.001334034375 0.4982055515625 0.001054909375 0.509742596875 0.0276089125 0.5169672109375
0 0.1548004015625 0.4537226578125 0.22953789375000003 0.413497025 0.22410299843749998 0.4049427625 0.16272337812499998 0.4396496515625 0.12314093906250001 0.4292889 0.13063981875 0.445975759375 0.1548004015625 0.4537226578125
0 0.2414463 0.40752307656250003 0.29526591562500004 0.38015575468749996 0.2922579796875 0.37300065 0.2291210890625 0.362090028125 0.2220079078125 0.3674997671875 0.231755234375 0.4028871625 0.2414463 0.40752307656250003
0 0.208992578125 0.3377100046875 0.216490609375 0.35390845312499997 0.2204327546875 0.362194184375 0.233013759375 0.365012596875 0.2793710546875 0.3448360828125 0.276954078125 0.336903484375 0.229373653125 0.33051871875 0.208992578125 0.3377100046875
0 0.301920078125 0.3748226359375 0.35012916562499996 0.35195553749999997 0.3469462921875 0.343656553125 0.29326518125 0.3358592671875 0.24843305937500001 0.35638891250000004 0.25047039843749996 0.3643281375 0.301920078125 0.3748226359375
0 0.33553018125 0.5041850125 0.28511378125000003 0.5623751015625 0.2043702734375 0.5388031734375 0.1982376859375 0.5242153296875001 0.17318457812500002 0.54816445625 0.1792487859375 0.5588348546875 0.2880493859375 0.5902441484375001 0.338181240625 0.5438149390625 0.33075303906250003 0.5111260125 0.344258953125 0.4991343546875 0.3358147234375 0.4924241359375 0.33553018125 0.5041850125
0 0.4385949625 0.59986210625 0.345617990625 0.5769935453125 0.3434968703125 0.5677238046874999 0.32333202031249997 0.591097778125 0.3260539390625 0.6067248140625 0.460429034375 0.6440554875 0.5189587953125 0.5455577515625001 0.517748653125 0.5323534734375001 0.47744100625 0.5242401125 0.480068903125 0.5344806656250001 0.4385949625 0.59986210625
0 0.54674236875 0.53772534375 0.5014168875 0.6350129375 0.50409606875 0.6481915734375 0.6798778390625 0.7004740375 0.69427900625 0.5713974734375 0.6784981171875 0.5653051453125 0.6637404359375 0.6458948 0.544682190625 0.61613404375 0.54674236875 0.53772534375
0 0.5301092171875 0.45474463906249996 0.50298379375 0.500282440625 0.476936709375 0.49534896875 0.4817370140625 0.5177973421875001 0.5210738484374999 0.5264174781250001 0.55783048125 0.4714048 0.5576082484375 0.45867310781250004 0.5301092171875 0.45474463906249996
0 0.43653640468750005 0.3696781140625 0.4099116875 0.3877767171875 0.411722625 0.407338290625 0.446068634375 0.4106574171875 0.4532257984375 0.3997562359375 0.48904085 0.40304971875 0.50685131875 0.3851049703125 0.506241975 0.378257990625 0.43653640468750005 0.3696781140625
0 0.5097124749999999 0.3806465609375 0.5352552625 0.3566888890625 0.5351099578125 0.34836432031250003 0.47033538124999996 0.3416576921875 0.4433064578125 0.364661646875 0.44337483593749993 0.368579090625 0.5097124749999999 0.3806465609375
0 0.5067120828125 0.405190415625 0.5302680265624999 0.407718221875 0.5290554078125 0.422434278125 0.58947414375 0.4321559171875 0.6080075515625001 0.3995036578125 0.6073298281249999 0.3887392375 0.5307430906249999 0.3788099828125 0.5067120828125 0.405190415625
0 0.532246321875 0.3807430625 0.6083604734375 0.391660225 0.62405836875 0.3649354171875 0.621000621875 0.35813117499999997 0.5527299046875 0.34756693437499997 0.5340682859375 0.372873984375 0.532246321875 0.3807430625
0 0.696224478125 0.4302925828125 0.6960339578125 0.4474399453125 0.715646815625 0.448567090625 0.72023839375 0.40293278906249996 0.630293525 0.3853994265625 0.6147323890624999 0.419959121875 0.696224478125 0.4302925828125
0 0.644505284375 0.3577209 0.6333256281249999 0.3907346265625 0.7192846734375 0.40441892343749997 0.723480590625 0.3641796546875 0.644505284375 0.3577209