0 0.643987034375 0.5758987359375001 0.645039225 0.56925546875 0.6333781359375 0.5630307296875 0.606716665625 0.587020484375 0.5919078375 0.582242884375 0.5888264234375 0.6016981671875 0.6091791671875 0.6083266828125 0.643987034375 0.5758987359375001
0 0.55088115 0.6662195171875 0.5993321671875 0.6213597531249999 0.600910453125 0.6113948515625001 0.5873512890625 0.6048694875 0.5510962828125 0.63414969375 0.5071723109375 0.613572984375 0.5035368078125 0.6426689609375 0.55088115 0.6662195171875
0 0.3568559203125 0.681212675 0.426291940625 0.731124078125 0.472169115625 0.7393687546875001 0.536711903125 0.6819729703124999 0.5360207453125 0.6648387062500001 0.5035839671875 0.648513503125 0.4997554046875 0.6634726453125 0.4415369578125 0.711649628125 0.37492005625 0.6685082265625 0.3738015390625 0.6571433484375 0.3584342046875 0.6712477734375 0.3568559203125 0.681212675
0 0.2567824609375 0.6128289437500001 0.33520634843749997 0.6704873796874999 0.3761549703125 0.6453555265625 0.377939559375 0.6218034671875 0.3355202203125 0.64086530625 0.28625863749999997 0.604850521875 0.285990421875 0.5911882046875 0.25686203281250003 0.60311309375 0.2567824609375 0.6128289437500001
0 0.44111240937499996 0.502420621875 0.44199070625000003 0.49380412187499995 0.39252281875 0.47137649843749996 0.34303727031250003 0.48591420156250004 0.3422341296875 0.49405618125000006 0.3947746015625 0.5155111875 0.44111240937499996 0.502420621875
0 0.374290709375 0.5219953125 0.3763435125 0.51210556875 0.322280746875 0.487977340625 0.2578080625 0.5050055421875 0.2571272390625 0.5185175453124999 0.3115142109375 0.54366996875 0.374290709375 0.5219953125
0 0.2855851390625 0.5507509296875 0.28858698125000004 0.541011496875 0.23225477187500002 0.50971390625 0.14065492500000001 0.5321740421875 0.139325690625 0.5436376578125001 0.1944318171875 0.5796052828125 0.2855851390625 0.5507509296875
0 0.21966381093749998 0.5155024578125 0.22236502656249998 0.507661103125 0.1786945203125 0.47934177499999997 0.08537490625000001 0.4942331859375 0.087141834375 0.5076464515625 0.1267155640625 0.53726260625 0.21966381093749998 0.5155024578125
0 0.2716147703125 0.4639006890625 0.205295584375 0.47723147499999996 0.20274468125 0.4841237921875 0.24544256875 0.5093705359375 0.31378656562499996 0.4924690671875 0.31461328593750004 0.48724935625 0.2716147703125 0.4639006890625
0 0.34290461875 0.4498979109375 0.2887254546875 0.460287259375 0.288471990625 0.468029878125 0.3282756015625 0.48698114062500003 0.38292928437499996 0.47666695 0.3846814640625 0.4686752796875 0.34290461875 0.4498979109375
0 0.5554912046875 0.4442983734375 0.5705135 0.43921376093750003 0.5358063953125 0.42945160312499997 0.5135577578125 0.4330362515625 0.5133553234375 0.4365584328125 0.5498854390625 0.45051899375 0.5550141890625 0.44955418593749996 0.5554912046875 0.4442983734375
0 0.521183925 0.45882200468749995 0.5447944046875 0.452299103125 0.544195590625 0.44830453437499995 0.508864421875 0.435524925 0.482377403125 0.44077123125 0.4821852640625 0.4458720171875 0.521183925 0.45882200468749995
0 0.5304260265625 0.46008056093749994 0.552353875 0.4680690625 0.555334865625 0.449247828125 0.5313973078124999 0.45653992031249996 0.5304260265625 0.46008056093749994
0 0.5384319734375 0.4898781453125 0.549257846875 0.4850248375 0.552490675 0.4685012265625 0.5229125828125001 0.45827480156249994 0.49411612656250004 0.466439309375 0.49113077499999996 0.4723291859375 0.5384319734375 0.4898781453125
0 0.5102430124999999 0.4618098546875 0.511004115625 0.4570044328125 0.4726913234375 0.4423158375 0.44107180625 0.44757023125 0.4395931234375 0.45431448750000003 0.4825745375 0.46933202031250004 0.5102430124999999 0.4618098546875
0 0.6978180046875 0.5241533546875 0.6978951046875 0.5171871109375 0.6809517781250001 0.5321549375 0.6192026046875 0.51252289375 0.617376946875 0.517570203125 0.6811383265625001 0.5387524421875 0.6978180046875 0.5241533546875
0 0.6236386515625 0.49229012812499995 0.6064335359374999 0.503727265625 0.5505108140625 0.48748102343750005 0.5505506140625 0.49241329531250005 0.6038467734374999 0.5135799953125 0.6235080749999999 0.500889890625 0.6236386515625 0.49229012812499995