0 0.3005066984375 0.485341853125 0.302476790625 0.49427636250000007 0.319089190625 0.47856750625 0.3791262046875 0.49651424375 0.38094198437500004 0.48714646093749997 0.31634019687500003 0.46913553906249994 0.3005066984375 0.485341853125
0 0.37709565 0.515833675 0.3952658515625 0.5011197375 0.45067266874999995 0.5156706734375 0.45095286874999996 0.5090506421875001 0.3978173265625 0.4926604640625 0.3787163953125 0.5043674296875 0.37709565 0.515833675
0 0.4717696390625 0.5403300515625 0.44937781093750007 0.5358986125 0.44611410156250003 0.555088434375 0.471121590625 0.5464958281250001 0.4717696390625 0.5403300515625
0 0.4673680546875 0.5732880328125 0.48962994843749996 0.5679680609375 0.49098688125 0.5637336578125 0.4521844234375 0.5529074421875 0.4307778640625 0.5639709703125 0.4673680546875 0.5732880328125
0 0.4584214578125 0.5508273421875 0.45845991875000003 0.5539317765625 0.4952212859375 0.565090590625 0.5222013125 0.558260378125 0.5221151796875 0.553874303125 0.4821258734375 0.542193840625 0.4584214578125 0.5508273421875
0 0.49091644062500006 0.5383759921875 0.4904045453125 0.543246340625 0.531362396875 0.5561228546875 0.5625194062500001 0.5477255265625 0.5629554640625 0.5435767109375 0.520269615625 0.529789071875 0.49091644062500006 0.5383759921875
0 0.4504916203125 0.534309546875 0.4800468609375 0.542887209375 0.50736815 0.532810096875 0.5091329765625 0.5264300515625 0.46164340625 0.513231778125 0.4516280734375 0.516556146875 0.4504916203125 0.534309546875
0 0.5579582453125 0.49634811093750003 0.559871321875 0.505626671875 0.6108648203125 0.5229520828124999 0.6187045984374999 0.52295085 0.65785813125 0.5076732390625 0.657856896875 0.499833459375 0.6079798624999999 0.4797371015625 0.5579582453125 0.49634811093750003
0 0.619112703125 0.5229937437500001 0.661493109375 0.5398264968750001 0.7117304265625 0.529014740625 0.7137268234375 0.5217975359375 0.6698855734375 0.503160790625 0.6192622140624999 0.5176454875000001 0.619112703125 0.5229937437500001
0 0.6250553062499999 0.4782308984375 0.6792070265625 0.500839609375 0.740805090625 0.4800813640625 0.7425649562500001 0.4711888453125 0.6899806984375 0.44544397656249995 0.62331380625 0.46731992031249997 0.6250553062499999 0.4782308984375
0 0.6873053984374999 0.5062295265625 0.7280104921875 0.5232988109375001 0.798437346875 0.508832478125 0.7977485859375 0.49968259843749996 0.7537994859375 0.478146225 0.6868960625 0.49834685468749995 0.6873053984374999 0.5062295265625
0 0.706133315625 0.4487921375 0.7651614640625 0.4760395125 0.8563991984375001 0.4480811953125 0.85770806875 0.4395538890625 0.8062390421875 0.40319829531250007 0.7120171265625 0.4399204515625 0.706133315625 0.4487921375
0 0.7781779234374999 0.4778202109375 0.8199798828124999 0.5040822671875 0.9150204734375 0.48312545625 0.9139665015625 0.47352457656249997 0.8718851187500001 0.4459953125 0.78099053125 0.47068879375000006 0.7781779234374999 0.4778202109375
0 0.6549559203124999 0.354701365625 0.70842134375 0.383839753125 0.70700585625 0.3973072109375 0.733487309375 0.3848238390625 0.734731221875 0.37298880156249997 0.6575283015625 0.3223753015625 0.6137581671875 0.3462451765625 0.6134187171875001 0.3730293484375 0.6549559203124999 0.354701365625
0 0.454971459375 0.332119015625 0.4894839015625 0.35302141875 0.490875675 0.339779575 0.5472961625 0.2878383625 0.6166815015625 0.3344316765625 0.6327094734375 0.325751284375 0.6365743921875 0.3136331296875 0.56215296875 0.2656467515625 0.5187094343750001 0.2598647453125 0.4538233890625 0.3224970984375 0.454971459375 0.332119015625
0 0.393469990625 0.3830943234375 0.3901669171875 0.3939759046875 0.40691709062500003 0.40307829375 0.4437589625 0.36894553281250003 0.4853072890625 0.3845411875 0.49036130624999996 0.3570005125 0.43952713593750004 0.3352463765625 0.393469990625 0.3830943234375
0 0.3529209828125 0.4319530703125 0.35343922031249997 0.4393494140625 0.3640963234375 0.444788271875 0.3889342140625 0.41803134062499997 0.40509944999999997 0.424481 0.40882839375 0.4054385546875 0.3850192390625 0.39775361249999996 0.3529209828125 0.4319530703125