0 0.3653272171875 0.4955096109375 0.353531490625 0.4990900890625 0.35261291250000004 0.5071923046875 0.3799212578125 0.5422128171875 0.40136156562499997 0.538396846875 0.4013207453125 0.5297503906250001 0.40138423906250004 0.5238261890625 0.38595849375 0.525981525 0.3653272171875 0.4955096109375
0 0.42871073125 0.5820638140625001 0.401829403125 0.5436079546875 0.3863133015625 0.5474874187500001 0.387910440625 0.5594261828125 0.391346834375 0.5645458859375 0.424970821875 0.611011509375 0.4731389453125 0.5967412203125 0.47566443124999996 0.5862534171875 0.47538916875000004 0.5726550640625 0.42871073125 0.5820638140625001
0 0.592784975 0.6465295609374999 0.519393725 0.675531690625 0.47264899062500004 0.6202280828125 0.4738014546875 0.602950453125 0.43787003437500005 0.6146512921875 0.437367659375 0.62894983125 0.4427744859375 0.6341728 0.4927899015625 0.707183428125 0.6072167859375 0.6633396296875 0.607435178125 0.6544597796875 0.5946629546875 0.6389715875 0.592784975 0.6465295609374999
0 0.5988970046875 0.605307765625 0.5958551890625 0.6256477281249999 0.632405865625 0.6586828062500001 0.71601070625 0.623300496875 0.7182769796875 0.6130460890625 0.6928518484375 0.5939310203125 0.6916880125 0.6067130093750001 0.6311035203124999 0.6316936828124999 0.5988970046875 0.605307765625
0 0.323189 0.46069981875000005 0.3880681140625 0.4527388890625 0.38705603593750004 0.44848717968749996 0.3227211609375 0.4554887109375 0.308768003125 0.43425807968749996 0.30863996875 0.441413803125 0.323189 0.46069981875000005
0 0.40246609375000003 0.45100267812499995 0.458357178125 0.44433204374999996 0.459176596875 0.4391636859375 0.403566209375 0.44571189375 0.387755453125 0.42815227031249997 0.38767060625 0.43500479687500004 0.40246609375000003 0.45100267812499995
0 0.5073064234375 0.3921787109375 0.48697703593749997 0.382336365625 0.451577865625 0.38528105625000003 0.46698491718749996 0.4000767328125 0.50765995625 0.3959000046875 0.5073064234375 0.3921787109375
0 0.496471475 0.4157474234375 0.5374630484375 0.41076444843750004 0.5382394625 0.4064166765625 0.5123457640625 0.39545988125 0.474254903125 0.40004631875 0.4739246171875 0.40373177499999996 0.496471475 0.4157474234375
0 0.5318394625 0.43433199843750003 0.57560215 0.428808553125 0.576443071875 0.42322990625 0.5461580125000001 0.409711596875 0.505418465625 0.4151192 0.50547696875 0.4192364515625 0.5318394625 0.43433199843750003
0 0.46273129375 0.4341386796875 0.47091019999999995 0.4429328265625 0.5208989359375 0.4363642796875 0.5197314046875 0.42985753750000005 0.49240439843750006 0.4148485796875 0.4635770578125 0.418000546875 0.46273129375 0.4341386796875
0 0.609218171875 0.49914003593749995 0.662589003125 0.488223134375 0.663249575 0.48085222187500004 0.617702559375 0.4576200015625 0.565785378125 0.4669674125 0.5655637671875 0.47381277187500004 0.609218171875 0.49914003593749995
0 0.6751271078125 0.4844917640625 0.7215809046875 0.4747208921875 0.72207604375 0.467889865625 0.672239759375 0.4479984828125 0.6282327953125 0.4555662171875 0.62896853125 0.4624617515625 0.6751271078125 0.4844917640625
0 0.7529246296875 0.5229909703125 0.8014866406250001 0.5096278171875 0.8024637468750001 0.5014506562500001 0.7375751078125 0.4756962515625 0.6910281328125001 0.4872450546875 0.6912526515625 0.4934280984375 0.7529246296875 0.5229909703125
0 0.6853619359375 0.5456438 0.7396817828125 0.5297024734375 0.7422564671874999 0.519826225 0.68158484375 0.48949294375 0.6254285625 0.5012238421874999 0.623861396875 0.510192915625 0.6853619359375 0.5456438
0 0.7617073484375 0.5281139953125 0.7044451031250001 0.544723953125 0.7039577140625 0.5540238953125 0.785599965625 0.603421475 0.8457051546875001 0.5791435578125 0.8486614609375 0.5698358671875 0.8477184484375 0.5695121671875001 0.7617073484375 0.5281139953125
0 0.86202379375 0.5760217359375 0.9102890312499999 0.5552374984374999 0.9139004875 0.5465127 0.825659321875 0.51103179375 0.7763489828125001 0.5255899828125 0.7761058703125 0.532845634375 0.86202379375 0.5760217359375