0 0.8138518875 0.46236708593750003 0.8514127078125 0.4342534890625 0.9317081843749999 0.4575529546875 0.93395315625 0.4759265078125 0.970645990625 0.45619165468749995 0.9698964640625001 0.44143356406249995 0.8556156015624999 0.40696154062499995 0.80715700625 0.445037134375 0.813365065625 0.46167183125 0.8133129578125 0.4619673515625 0.8138518875 0.46236708593750003
0 0.805851421875 0.43170452812500004 0.8344781609374999 0.40932857812499995 0.8310168593749999 0.394397034375 0.70594099375 0.35893568125 0.6399140859375 0.43961953749999994 0.64128890625 0.4508314015625 0.6720667687499999 0.459457790625 0.6719172062500001 0.44648137656250003 0.7223380515625 0.393821146875 0.8076223703125001 0.4164767453125 0.805851421875 0.43170452812500004
0 0.5880178093749999 0.507559659375 0.58819270625 0.5152081703125 0.6067411546875 0.5206117109374999 0.6392767125 0.48125199218750003 0.6733663140624999 0.491833509375 0.6730500593750001 0.46770590468749995 0.6294346171874999 0.4575776703125 0.5880178093749999 0.507559659375
0 0.433311446875 0.4016663828125 0.4202480390625 0.4636561 0.5174923046875 0.4893346796875 0.544793084375 0.432140696875 0.544548590625 0.42402285468749995 0.43433575468749996 0.392401084375 0.433311446875 0.4016663828125
0 0.398570946875 0.46044325781250006 0.40770408125 0.386181665625 0.2886777875 0.3527011390625 0.2847682484375 0.3645047625 0.29767623906249996 0.4347304203125 0.398570946875 0.46044325781250006
0 0.2541190265625 0.2186306140625 0.2785066375 0.33780529531250003 0.40545983124999996 0.37298825625 0.4091959171875 0.363896409375 0.420340525 0.2540340859375 0.2711844796875 0.2151638640625 0.2541190265625 0.2186306140625
0 0.4554908578125 0.26724029531250004 0.4340909 0.38169316875 0.5523527046875001 0.4177812578125 0.5984920421875 0.32719184375 0.6002458625 0.31378928125 0.4554908578125 0.26724029531250004
0 0.48879993437499997 0.539732090625 0.50586501875 0.5034339390625 0.5096703421875 0.492221353125 0.418319321875 0.46941015156250004 0.409130475 0.51806654375 0.48879993437499997 0.539732090625
0 0.30108399218750004 0.43959719531249997 0.305837359375 0.495587284375 0.39052991718749996 0.512958521875 0.3978064578125 0.46305081875000004 0.30108399218750004 0.43959719531249997
0 0.4347734890625 0.5982172046875001 0.49070476406249997 0.6119901078125001 0.49022414531249997 0.6113037125 0.5039252234375 0.5941660390625 0.5038984328125 0.586640721875 0.44143725468749995 0.573220540625 0.4347734890625 0.5982172046875001
0 0.4775787375 0.63013165 0.4873933078125 0.617121859375 0.48868821718750005 0.6114841234374999 0.4341300859375 0.59930705 0.42760267343749997 0.6175592234375 0.4775787375 0.63013165
0 0.464503796875 0.6454243734375 0.472387796875 0.63312705625 0.47489270625 0.6283043234375 0.42480529999999994 0.617216384375 0.419522065625 0.635236703125 0.464503796875 0.6454243734375
0 0.3633226234375 0.60592409375 0.3605104765625 0.6227256015625 0.40761164375 0.6328357515625 0.413907559375 0.615896465625 0.3633226234375 0.60592409375
0 0.36533596562500004 0.5834164953125 0.36232721093750003 0.6055981625 0.414053434375 0.6159221875 0.42210796562499997 0.5958335203125 0.36533596562500004 0.5834164953125
0 0.3645235953125 0.5542437609374999 0.36174740625 0.582783734375 0.42019430468749996 0.5947440296875001 0.4277759609375 0.567953859375 0.3645235953125 0.5542437609374999