0 0.6732441078125 0.41167856562500005 0.7053720609374999 0.3116438 0.7020862484375 0.3010561796875 0.5520341 0.3098183484375 0.5487482875 0.401821125 0.5505737390625 0.4145992875 0.5593359078125 0.416424740625 0.5633519015624999 0.3328190421875 0.6637517578125001 0.3306285 0.6754346499999999 0.38977314218750003 0.6732441078125 0.41167856562500005
0 0.3756954453125 0.31565979375 0.374235084375 0.3295332296875 0.40015650156250004 0.401821125 0.406728128125 0.341216121875 0.5060327124999999 0.33683503593749997 0.509683615625 0.41532946875 0.5257475921875 0.4127738359375 0.5213665078124999 0.30872307656250003 0.3756954453125 0.31565979375
0 0.10479838125 0.3277077765625 0.189134259375 0.42190109531250003 0.30413773125 0.416424740625 0.3059631828125 0.405472028125 0.24754872187500002 0.30872307656250003 0.10954455625 0.316024884375 0.10479838125 0.3277077765625
0 0.0000174421875 0.3850269671875 0.0485744625 0.4237265484375 0.1610223 0.41861528281249993 0.1643081140625 0.4098531125 0.076686421875 0.3141994328125 0.0003825328125 0.317485246875 0.0000174421875 0.3850269671875
0 0.20706611718749998 0.4366072765625 0.259984596875 0.4935315375 0.35211756875 0.49142323125000004 0.3529608921875 0.48088170156250004 0.3181738421875 0.42290328749999995 0.2102285765625 0.4271199 0.20706611718749998 0.4366072765625
0 0.0782697046875 0.4450405 0.148370878125 0.49753731874999996 0.239955690625 0.49437486093749994 0.2424856578125 0.4838333296875 0.1855613953125 0.4285957140625 0.0821700703125 0.43323398593749995 0.0782697046875 0.4450405
0 0.2885732265625 0.537384303125 0.2520995328125 0.49922396406249997 0.1671348015625 0.5021755921875 0.1650264953125 0.5122954609375 0.21246338125 0.548558325 0.288151565625 0.54645001875 0.2885732265625 0.537384303125
0 0.270315296875 0.50786801875 0.3051023453125 0.54645001875 0.3820555140625 0.5424442375 0.38289883750000003 0.5354868265625 0.3603399625 0.49627233593750003 0.2720019421875 0.49922396406249997 0.270315296875 0.50786801875
0 0.527317796875 0.5886161375000001 0.52837195 0.61096418125 0.5327993921874999 0.6090667062499999 0.5315344093750001 0.5829237125 0.4670202453125 0.58271288125 0.4680743984375 0.5884053078125 0.527317796875 0.5886161375000001
0 0.391753721875 0.591989428125 0.40440355781250004 0.6115966734375 0.4611169890625 0.61096418125 0.4619603109375 0.6052717546874999 0.4539487484375 0.5848211875 0.3900670765625 0.5854536796875001 0.391753721875 0.591989428125
0 0.315011384375 0.5924110890625001 0.335251121875 0.6130724875 0.391964553125 0.6113858421875 0.391542890625 0.60485009375 0.37657391875 0.585664509375 0.3145897234375 0.5860861703125 0.315011384375 0.5924110890625001
0 0.3426301921875 0.6172891 0.35865331718750004 0.6335230562499999 0.40798767812500003 0.63141475 0.40904183125 0.6276197984375 0.397656978125 0.6107533515625 0.34305185312500003 0.61286165625 0.3426301921875 0.6172891
0 0.361604946875 0.636474684375 0.3742547828125 0.6491245203125 0.42000502187500005 0.6487028593749999 0.42127000625 0.6421671109375 0.41115013749999996 0.6316255796875 0.3628699296875 0.6335230562499999 0.361604946875 0.636474684375