0 0.42057772031249996 0.39962171875 0.4191415625 0.40523314218750006 0.484992746875 0.4145681546875 0.48536090625000006 0.40878757343750005 0.42057772031249996 0.39962171875
0 0.499733028125 0.4090567765625 0.4983709453125 0.41650458749999997 0.561037478125 0.42405794218750004 0.562745059375 0.41903690156250006 0.499733028125 0.4090567765625
0 0.5749568296875001 0.37188788281249996 0.5737268640625001 0.3773495 0.60642249375 0.3828929109375 0.6067431125 0.3785645234375 0.5999011578125 0.3641608953125 0.5683757953125 0.36044502500000003 0.5749568296875001 0.37188788281249996
0 0.61969014375 0.40050385312500003 0.6087364953125001 0.3832594125 0.5718622859375 0.3776015765625 0.56870473125 0.3975375859375 0.6182169484375 0.405197084375 0.61969014375 0.40050385312500003
0 0.573395215625 0.42437302812500005 0.635630015625 0.43350019062499995 0.6374979062499999 0.42631495625 0.6244292609375 0.40399143437499996 0.5679275015624999 0.3966846234375 0.567080071875 0.4054912046875 0.573395215625 0.42437302812500005
0 0.6184048859375 0.3844258046875 0.6656136015625 0.389348415625 0.666084028125 0.385226221875 0.6537417609375 0.3721410125 0.608753621875 0.367022709375 0.6073738484375 0.3722781359375 0.6184048859375 0.3844258046875
0 0.6287383 0.405586246875 0.683609865625 0.4128173265625 0.684390409375 0.4067371296875 0.6695014109375 0.39014665000000004 0.62086869375 0.3849984984375 0.618026225 0.39257676875 0.6287383 0.405586246875
0 0.6487456375 0.43594243125 0.7103812078125 0.4442448234375 0.7124182515624999 0.4359915890625 0.6930720640625 0.414133525 0.63790088125 0.406490059375 0.634112028125 0.41428337031250007 0.6487456375 0.43594243125
0 0.663076171875 0.5276716890625 0.7532089984375 0.5383638609375 0.7549392359375 0.5274395734375 0.7222993437499999 0.4846435359375 0.6447002687500001 0.4768323828125 0.642372928125 0.48587036406250006 0.663076171875 0.5276716890625
0 0.7704367999999999 0.537061078125 0.8527258578125 0.54919851875 0.8575148953125 0.538758696875 0.8119951999999999 0.4952664984375 0.7388350499999999 0.4877104671875 0.7343228500000001 0.496402403125 0.7704367999999999 0.537061078125
0 0.7031975265625 0.6052476625 0.8064394984375 0.6180161187500001 0.8185661265625 0.6064987921875 0.7658336765625 0.543498946875 0.673676125 0.5342778218750001 0.6715564125 0.5420048890625 0.7031975265625 0.6052476625
0 0.8314635765625 0.618396078125 0.9325206921875001 0.6308184875 0.9356310515624999 0.61966485625 0.8754700890624999 0.5554884484375 0.7803229453125 0.5453458875 0.780777565625 0.5566162218749999 0.8314635765625 0.618396078125
0 0.770438278125 0.7265370453125 0.9083177015624999 0.7412080703124999 0.9131067390625001 0.73076825 0.834310684375 0.6287015453125 0.7216846828125 0.615790603125 0.7156539390625001 0.625585825 0.770438278125 0.7265370453125
0 0.9353624390625 0.7486270687500001 0.9657685921875 0.7489635984375 0.9804788249999999 0.6626027015625 0.964761590625 0.642196009375 0.858482534375 0.6316341234375 0.851807190625 0.64267105 0.9353624390625 0.7486270687500001
0 0.374731303125 0.5752431203125 0.3595277546875 0.5657470499999999 0.3255299859375 0.662126665625 0.3279166671875 0.6726304828125 0.4768445078125 0.6881176921875001 0.480274134375 0.583352528125 0.46567957968749996 0.6595159609375 0.369183409375 0.6518268218750001 0.367548284375 0.5918255984374999 0.374731303125 0.5752431203125
0 0.5036684484375 0.589082984375 0.5054125046875 0.6931487093750001 0.65223743125 0.7027336578125001 0.636386559375 0.6333928171875 0.6194436546875 0.6732377031250001 0.5248985421875 0.6628198390625 0.5214734078125 0.5949407546875001 0.5257911984375 0.5900554328125 0.5036684484375 0.589082984375