0 0.30236481249999997 0.462851828125 0.36989806875000003 0.44991526249999997 0.36836322187500004 0.4439951390625 0.30082996562500003 0.45517759375000005 0.2876741359375 0.43390900312499997 0.28482370625 0.44246029218749994 0.30236481249999997 0.462851828125
0 0.38261537031250004 0.4485996796875 0.4400624921875 0.43697869687499996 0.439843228125 0.431716365625 0.3832731625 0.43982912656249995 0.36880175 0.424480659375 0.36704763906250004 0.43566311406249997 0.38261537031250004 0.4485996796875
0 0.44093954843749994 0.38501317031250004 0.44093954843749994 0.38939844687499997 0.44488629687500003 0.392468140625 0.4854501046875 0.385232434375 0.4856693671875 0.3812856859375 0.464620040625 0.372734396875 0.428222246875 0.37733893749999997 0.44093954843749994 0.38501317031250004
0 0.4426936578125 0.40847439999999996 0.46549709687499996 0.4067202890625 0.46637415156250006 0.40233501250000003 0.44028175625 0.3911525578125 0.4426936578125 0.40847439999999996
0 0.47339059375000003 0.40562397031249997 0.5165855671874999 0.3990460546875 0.516366303125 0.392468140625 0.4902739078125 0.3834783234375 0.451683475 0.3902755015625 0.45080642031249996 0.3959763609375 0.47339059375000003 0.40562397031249997
0 0.44949083749999996 0.4332512109375 0.49904446093750005 0.4249191859375 0.5005793078125 0.418341271875 0.47339059375000003 0.4047469140625 0.442912921875 0.4102285109375 0.441378075 0.42513845000000006 0.44949083749999996 0.4332512109375
0 0.5119810265625 0.42404213124999995 0.5567108468749999 0.41483305000000004 0.555176 0.408035871875 0.5260139109375 0.3959763609375 0.48325746562500005 0.4045276515625 0.4828189375 0.40957071875000006 0.5119810265625 0.42404213124999995
0 0.5922315859375 0.48258557187499995 0.645731959375 0.46833342343749995 0.6461704859374999 0.45934360625000004 0.59968655625 0.43960986249999995 0.5481595578125 0.4507923171875 0.5475017656250001 0.4595628703125 0.5922315859375 0.48258557187499995
0 0.6560373578124999 0.4648252015625 0.7014249703125001 0.4521079 0.702302025 0.44509145781250004 0.6538447203125 0.42645403281250005 0.6102112187500001 0.4378557515625 0.6091149 0.4459685140625 0.6560373578124999 0.4648252015625
0 0.667658340625 0.5218337953125001 0.722912825 0.5018807875 0.7251054625 0.4933294984375 0.6626152734375 0.465921521875 0.606483734375 0.48258557187499995 0.6073607890625 0.4922331796875 0.667658340625 0.5218337953125001
0 0.7343145437499999 0.49639919218750006 0.7823333203125 0.47951587812499996 0.7818947921875 0.4727187 0.7180890203125 0.44969599843749997 0.6733591999999999 0.461974771875 0.6740169921875 0.4714031171875 0.7343145437499999 0.49639919218750006
0 0.6880498765625 0.5295080296875 0.770054546875 0.5729222671875001 0.8285979875 0.5450757609375 0.8299135703125 0.5363052078125 0.742208040625 0.5007844687499999 0.689365459375 0.52029895 0.6880498765625 0.5295080296875
0 0.8428501359375 0.5409097484375 0.8893296812499999 0.5170099921875 0.8902067359375 0.50999355 0.8038167890624999 0.47841955937499997 0.7599684109375 0.4972762484375 0.7582143 0.5058275375 0.8428501359375 0.5409097484375
0 0.3356433 0.504666009375 0.368280059375 0.5400511265625 0.38923629375 0.534554409375 0.3878621140625 0.5180642578125 0.3713719625 0.5221867953125 0.34938509375 0.49539029843750004 0.3363303890625 0.4971080234375 0.3356433 0.504666009375
0 0.372402596875 0.554480009375 0.41500215625000003 0.6066988234374999 0.46412906718749997 0.5874603140625 0.4634419765625 0.5616944515625 0.4198117828125 0.5737185203124999 0.3895798390625 0.5397075828125 0.372402596875 0.5438301203125 0.372402596875 0.554480009375
0 0.42874394843749997 0.6176922593749999 0.49023847343750004 0.6960204796875 0.600859909375 0.6431145765624999 0.5994857296875 0.6324646859375 0.5874616609375 0.6204406171875 0.5840262125 0.6293727828125 0.5142866125000001 0.6592611828125 0.46412906718749997 0.5957053890624999 0.42771331406249996 0.607729459375 0.42874394843749997 0.6176922593749999
0 0.6238774125 0.635900134375 0.7070152625 0.5963924796875 0.7077023515625 0.5867732234374999 0.680218765625 0.5689088921875001 0.67918813125 0.5833377750000001 0.6235338687499999 0.6104778171875 0.588835840625 0.58711676875 0.5871181156249999 0.6084165484375 0.6238774125 0.635900134375