0 0.25750698125000004 0.47256553749999997 0.3256980296875 0.4594097078125 0.3246017109375 0.4545859046875 0.25969961874999997 0.46532983124999994 0.24171998593750002 0.4460346140625 0.24040440312500003 0.4539281125 0.25750698125000004 0.47256553749999997
0 0.34221415781250003 0.45743842968750004 0.4003190703125 0.4434055453125 0.39988054375000004 0.436608365625 0.34221415781250003 0.4471330296875 0.324892315625 0.42959192343749997 0.3240152609375 0.44121290625 0.34221415781250003 0.45743842968750004
0 0.41084373437500005 0.44033585156250005 0.46127441406249997 0.4298111875 0.461493678125 0.42367180156249995 0.431454534375 0.409638915625 0.4011961265625 0.41621683125000003 0.40207318125 0.4269607578125 0.4018539171875 0.4352927828125 0.41084373437500005 0.44033585156250005
0 0.40105029999999997 0.41650953125 0.4238537375 0.4130013109375 0.423415209375 0.407519715625 0.39929618906250003 0.3948024140625 0.40105029999999997 0.41650953125
0 0.398155065625 0.38952569375 0.3988482140625 0.39385787968749997 0.4030071125 0.3964571890625 0.44338307187500003 0.38969898125 0.44424950937499996 0.384846934375 0.42276187343749994 0.377049003125 0.3837722125 0.38224762343749996 0.398155065625 0.38952569375
0 0.4505471984375 0.4073624265625 0.4940423328125 0.3971384703125 0.49230945937500004 0.3924597109375 0.4685690875 0.3837953421875 0.4280198390625 0.3915932734375 0.4274999765625 0.3971384703125 0.4505471984375 0.4073624265625
0 0.4890169984375 0.423304865625 0.53424500625 0.413427484375 0.53285870625 0.40840215 0.5025334140625 0.39488573437499996 0.46059786718750007 0.403376815625 0.4611177296875 0.41013502500000004 0.4890169984375 0.423304865625
0 0.5549162609375 0.48471156562499995 0.6055412765625 0.468873571875 0.6072382046875 0.46152021718749997 0.5614211515624999 0.4405914390625 0.5090992062499999 0.4536012203125 0.508816384375 0.460954575 0.5549162609375 0.48471156562499995
0 0.6144990499999999 0.46463125156249996 0.65918481875 0.45020736406250006 0.65918481875 0.443702475 0.6102567296875 0.4267331953125 0.5700961015625 0.436631940625 0.5686819953125 0.4459650453125 0.6144990499999999 0.46463125156249996
0 0.627226009375 0.519699140625 0.6812448812499999 0.49933600624999996 0.681527703125 0.49339675781250003 0.62270086875 0.46568026875 0.5683991734375 0.4840636546875 0.568116353125 0.4911341875 0.627226009375 0.519699140625
0 0.69142645 0.4943635046875 0.7332840046875 0.4756972984375 0.7372435046875 0.4691924078125 0.673325884375 0.4468495234375 0.6325996140625 0.4612734109375 0.6297714015625 0.47117215625000003 0.69142645 0.4943635046875
0 0.7280749390625 0.569239128125 0.782659453125 0.5415226375 0.78633613125 0.5321895343749999 0.7012069125 0.49711969062500005 0.646622396875 0.5203110390625 0.6460567546875 0.5279472140625 0.7280749390625 0.569239128125
0 0.7912521359375 0.532415859375 0.835655084375 0.5075275828125 0.836503546875 0.49989140781249997 0.7564651125 0.4730233828125 0.710648059375 0.49225523281249994 0.710648059375 0.5030024421875 0.7912521359375 0.532415859375
0 0.29464745 0.5133529421875 0.32597486249999996 0.55203270625 0.34835158593750004 0.5446803546875 0.34867125312499997 0.5251806390625 0.3323682109375 0.5315739890625 0.3090324859375 0.50695959375 0.3080734828125 0.49960724062499995 0.29592611875 0.5056809234374999 0.29464745 0.5133529421875
0 0.3355702453125 0.564288934375 0.377446684375 0.6151160625000001 0.43147048750000006 0.5952966796875 0.429232815625 0.5738789578125 0.38831537968749996 0.5828296468749999 0.3518732875 0.547026890625 0.33461124375 0.5537399078125 0.3355702453125 0.564288934375
0 0.3936571734375 0.625483396875 0.460467675 0.700611646875 0.5659579421875 0.64658784375 0.56691694375 0.6341208125 0.5512532375 0.619416109375 0.5496549015625 0.6274077953125 0.48284439843750004 0.6644892234374999 0.4310582671875 0.613022759375 0.43201727031250003 0.6008690015625 0.3952555109375 0.6142950359375 0.3936571734375 0.625483396875
0 0.5875136390625 0.6380866984375 0.6664715046875 0.59525125625 0.6690288453125001 0.5853415640625 0.643455446875 0.569997525 0.6421767765624999 0.5863005671875 0.5843169640625 0.6102756281249999 0.5529895515625001 0.58725956875 0.55171088125 0.6096362921875 0.5875136390625 0.6380866984375