0 0.047841443750000004 0.4925071140625 0.15529484531249999 0.44276720156250005 0.1514979046875 0.43631240312499997 0.052018078125 0.4776990484375 0.0007593875 0.46213159531250003 0 0.47731935468750003 0.047841443750000004 0.4925071140625
0 0.1742795453125 0.4344139328125 0.2517371203125 0.40062116718749996 0.24983865 0.3949257578125 0.1845312828125 0.42188403125 0.1461821890625 0.41239168125000003 0.15187759843749998 0.4290982171875 0.1742795453125 0.4344139328125
0 0.2604700828125 0.3524000296875 0.3060333625 0.33417471718749997 0.3037551984375 0.32696053125 0.261988859375 0.3189869578125 0.2365493609375 0.3296183890625 0.2422447703125 0.3486030890625 0.2604700828125 0.3524000296875
0 0.2608497765625 0.3960648390625 0.3155257125 0.369486259375 0.3140069359375 0.360373603125 0.263127940625 0.350121865625 0.243763546875 0.35619696875 0.2517371203125 0.3899897359375 0.2608497765625 0.3960648390625
0 0.3265368390625 0.36568931875 0.3717204234375 0.34594523125 0.37020164843750003 0.33493410625000003 0.3185632640625 0.3284793078125 0.272999984375 0.34404676093750003 0.27641723125 0.35391880625 0.3265368390625 0.36568931875
0 0.453193790625 0.4052896671875 0.465639453125 0.394989809375 0.496968190625 0.3992814171875 0.5038347640625 0.40056889843750004 0.523576159375 0.3851191109375 0.523147 0.3752484125 0.4536229515625 0.361944428125 0.42100673125 0.38554827187499996 0.4231525359375 0.40056889843750004 0.453193790625 0.4052896671875
0 0.53045079375 0.3778089828125 0.555233759375 0.3566004828125 0.5549954625 0.348498359375 0.4918465578125 0.33944304375 0.46301252968749995 0.36088984218750003 0.4637274234375 0.365655796875 0.53045079375 0.3778089828125
0 0.538791215625 0.40831109374999996 0.5395061078125 0.42284725781250004 0.60456139375 0.43380895312499995 0.6245784046875 0.4016387578125 0.6231486187499999 0.39282174062499997 0.5464167421874999 0.3804302578125 0.5213954796875 0.404021734375 0.538791215625 0.40831109374999996
0 0.6262464890625 0.39282174062499997 0.6431656296875 0.37018345468749997 0.642689034375 0.36065154375 0.573106090625 0.3508813359375 0.549276315625 0.3747111109375 0.5511826984375 0.38400472343750003 0.6262464890625 0.39282174062499997
0 0.7044081515625 0.43833661093750004 0.7034549609375 0.45334936875 0.7296677140625001 0.45549404843749997 0.7377698374999999 0.4092642859375 0.6448337140625 0.395443015625 0.6302975515625 0.4238004484375 0.7044081515625 0.43833661093750004
0 0.739437921875 0.4095025828125 0.7449187687500001 0.37256643125 0.6624677484375 0.3644643078125 0.651982646875 0.3851962125 0.6500762640625 0.395443015625 0.739437921875 0.4095025828125
0 0.186025975 0.541752890625 0.286670796875 0.5765731359374999 0.33246180625 0.537936971875 0.326260940625 0.5088406015625 0.2847628390625 0.54795375625 0.2079675 0.522673303125 0.2036745921875 0.5059786640625 0.17982510937500001 0.52887416875 0.186025975 0.541752890625
0 0.31862910625 0.5875438984375 0.44741631875000004 0.6376278156249999 0.513717884375 0.5484307453125 0.5127639046875 0.533644065625 0.4779436578125 0.5221963125 0.4784206484375 0.5412759 0.42976770000000003 0.5989916515625 0.33913966093750003 0.5670333421875 0.3362777234375 0.558447528125 0.3176751265625 0.5756191578125 0.31862910625 0.5875438984375
0 0.4879604421875 0.650029546875 0.658722746875 0.7125151953125 0.6902040656249999 0.5808660437500001 0.671124478125 0.57132625 0.64727499375 0.652891484375 0.52945854375 0.617117259375 0.534228440625 0.555585590625 0.48652947187500006 0.636196846875 0.4879604421875 0.650029546875
0 0.537090378125 0.4649575515625 0.5017931421874999 0.5026397359375 0.474127740625 0.4921459640625 0.4760357 0.52076534375 0.5223036984375 0.5293511578125 0.5638018 0.46877346875 0.564278790625 0.459710665625 0.532797471875 0.45207882968749996 0.537090378125 0.4649575515625