0 0.9046272796875 0.40578426562500003 0.903833284375 0.39565081874999997 0.8758308484375 0.425490684375 0.7749222171875 0.4174752875 0.7732380703125 0.42544500625000004 0.8755628765625 0.43318512656249997 0.9046272796875 0.40578426562500003
0 0.77499183125 0.40525582499999996 0.7741218203125 0.3936584265625 0.7513706265625 0.411923765625 0.6772386328125 0.40799165000000004 0.67766426875 0.4155225390625 0.756112684375 0.42207636718749997 0.77499183125 0.40525582499999996
0 0.6720655765625 0.4056409578125 0.6697788796874999 0.3819259953125 0.63839133125 0.3805934390625 0.6024571859375001 0.401284171875 0.6029106484375 0.40839740312500006 0.662278271875 0.4126540703125 0.6720655765625 0.4056409578125
0 0.6497329703125 0.37560121875 0.64939065625 0.3810107125 0.67022656875 0.3818389734375 0.6697426921875 0.363813440625 0.6497329703125 0.37560121875
0 0.682652278125 0.3417906671875 0.6554181781249999 0.34150918125 0.62958849375 0.3544282453125 0.6278160890625 0.3596511171875 0.6669946921875 0.35923694375 0.669053321875 0.3507062015625 0.682652278125 0.3417906671875
0 0.6680824671875001 0.36483306249999997 0.669270359375 0.3601884125 0.6228605734375 0.3580590453125 0.5870013859375 0.37315995 0.5891150734374999 0.379253559375 0.638024375 0.38229088437500003 0.6680824671875001 0.36483306249999997
0 0.5894679015625 0.4049705453125 0.62436355625 0.386107790625 0.6264531171875001 0.3801263625 0.5769220828125 0.3762806796875 0.5379600015625 0.39454005312499996 0.54082595625 0.40211355312499997 0.5894679015625 0.4049705453125
0 0.7635778921874999 0.564657090625 0.8199182234375 0.5023698265625 0.8170144968749999 0.48957859531250003 0.7974315953125 0.485455203125 0.7957890187500001 0.492034953125 0.7595693609375 0.5332992156249999 0.7242463 0.5276443937499999 0.7246023375 0.550947590625 0.7635778921874999 0.564657090625
0 0.552194325 0.59155550625 0.5782675015625001 0.5990083234375 0.5821309859375 0.6274728421875 0.672760321875 0.672878296875 0.7529303234375 0.5871776203125 0.7489321640625 0.5687560234375 0.7233506296875001 0.559538184375 0.7275503375000001 0.57040804375 0.6728638828125 0.624026540625 0.5827591625 0.5856143031250001 0.5806268 0.5639084828125001 0.552194325 0.59155550625
0 0.41845307031249995 0.6917261046875 0.3958998046875 0.7099953625000001 0.4003142125 0.7241334625 0.4357347640625 0.7577738546874999 0.62465764375 0.7210509671875001 0.652804671875 0.6972708437499999 0.6464136765624999 0.6729640890625 0.59065211875 0.6432578265625 0.5869183390625 0.681196328125 0.529412153125 0.73680750625 0.47492657187500004 0.7479538453125001 0.42042965624999995 0.701894759375 0.41845307031249995 0.6917261046875
0 0.384691203125 0.669072359375 0.32804172343750004 0.6145258671875 0.30340147968750003 0.628290653125 0.30631454062499996 0.6452846 0.37585258593750004 0.7059107890625 0.41277640781249997 0.6850756 0.4060934578125 0.656717428125 0.384691203125 0.669072359375
0 0.46605024687499996 0.48487339531250007 0.51803905625 0.455673525 0.537572253125 0.45989625 0.534854175 0.44591294687499994 0.482857575 0.4357801390625 0.424255434375 0.46435608124999994 0.42707606093750006 0.47297305625 0.46605024687499996 0.48487339531250007
0 0.37590137343749996 0.528843640625 0.3920745171875 0.521619434375 0.4001394953125 0.527584928125 0.4564306484375 0.4990656484375 0.45598581562499996 0.49193283125000004 0.402428040625 0.4731523875 0.330753521875 0.50811459375 0.332769415625 0.515255909375 0.369280678125 0.5351526843750001 0.37590137343749996 0.528843640625
0 0.3088054609375 0.56636855625 0.35196500625 0.541343446875 0.30979990156250004 0.5165819109374999 0.2135338171875 0.5622879875 0.21674253124999998 0.5723362625 0.250942546875 0.6061792234375 0.31164443125 0.5777442296874999 0.3088054609375 0.56636855625
0 0.472375753125 0.441355446875 0.4712209109375 0.4343518640625 0.43047727656249996 0.4255438265625 0.37440902187499997 0.4494529 0.374917009375 0.4584408625 0.41433384375 0.4699849953125 0.472375753125 0.441355446875
0 0.3967554546875 0.478358271875 0.39527998124999997 0.4718300484375 0.354486940625 0.4574556828125 0.28880577500000004 0.48715712031249997 0.289114765625 0.4961837625 0.3255242765625 0.5124427796875 0.3967554546875 0.478358271875
0 0.29810647968750004 0.524380771875 0.298466253125 0.516669746875 0.2666173625 0.49518739843750004 0.179068415625 0.5324437578125 0.1825557703125 0.5418851703125 0.20957327343749999 0.5671978703125 0.29810647968750004 0.524380771875