0 0.440141565625 0.45423141874999995 0.427153725 0.451189971875 0.41915464375000006 0.465307221875 0.36677499375 0.45557038125 0.3658309796875 0.44814096875000003 0.35048754843749996 0.4584587421875 0.3477740609375 0.46674592031250006 0.4245001109375 0.479022559375 0.440042421875 0.46047510625 0.440141565625 0.45423141874999995
0 0.5210684078125001 0.4682505578125 0.519427421875 0.48323846406250004 0.46653323437500005 0.47215866406250007 0.46986040625000003 0.4589707578125 0.45978730468749995 0.45644325781250006 0.4492313796875 0.475118603125 0.44716091875 0.484020059375 0.5242014421875 0.497353934375 0.5254434796874999 0.4903099828125 0.5274265046875 0.46912121406249996 0.5210684078125001 0.4682505578125
0 0.557362453125 0.4939345828125 0.5563022515625 0.4729605546875 0.5467436921875 0.471776015625 0.545001784375 0.48023450937499995 0.5471051453125 0.5023942625 0.623045603125 0.5162855078125 0.625101984375 0.5088842515625001 0.6159974984375001 0.48523956406249996 0.61052769375 0.5020568140624999 0.557362453125 0.4939345828125
0 0.7511656421875 0.5396278671875 0.7624672953125 0.5408693140625 0.76378150625 0.5390974703125 0.83004899375 0.5510326640625001 0.8312769546875 0.545488909375 0.8248466859375 0.539346140625 0.8236756328125001 0.543146803125 0.7546365640625 0.5327264796875 0.7515786656250001 0.5301837171875 0.7485354390625 0.530398453125 0.7268725890625001 0.5097987703125 0.7256158796875 0.514085221875 0.7511656421875 0.5396278671875
0 0.7993070046875 0.58618440625 0.8918212249999999 0.6012449265625001 0.8963493843749999 0.5940290640625 0.8441369 0.553516740625 0.76285275625 0.5386832593750001 0.7601392671875 0.5469704375 0.7993070046875 0.58618440625
0 0.5348689640625001 0.561846615625 0.6397854984375 0.5818489109375 0.6413273390625001 0.5731046937500001 0.62646258125 0.5324157171875 0.53674869375 0.51709763125 0.5356926421875 0.5259275078125001 0.5348689640625001 0.561846615625
0 0.535137203125 0.6412855578125 0.6704725125000001 0.664898378125 0.6749355390625 0.6516603062499999 0.648830109375 0.5859481890625 0.53811285 0.5661753015625 0.5343421234375 0.574776953125 0.535137203125 0.6412855578125
0 0.42308794218749995 0.49555349375 0.4022753 0.5269462203125 0.401419315625 0.53606181875 0.5036211749999999 0.5558358921875 0.5076189375 0.536004165625 0.51093025 0.51154335625 0.42308794218749995 0.49555349375
0 0.3148852875 0.47572310624999997 0.275069934375 0.50551826875 0.2729994734375 0.5144197234375001 0.3749156109375 0.5343938625 0.40151430781249997 0.5000142249999999 0.40227055624999997 0.49288461406249995 0.3148852875 0.47572310624999997
0 0.25736854062500003 0.5121644625 0.1880373765625 0.5587945125 0.1873034328125 0.572189228125 0.3205459765625 0.598438396875 0.3647586296875 0.5451252546875 0.3645855359375 0.5333237328125 0.25736854062500003 0.5121644625
0 0.3605661390625 0.6029905640625 0.49477322343749996 0.63016115 0.5060788734375 0.557521484375 0.3969615484375 0.5357766890625 0.36247876875 0.5893027890625 0.3605661390625 0.6029905640625
0 0.9795382546875 0.659788659375 0.908781040625 0.6044858468750001 0.80983714375 0.5875402625 0.806023590625 0.596384809375 0.8619962765625001 0.6553418828125 0.9765830578125 0.6765484109375001 0.9795382546875 0.659788659375