0 0.655771334375 0.5110161375 0.6099562359374999 0.491185721875 0.5607221 0.502126640625 0.5559354484375 0.5082809078125 0.60380196875 0.53221416875 0.655771334375 0.5178542125 0.655771334375 0.5110161375
0 0.627051421875 0.49392095156250004 0.666712253125 0.5130675609375001 0.7111597374999999 0.502126640625 0.7125273515625 0.49323714374999994 0.6653446390625 0.4775095734375 0.6208971546875001 0.48845049218750003 0.6215809625000001 0.4918695296875 0.627051421875 0.49392095156250004
0 0.692944184375 0.524219240625 0.749093759375 0.5472632859375001 0.7948572875 0.530710521875 0.7951818515625 0.5238946765625 0.7299444828125 0.5011751953125 0.6848300843749999 0.5157805765625 0.6848300843749999 0.5206490374999999 0.692944184375 0.524219240625
0 0.8600946546875001 0.59270225 0.9081301296875001 0.570956459375 0.9081301296875001 0.56219323125 0.82017328125 0.5300613937499999 0.7734360609375 0.5472632859375001 0.7727869328125 0.5557019515625 0.8600946546875001 0.59270225
0 0.792260775 0.6264569078125 0.8474366578125 0.598868965625 0.84841035 0.5891320453125 0.761102628125 0.5514826187499999 0.7033302328125 0.57550035625 0.7020319765624999 0.5819916359375 0.792260775 0.6264569078125
0 0.7383831468750001 0.5531054390625 0.7380585828124999 0.54628959375 0.6754177265625 0.518701653125 0.6192681515625 0.53265790625 0.62024184375 0.5410965703125 0.6812598796875 0.572254715625 0.7383831468750001 0.5531054390625
0 0.7215058187500001 0.652097465625 0.722804075 0.640088596875 0.696838953125 0.6251586515625001 0.69489156875 0.6381412125 0.6384174296875 0.664106334375 0.602390821875 0.6397640328125 0.6010925671875 0.6637817703125 0.6384174296875 0.6913697109375 0.7215058187500001 0.652097465625
0 0.5225480734375 0.716361140625 0.47256521406249996 0.6592378734375 0.474188034375 0.645606184375 0.43718773593750004 0.66086069375 0.43686317187499996 0.6731941265625 0.49171449218749996 0.738756059375 0.5371534546875 0.740378878125 0.6137505640625001 0.7030540171874999 0.613426 0.6897468921875001 0.599469746875 0.6780625875 0.5225480734375 0.716361140625
0 0.3837818546875 0.5973219453125 0.3821856140625 0.6030228046875 0.42277573281249997 0.6563828484374999 0.4747675703125 0.6388242015625 0.47408346718749994 0.6285626546875 0.47408346718749994 0.6164768328125 0.42756445468750004 0.6274224828125 0.39746391718749996 0.5895687765625001 0.38104544218749997 0.5941294640625 0.3837818546875 0.5973219453125
0 0.3755726171875 0.5893407421875 0.39814802031249996 0.5843239859375 0.39746391718749996 0.5754306453125 0.3965517796875 0.5697297859375 0.3815015109375 0.5736063703125 0.3596102109375 0.5482945546875 0.3593821765625 0.5425936953125 0.3470683203125 0.5471543828125001 0.3479804578125 0.5539954140625001 0.3755726171875 0.5893407421875
0 0.45515661406249996 0.437925915625 0.4553846484375 0.44134643125000006 0.4581210609375 0.44317070625 0.4640499546875 0.441118396875 0.4962028015625 0.43541753749999995 0.49688690468749996 0.431997021875 0.4761357765625 0.423787784375 0.44010634531250004 0.429716678125 0.45515661406249996 0.437925915625
0 0.48685339218749996 0.45662473437499995 0.5272154765625 0.44841549687500004 0.5272154765625 0.44431087812500003 0.5021316953125 0.43496146874999997 0.4631378171875 0.441574465625 0.4633658515625 0.446135153125 0.48685339218749996 0.45662473437499995
0 0.5240229953125 0.47372731406249996 0.5662093546875 0.46460593906250003 0.5662093546875 0.458220975 0.5374770234375 0.44681925624999996 0.4950626296875 0.454800459375 0.49551869843749996 0.46004525 0.5240229953125 0.47372731406249996
0 0.45424447656250005 0.4744114171875 0.45834909531249995 0.48125244843750004 0.46245371406249997 0.4844449296875 0.5121652078125 0.4739553484375 0.5107970015625 0.46871055781250004 0.4825207390625 0.45571259687500004 0.45470054531250004 0.4609573875 0.45424447656250005 0.4744114171875