0 0.608227325 0.47422118125 0.5893161671875 0.47955502812499995 0.5812247109374999 0.4926953890625 0.5992098109375 0.49490368125 0.61950603125 0.5262523890625 0.6308140984375 0.5252852 0.6333278953125 0.5144045453125 0.608227325 0.47422118125
0 0.5739248984375 0.40346241562499996 0.517761303125 0.4148226390625 0.516153740625 0.44230407656250004 0.56754383125 0.436246853125 0.5867002859375 0.47687819375 0.6024256796875 0.47350882812500006 0.6073313734375 0.46233294999999996 0.5739248984375 0.40346241562499996
0 0.562728453125 0.389131621875 0.508669584375 0.301813203125 0.39405258593750003 0.3383863609375 0.39285186875 0.3529617109375 0.40396679375 0.36316011875 0.481779334375 0.3385574515625 0.5218834078125 0.41002856875000004 0.5571001265625 0.40139659375000003 0.562728453125 0.389131621875
0 0.3673040640625 0.34040225625 0.277542340625 0.3711935921875 0.2777053765625 0.379458365625 0.2992838296875 0.40036411093749996 0.3038230625 0.387376503125 0.3617983859375 0.3756498234375 0.39774876406250004 0.40420932968749995 0.4022468671875 0.372371515625 0.3673040640625 0.34040225625
0 0.318875471875 0.5154429859375 0.3613660953125 0.54389419375 0.41868019375000004 0.5383463890625 0.4212232078125 0.5294618328125 0.3796862921875 0.5011277234375 0.323325896875 0.50679263125 0.318875471875 0.5154429859375
0 0.24506285156250002 0.47007678437499995 0.30421013124999996 0.5126742234375 0.36150732812499997 0.49937967031249997 0.36713720781250003 0.4850656296875 0.30758852812500004 0.44967953437499997 0.24563145 0.45756150624999997 0.24506285156250002 0.47007678437499995
0 0.1388073265625 0.41298242187499995 0.2204421484375 0.4656016140625 0.2804163609375 0.4502155484375 0.283963178125 0.4370978671875 0.208334890625 0.3789236359375 0.14056383125 0.398676834375 0.1388073265625 0.41298242187499995
0 0.069839909375 0.4306525578125 0.1530640375 0.47427009375000007 0.2110221890625 0.46347690625000004 0.21123948750000002 0.45382274687499996 0.12466048437499999 0.4020486109375 0.07088536250000001 0.4181958296875 0.069839909375 0.4306525578125
0 0.181449465625 0.483563890625 0.240454290625 0.5154949140625 0.29109245 0.50912740625 0.29262320625 0.5006026046875001 0.2345636359375 0.4649153046875 0.1792239484375 0.4740938328125 0.181449465625 0.483563890625
0 0.260549115625 0.52135054375 0.30637770937500003 0.550211603125 0.35100088125 0.5455257578125 0.35556840625 0.535921696875 0.3154034984375 0.5082400921875 0.261845671875 0.514733153125 0.260549115625 0.52135054375
0 0.595254290625 0.5725242875000001 0.6564588578125 0.56983681875 0.6714533890625 0.591742725 0.6746976703125 0.5819386265625 0.659914759375 0.56107895 0.5924328234375 0.56503614375 0.595254290625 0.5725242875000001
0 0.52371085 0.5763228734375 0.5784675640625 0.573523871875 0.59170466875 0.5958941546875 0.59635946875 0.5801417796874999 0.5835634187500001 0.568028096875 0.52331686875 0.568452625 0.52371085 0.5763228734375
0 0.5116919234374999 0.5703295234375 0.46018127656249996 0.5712607609375 0.45960670937500003 0.5808648109375001 0.4864387875 0.596252625 0.5167714375 0.5954420375 0.517972978125 0.5831939875 0.519409775 0.5764167875 0.5116919234374999 0.5703295234375
0 0.40284463437499995 0.580244259375 0.4316937390625 0.5989030453125 0.47415416875 0.5953489249999999 0.4766307703125 0.587490071875 0.4506190734375 0.57280765 0.40353947031250004 0.57458528125 0.40284463437499995 0.580244259375
0 0.5166138171875 0.5958724281250001 0.494770525 0.5956753531250001 0.4946890265625 0.6003867359374999 0.5141747734375001 0.6137130296875 0.5166138171875 0.5958724281250001
0 0.491846525 0.6296085312499999 0.5261360640625 0.6276064031249999 0.5119070859375 0.6119436265625 0.47088761874999996 0.6141134015625 0.469947140625 0.6177253390625 0.491846525 0.6296085312499999
0 0.44198344531249995 0.6026126015625 0.4655363375 0.61519580625 0.501844421875 0.6129445359375 0.5050439078125 0.607125028125 0.4842740296875 0.59413805 0.4423955796875 0.5952083796875 0.44198344531249995 0.6026126015625