0 0.3198888578125 0.49119493125 0.3169839390625 0.4843633875 0.3056891625 0.48402557812499997 0.282048446875 0.503568446875 0.23404909218749997 0.5093478874999999 0.23370300937500002 0.5033263375 0.2174838453125 0.5140982921874999 0.21987515468750002 0.523441728125 0.2862824859375 0.5168734749999999 0.3198888578125 0.49119493125
0 0.3743819453125 0.493805346875 0.3276620078125 0.49998978593750004 0.3255992953125 0.49272103125 0.3069943390625 0.5056937687499999 0.306577371875 0.5145705375 0.37905319375 0.507952584375 0.4015672875 0.48129652187499994 0.4003320546875 0.47541579843750004 0.3907069640625 0.4760288078125 0.3743819453125 0.493805346875
0 0.46308244375 0.48795965937499997 0.41060512656250003 0.49232161249999995 0.40974267500000006 0.48303984843750003 0.398532571875 0.4966642640625 0.39903696875 0.5075218312499999 0.47745518125 0.4981397875 0.48940809375 0.4719411765625 0.48634761875 0.46604572656250004 0.47271398906249995 0.46820508125 0.46308244375 0.48795965937499997
0 0.4848868875 0.44531362812499997 0.4787152953125 0.45814002187499997 0.471649040625 0.459563025 0.47130847343750004 0.46508569218750007 0.47867111093750003 0.46361574843750003 0.47987413125 0.46737484374999994 0.49018587187499996 0.467260715625 0.49916298125 0.44912888124999994 0.49664832968750006 0.4428431625 0.4848868875 0.44531362812499997
0 0.325978471875 0.5680078875000001 0.330350578125 0.576429959375 0.43168694375000005 0.5697982203125 0.45311584531250004 0.524781121875 0.4488376234375 0.5169518171874999 0.3654103515625 0.5234814 0.325978471875 0.5680078875000001
0 0.26084598593749997 0.5327511312500001 0.2069207828125 0.5759273171875 0.21104345000000002 0.5846927156249999 0.3007417125 0.577473725 0.3404083046875 0.534429153125 0.3390791859375 0.5279556640624999 0.26084598593749997 0.5327511312500001
0 0.2596916640625 0.6635757796874999 0.3880955453125 0.6590371484374999 0.42654532968750003 0.5833729359375 0.4220940671875 0.5725328546874999 0.3165144515625 0.5792290234374999 0.2553167984375 0.649381596875 0.2596916640625 0.6635757796874999
0 0.19014106875 0.58891478125 0.10607220625 0.6566134375 0.11107665781250001 0.666150628125 0.2264001 0.6624684625 0.2903913 0.5946077953125 0.2868761296875 0.583923271875 0.19014106875 0.58891478125
0 0.18768348125 0.587784934375 0.2436290578125 0.5448963890625 0.23950639218749997 0.536130990625 0.16470644843749999 0.543420865625 0.098785090625 0.5875856015625 0.1013393203125 0.595080325 0.18768348125 0.587784934375
0 0.015221565624999999 0.6354560375 0.019540275 0.6627232937499999 0.021432703125 0.67275338125 0.0789338078125 0.669418646875 0.16863395 0.600828084375 0.1632935359375 0.59012883125 0.0718639171875 0.5979258609375 0.015221565624999999 0.6354560375
0 0.732117378125 0.5042894390625 0.7060338359375 0.471962484375 0.6145894890625 0.48158475625 0.6234386187500001 0.5221101015625 0.7317326265624999 0.515287834375 0.732117378125 0.5042894390625
0 0.7585948859375 0.5122485421875 0.876886765625 0.5014122234375 0.8780520546874999 0.49150547656250004 0.8272895484375 0.4606567390625 0.72963588125 0.46943956093750006 0.728517534375 0.479642690625 0.7585948859375 0.5122485421875
0 1 0.4639147859375 0.999469778125 0.46012207031249996 0.9668740781249999 0.44614417656249994 0.8601733578124999 0.4572713640625 0.8577755937499999 0.46706949687500005 0.9164493203124999 0.501830128125 1 0.49323384531250003 1 0.4639147859375
0 0.7704354859375 0.512196084375 0.7699568484375 0.5226017125 0.8214023078125001 0.5788630078125 0.9787578609375001 0.5691312453124999 0.9788287453125 0.5542329265625 0.8971669234374999 0.500934525 0.7704354859375 0.512196084375
0 0.6236116609375 0.5251208765625 0.6225080421875 0.5334987625000001 0.6369350546875 0.5919773875 0.7779251015625 0.5805842109375 0.7780134703125 0.5696327609375 0.7382999984375 0.5145514828125 0.6236116609375 0.5251208765625
0 0.818049209375 0.45027135625000003 0.7311297671875 0.46160749687499997 0.71210326875 0.4412269984375 0.7040070375 0.4419016796875 0.703604796875 0.44895320625 0.725113734375 0.4734977984375 0.7283739484375 0.47298143125000003 0.73141418125 0.46915790625 0.8184127812499999 0.4602397734375 0.818049209375 0.45027135625000003
0 0.9480408640625001 0.438493428125 0.8480952875 0.4500697984375 0.8240330312499999 0.4362594296875 0.8215266531250001 0.4472900375 0.8493185499999999 0.4635478703125 0.8592869671875001 0.4631843015625 0.8598300328124999 0.457021925 0.9507754984375 0.4480863046875 0.9515063359375 0.44310946093750003 0.9480408640625001 0.438493428125