0 0.5170219078125 0.582608215625 0.546644921875 0.5899027765625 0.556630478125 0.583576609375 0.55548735 0.579512484375 0.5137071421875 0.5687745296875 0.49059677187500006 0.5860443953125001 0.493678903125 0.5960443234375 0.5170219078125 0.582608215625
0 0.432821440625 0.59020078125 0.45716080937500003 0.5688656562500001 0.48966850781250004 0.5754536140625001 0.4907488390625 0.582274565625 0.5040412265625 0.5731771984375 0.5044996921875 0.5666119578125 0.45609031718750004 0.5558002359375 0.42312338125000004 0.5809989984375 0.4243436734375 0.5855503343749999 0.432821440625 0.59020078125
0 0.4220543796875 0.5978993109374999 0.4355828 0.5997520828125 0.43475817812499995 0.59139233125 0.4166519453125 0.5890160328125 0.38945210625 0.60805733125 0.3894036828125 0.6140581953125 0.40130403125 0.616668259375 0.4220543796875 0.5978993109374999
0 0.3846132765625 0.6248055765625 0.40289805312500004 0.625155865625 0.40145836562500004 0.61764268125 0.3807617453125 0.61467779375 0.358241096875 0.6317294 0.3589741796875 0.636357903125 0.3701437109375 0.6390837171875 0.3846132765625 0.6248055765625
0 0.37330986093749996 0.5833949234375 0.404045765625 0.55829980625 0.4042341484375 0.550029328125 0.341705496875 0.5352109703125 0.3144088125 0.56625399375 0.31492476875 0.5726649015625 0.37330986093749996 0.5833949234375
0 0.365876109375 0.5900660765625 0.3663224703125 0.58500105 0.3076045 0.575322615625 0.287061440625 0.5985536312499999 0.2862943078125 0.6031700265625 0.34283193437500004 0.6116954953125 0.365876109375 0.5900660765625
0 0.3349737671875 0.6156869875 0.33517652343750004 0.6106605453125 0.2790754171875 0.603314521875 0.26123622812499997 0.6231206874999999 0.26139282656249996 0.6288393625 0.3136083515625 0.6353025031249999 0.3349737671875 0.6156869875
0 0.248250240625 0.6294226453125 0.26508852968749996 0.608026990625 0.265573475 0.603205571875 0.20181695937500002 0.5948245984375 0.1855044625 0.616386690625 0.18590466875 0.62206678125 0.248250240625 0.6294226453125
0 0.29779295625 0.5701342703125001 0.3266163328125 0.5408471718750001 0.3243300796875 0.5327189203125 0.24917026406249998 0.515406246875 0.2277995421875 0.5507547359375 0.22737965937500002 0.5575635812499999 0.29779295625 0.5701342703125001
0 0.5112934453125 0.5086005921875 0.5622175859375 0.46907073437499996 0.5593548484374999 0.46203265625 0.4972823984375 0.435904803125 0.44966962187500004 0.4821519703125 0.449929865625 0.490101675 0.5112934453125 0.5086005921875
0 0.43545123593749996 0.48540280625000004 0.4803336640625 0.44083666718750003 0.4813300296875 0.43293765000000006 0.40077761875 0.40049722968749996 0.35852869374999996 0.4553840671875 0.35805812187499997 0.46344952343749996 0.43545123593749996 0.48540280625000004
0 0.49882877031249995 0.42517179374999997 0.560017184375 0.36688568906249996 0.5588838968750001 0.35657709375 0.47373037656249994 0.312429540625 0.4158082328125 0.3850314734375 0.4172093375 0.3923010546875 0.49882877031249995 0.42517179374999997
0 0.5122260062499999 0.42619630781250006 0.5142807609375 0.43286292499999995 0.5760324390625 0.45854214843749996 0.637465665625 0.40810830937500003 0.636423915625 0.40153096093749996 0.574308346875 0.3656709984375 0.5122260062499999 0.42619630781250006
0 0.647402796875 0.40778300312500004 0.5875590609375 0.4572159453125 0.5883186203124999 0.46358826718749996 0.5968470765625 0.46698210468749995 0.594179225 0.459913159375 0.6588731250000001 0.4174532359375 0.6911682265625 0.4353121046875 0.6906015828125 0.4301578078125 0.647402796875 0.40778300312500004
0 0.602003928125 0.4932345984375 0.6012277312500001 0.4788739859375 0.5702951484375001 0.468041090625 0.5193324234375 0.50732734375 0.521797221875 0.5134295843750001 0.564556796875 0.48068662812499996 0.602003928125 0.4932345984375
0 0.6773816953125 0.40313469843750005 0.7590417421875 0.338509721875 0.7592467640625 0.33822753437499997 0.8003328328125001 0.372174196875 0.799573271875 0.36580187343750004 0.7529833890625001 0.3254851515625 0.6701439015624999 0.3905466515625 0.6717114453125 0.3972904359375 0.6773816953125 0.40313469843750005
0 0.659514534375 0.39123131093749997 0.7441871171875001 0.3251303296875 0.741850175 0.3182586890625 0.678123946875 0.26592283125 0.595136925 0.344242665625 0.596065190625 0.35483344843750003 0.659514534375 0.39123131093749997