0 0.41265090625 0.5871859453125 0.41220671875 0.56408815625 0.39532756406249997 0.5636439671875 0.38289029218750004 0.5201135171875 0.36734370312500003 0.5232228343750001 0.38177982187500004 0.5938487703125 0.41265090625 0.5871859453125
0 0.485941971875 0.5107855625 0.5192560921875 0.565864909375 0.550793459375 0.5592020843750001 0.550793459375 0.536992671875 0.5232537859375 0.5401019890625001 0.500600184375 0.4992366671875 0.48683034843749995 0.5023459859375 0.485941971875 0.5107855625
0 0.482388465625 0.4970157265625 0.500155996875 0.49301803125 0.4997118078125 0.47924819531249996 0.495269925 0.47880400781250004 0.47661401718749996 0.4468224515625 0.4601790515625 0.45082014531250003 0.482388465625 0.4970157265625
0 0.5285840453125 0.5743044859374999 0.5281398578125 0.5827440640625 0.579665696875 0.6764677890625 0.7022616609375001 0.6418211031250001 0.703594225 0.63249315 0.6738336109375 0.5991790296875 0.67072429375 0.6253861374999999 0.5876610859375 0.6475955515625 0.54857251875 0.5827440640625 0.5503492718749999 0.5720835453124999 0.5285840453125 0.5743044859374999
0 0.43752545 0.682686425 0.4170927890625 0.605841853125 0.4170927890625 0.595181334375 0.3833344796875 0.602288346875 0.40243457656250003 0.7173331109375 0.546795765625 0.6804654828125 0.546795765625 0.66825030625 0.5321375515625 0.641376915625 0.5321375515625 0.655590940625 0.43752545 0.682686425
0 0.6378543609375 0.47924819531249996 0.71025705 0.469476053125 0.71025705 0.45837134687500003 0.665838221875 0.429943296875 0.59920998125 0.437050309375 0.5983216046875001 0.4450456984375 0.6378543609375 0.47924819531249996
0 0.7253594515625 0.46681092343749997 0.7893225625 0.45481784062499997 0.7928760687499999 0.4463782625 0.7400176640625 0.41750602499999995 0.6809406234375001 0.4250572265625 0.6787196828125001 0.4326084265625 0.7253594515625 0.46681092343749997
0 0.7027058484375 0.541434553125 0.7884341859374999 0.5245554 0.7902109390625001 0.5165600109375 0.7253594515625 0.47214118281250006 0.6494032562500001 0.48457845468749994 0.6507358203125 0.49257384374999996 0.7027058484375 0.541434553125
0 0.8062017171875 0.5205577046875 0.8852672296874999 0.5063436796875 0.8834904765625 0.49657153750000005 0.8101994109374999 0.4557062171875 0.740461853125 0.4663667359375 0.740461853125 0.476138878125 0.8062017171875 0.5205577046875
0 0.927020928125 0.6013999703125 1 0.5818556874999999 0.9998678046875 0.5583137078125 0.912806903125 0.5098971859375 0.830632071875 0.5245554 0.8297436953125 0.533439165625 0.927020928125 0.6013999703125
0 0.723138509375 0.5436554953125 0.7204733796875 0.5560927671875 0.8057575281249999 0.630272209375 0.902590571875 0.605397665625 0.9070324546874999 0.5920720171875 0.8088668468750001 0.5276647171875 0.723138509375 0.5436554953125
0 0.5809982625 0.39751755312500003 0.636521796875 0.39174310625 0.6356334203125 0.38508028125 0.6103146875000001 0.3682011265625 0.5574562828125 0.37486395156249996 0.557900471875 0.379750021875 0.5809982625 0.39751755312500003
0 0.550929115625 0.3754359578125 0.6001288687499999 0.3698491734375 0.6012101828125 0.364622825 0.577961946875 0.350565753125 0.5327270078125 0.35525144375 0.5329072265625 0.359756915625 0.550929115625 0.3754359578125
0 0.52912263125 0.3566931953125 0.573456475 0.351466846875 0.5736366937499999 0.3478624703125 0.55561480625 0.3361482421875 0.5116414 0.3395724015625 0.5134435875000001 0.345519625 0.52912263125 0.3566931953125
0 0.499386515625 0.3790403359375 0.499746953125 0.3929171890625 0.508397459375 0.40382043124999994 0.568410346875 0.4001259453125 0.5676894703124999 0.39147543906250004 0.5458829859375001 0.3741744265625 0.499386515625 0.3790403359375