0 0.314324721875 0.369732978125 0.313506978125 0.3860450984375 0.4122143703125 0.4447624484375 0.487499721875 0.41092442343749996 0.48933803124999997 0.39904609999999996 0.37904118750000004 0.32489913125 0.314324721875 0.369732978125
0 0.43667617812500004 0.4448113203125 0.4370043234375 0.45522835156249997 0.5108835375 0.49641333593750003 0.5868878390625001 0.4782449296875 0.58936865 0.46790330156250004 0.508913621875 0.41696927187500005 0.43667617812500004 0.4448113203125
0 0.534816475 0.49918301875 0.5331417140625 0.50779891875 0.5901162265625 0.53910953125 0.666612221875 0.52809573125 0.666473109375 0.51912725 0.6109970671875 0.4801076765625 0.534816475 0.49918301875
0 0.634979925 0.475357428125 0.6336959703125 0.48922591718749997 0.6888820921875001 0.5248949234375 0.7976996671875 0.5098105562499999 0.79574668125 0.50048949375 0.7472861328125 0.45200974374999997 0.634979925 0.475357428125
0 0.532934703125 0.41928548593750004 0.6113241640625 0.47358282812499997 0.72152658125 0.44653199218750006 0.7258085249999999 0.43418745937500003 0.6509576171875 0.3641068703125 0.53278285 0.40796151875 0.532934703125 0.41928548593750004
0 0.5368928671875 0.2633443796875 0.4646023640625 0.2478807234375 0.3932484671875 0.305071846875 0.39306048125 0.320565175 0.5067461203125 0.40148868593750003 0.6234213703125 0.34840112031250003 0.625977584375 0.3352505375 0.5660284718749999 0.2732431875 0.5368928671875 0.2633443796875
0 0.375371896875 0.4672489296875 0.378129884375 0.45790238437499997 0.285834759375 0.4121965046875 0.24729204062500001 0.438587909375 0.245705425 0.44675034062499996 0.2604181875 0.45337502812499997 0.2895017765625 0.4369100078125 0.35162799218749996 0.46592779687499997 0.34898363125 0.47953184687499995 0.375371896875 0.4672489296875
0 0.4705259 0.5055102812500001 0.397037490625 0.46957788593750005 0.35491694687500003 0.48774419843750005 0.35458984843749997 0.49426904531250004 0.3717589859375 0.5027830109375 0.4024929015625 0.4899329953125 0.4521736953125 0.512766821875 0.45193474218749996 0.5188382 0.46939275 0.5137608578124999 0.4705259 0.5055102812500001
0 0.5666416734374999 0.57944196875 0.56519323125 0.5845033765625 0.6156757359375 0.5829333625 0.6516345234375 0.599912046875 0.6516030749999999 0.5940983734375 0.616489865625 0.5763548421875 0.5666416734374999 0.57944196875
0 0.63146859375 0.5757818765625 0.6309218203125 0.5821800625 0.6652827625 0.601403484375 0.7273926140625 0.5997705718749999 0.7294565000000001 0.5927380734375001 0.6934290437499999 0.57133229375 0.63146859375 0.5757818765625
0 0.7104658859375 0.57092708125 0.711399003125 0.578077534375 0.7434470546874999 0.59963900625 0.8219531453125001 0.594921034375 0.8233082765624999 0.58914458125 0.792597003125 0.5666814421875 0.7104658859375 0.57092708125
0 0.7530042265625 0.6054458734375 0.780146046875 0.6211753171875001 0.8519556640625 0.618640221875 0.8526455500000001 0.6138959703125 0.82835133125 0.5954678078125 0.7525685984375 0.5993213328125 0.7530042265625 0.6054458734375
0 0.7887328796874999 0.6212183125 0.7886647265625 0.6251542046874999 0.8111442859375 0.6388158859375 0.8808276390625001 0.6400489296874999 0.880385721875 0.6327616546875 0.860809853125 0.61850288125 0.7887328796874999 0.6212183125