0 0.9497471531249999 0.4046536234375 0.9475922046875 0.39609024531250003 0.9143808468750001 0.4251806734375 0.8103116734375 0.40742869375 0.806535234375 0.4156168578125 0.913954715625 0.433693134375 0.9497471531249999 0.4046536234375
0 0.809021365625 0.396919990625 0.8106809265624999 0.383474265625 0.78220605625 0.40021249687499993 0.70715163125 0.38809375625000003 0.7075901421874999 0.3946608921875 0.787889284375 0.41054965 0.809021365625 0.396919990625
0 0.7027725671875 0.386687340625 0.7053770921875 0.360092459375 0.6719366328125 0.3563718078125 0.6314665500000001 0.3728013203125 0.63282388125 0.381579371875 0.6945016859375001 0.3921752328125 0.7027725671875 0.386687340625
0 0.683671259375 0.3563285890625 0.7065123859375 0.36023258281250004 0.7065852421875001 0.342613740625 0.6846810703124999 0.350893678125 0.683671259375 0.3563285890625
0 0.7226055484375 0.3182849171875 0.6969044 0.31612969999999996 0.666874353125 0.326525459375 0.6661399125 0.3319265578125 0.7053631546875 0.33493717031250003 0.7082427 0.3242412859375 0.7226055484375 0.3182849171875
0 0.7069486125 0.343545471875 0.7070091390625 0.3355069578125 0.6580328140625 0.33191811250000003 0.62340419375 0.3428043453125 0.6240558171874999 0.34953329843750003 0.67410025625 0.356133590625 0.7069486125 0.343545471875
0 0.6599693921875 0.3604874734375 0.6579418031250001 0.3539274703125 0.6103053046875 0.34703151718749997 0.5698438515625 0.361601940625 0.570018675 0.3701353234375 0.6183612265625 0.37851588125 0.6599693921875 0.3604874734375
0 0.482443746875 0.44710358906250003 0.49508599062499997 0.440901009375 0.5377594046875 0.42307819062499996 0.5490020328125 0.425527434375 0.5588737015625 0.423494703125 0.5594269984375 0.41686162812500005 0.50716641875 0.398932696875 0.4460592265625 0.4225750171875 0.44711806093749995 0.4311985265625 0.482443746875 0.44710358906250003
0 0.49590946406249997 0.4030503515625 0.49524769218750003 0.397660659375 0.4552698140625 0.3839680984375 0.39861628437499996 0.40378100781250004 0.3989659296875 0.4133122375 0.43759638437500004 0.4271702390625 0.49590946406249997 0.4030503515625
0 0.3842230515625 0.4870654140625 0.4083586484375 0.47644260625 0.41844283125 0.48505213437499994 0.4763871609375 0.4601568796875 0.47492648906249996 0.45048851875 0.42664677656250005 0.429335325 0.3513182984375 0.4574592734375 0.35237713125000003 0.4660827828125 0.3842230515625 0.4870654140625
0 0.4176828296875 0.43207724374999995 0.41530488437499996 0.426077628125 0.381771103125 0.406943525 0.311463565625 0.4336303359375 0.3129621046875 0.44137921562500004 0.34858081093750004 0.46189860625 0.4176828296875 0.43207724374999995
0 0.3227515421875 0.5233356484375 0.3213949109375 0.5122867765625 0.36726905312499997 0.49379740937500005 0.326988946875 0.46427620625 0.23332595625 0.49902810937500003 0.23529250937500001 0.5083608078124999 0.269322275 0.547129428125 0.3227515421875 0.5233356484375
0 0.32000588125 0.4697839265625 0.3165926375 0.45980821718750003 0.2865621578125 0.44024396250000003 0.204061634375 0.46788079062500004 0.2036785546875 0.4736723234375 0.2278936203125 0.5037983265625 0.32000588125 0.4697839265625
0 0.8404183359375 0.500083928125 0.841613328125 0.48635924687500004 0.818480609375 0.4789132609375 0.7708698296875001 0.523435721875 0.7380730359375 0.5110045375000001 0.7350714453125 0.5401748046875 0.7819484890624999 0.5533458687499999 0.8404183359375 0.500083928125
0 0.5578871578125 0.5615188453125 0.583935259375 0.57930465 0.5816591796874999 0.6009796765625001 0.6727744359375001 0.6527444546875001 0.7612827046875 0.576044509375 0.76198 0.558266409375 0.730498771875 0.5464966015625 0.731991865625 0.5586568656249999 0.67212128125 0.603861734375 0.5872211015625 0.55915145 0.58806770625 0.542589375 0.5578871578125 0.5615188453125
0 0.3948461578125 0.658027125 0.3969641328125 0.671331246875 0.4647889765625 0.746326203125 0.57992946875 0.7292821203125001 0.6437551953125 0.6691263375000001 0.64145296875 0.6582670125 0.582619559375 0.6170473609375 0.5875000859374999 0.64890524375 0.4912552609375 0.7251524609375 0.4170335890625 0.6572405906250001 0.41617999843750003 0.6384524375 0.3948461578125 0.658027125
0 0.318129546875 0.5855772453125 0.3782098140625 0.6566787671875 0.41201895000000005 0.6321812609374999 0.4058655796875 0.6096839265625 0.3817438140625 0.6223344046875 0.3396893203125 0.5717880359375 0.33917885625 0.559739840625 0.3138682203125 0.570598553125 0.318129546875 0.5855772453125