0 0.33527910312500003 0.5219429718749999 0.424725334375 0.5748893703125 0.5225391171875 0.5109785953125 0.51936521875 0.49972568125 0.43338142187499995 0.4604847546875 0.33441349374999996 0.5052078703125 0.33527910312500003 0.5219429718749999
0 0.4429031171875 0.5949426390625 0.579957828125 0.6778968062499999 0.665364553125 0.5848438703125 0.6702696687499999 0.5669546234375 0.542736653125 0.5121327390625 0.4434801890625 0.5770533921875 0.4429031171875 0.5949426390625
0 0.5609144359375 0.509247378125 0.6820996546875 0.561760971875 0.7374986109375 0.5017454359375 0.7395183640625 0.49251227656249996 0.6304516687499999 0.4532713484375 0.5637997984374999 0.4965517828125 0.5609144359375 0.509247378125
0 0.64458994375 0.4561567109375 0.7542337125 0.4916466671875 0.7914548859375 0.45154013125 0.7923204953125 0.43942160937499997 0.6913328140624999 0.415184565625 0.6474753062499999 0.4440381890625 0.64458994375 0.4561567109375
0 0.5914992765625 0.3886392328125 0.5404283640624999 0.4134533484375 0.5418710453125 0.42412918906249997 0.619775828125 0.4489433046875 0.6682499156249999 0.418069928125 0.6685384515624999 0.40970237656249997 0.5914992765625 0.3886392328125
0 0.5205193640625 0.4198011453125 0.4521362765625 0.4524057390625 0.451847740625 0.46221597187499996 0.535811784375 0.502033971875 0.604194871875 0.459330609375 0.603906334375 0.4483662328125 0.5205193640625 0.4198011453125
0 0.23284873906249998 0.435959175 0.2342914203125 0.44750062343749997 0.28911330468749996 0.4803937546875 0.38202197187500003 0.4431725796875 0.3797136828125 0.43249673906249997 0.35461102968749997 0.4203782171875 0.3566307828125 0.43134259531249997 0.2883919640625 0.45471402968749997 0.252469203125 0.4353821015625 0.2521806671875 0.4290343046875 0.23284873906249998 0.435959175
0 0.24872396874999997 0.416484340625 0.23098581718750003 0.4223320828125 0.2033065046875 0.4053736296875 0.20038263281250002 0.4003055875 0.185178503125 0.40556855468749997 0.1884922234375 0.416679265625 0.22981626875 0.4392905359375 0.24112190312499998 0.435197115625 0.24073205468749997 0.4270102765625 0.250868140625 0.42408640468750003 0.24872396874999997 0.416484340625
0 0.35164423125 0.411611221875 0.40290943749999997 0.43422249218750003 0.4705483234375 0.407322878125 0.47132802187499995 0.3993309640625 0.4533949453125 0.3913390484375 0.4533949453125 0.39582231874999996 0.405053609375 0.41395031875 0.3662635875 0.40011066250000005 0.3668483609375 0.3936781453125 0.349110209375 0.39972081249999997 0.35164423125 0.411611221875
0 0.5422806265625 0.3808131125 0.5420857031249999 0.3749653703125 0.525712025 0.36872777968750003 0.5255171 0.373990746875 0.48692200156250004 0.38685577968749996 0.45397972031249995 0.3774993921875 0.45436956874999995 0.3897796515625 0.4892610984375 0.40303453281249996 0.5422806265625 0.3808131125
0 0.5530461546875001 0.3456440375 0.6066562 0.35688982343750003 0.6385449328125 0.343795415625 0.6385449328125 0.33670903124999996 0.6049616296875 0.3485710234375 0.553970465625 0.3387117046875 0.5530461546875001 0.3456440375
0 0.6194425031249999 0.35904655 0.683836178125 0.37183285312500003 0.7123357703125001 0.3565817203125 0.7131060296875 0.3493412828125 0.6513312375 0.3382495484375 0.621445178125 0.3504196453125 0.6194425031249999 0.35904655
0 0.657801415625 0.340098171875 0.7083304234375001 0.348416971875 0.7163411187500001 0.3539628375 0.7411434671875 0.34086843125 0.7417596750000001 0.334398253125 0.6856848 0.326695659375 0.6593419328125 0.33578471875 0.657801415625 0.340098171875
0 0.74021915625 0.333936096875 0.7405272609375 0.3373252375 0.7490001125 0.3384036015625 0.767948490625 0.3277740234375 0.769489009375 0.3228443640625 0.7148006 0.3148336671875 0.692617134375 0.3236146234375 0.6933873937499999 0.3273118671875 0.74021915625 0.333936096875
0 0.7645593500000001 0.33670903124999996 0.82232879375 0.34610619374999996 0.8227909500000001 0.3498034375 0.8306475953125 0.351035853125 0.8434338984374999 0.33948196406250003 0.845898728125 0.3322415265625 0.7816591046875 0.3242308296875 0.7645593500000001 0.33370501875 0.7645593500000001 0.33670903124999996
0 0.7335949265624999 0.3530385265625 0.80353446875 0.36736535 0.822020690625 0.35442499375000003 0.82125043125 0.34687645312500004 0.755470290625 0.33778739375 0.7345192375 0.348725075 0.7335949265624999 0.3530385265625
0 0.698317053125 0.377532771875 0.7756510828125001 0.3924758015625 0.7993750687500001 0.3739895796875 0.80045343125 0.365054571875 0.7283571640625001 0.3524223203125 0.7007818828125 0.367673453125 0.698317053125 0.377532771875