0 0.36580346874999997 0.5036100484375 0.367354784375 0.5112607625 0.37816242031249997 0.5143077468749999 0.40027850625 0.48571222968749994 0.4114688828125 0.4874616984375 0.41525148593749994 0.47320398125 0.39236855937500004 0.46758232812499995 0.36580346874999997 0.5036100484375
0 0.3957385640625 0.45376706875000006 0.4004468015625 0.4660160828125 0.41641463281249996 0.4697389671875 0.444923278125 0.42807873750000003 0.488964090625 0.4389542296875 0.4884958421875 0.413287621875 0.4358447515625 0.40100060937500004 0.3957385640625 0.45376706875000006
0 0.6205748328125 0.34660816875 0.5115334765624999 0.3007622546875 0.44602534374999997 0.38609141875 0.44900854062500006 0.3979726234375 0.48750641874999995 0.4094697296875 0.4861885453125 0.3962462203125 0.5290336265625 0.3361072796875 0.6063130453125 0.3672245203125 0.6057117937500001 0.37452235312500004 0.6221261499999999 0.3542588828125 0.6205748328125 0.34660816875
0 0.7316493203125 0.3893867390625 0.6409373796875 0.35360198125000003 0.6073676171875 0.385165765625 0.6134683765625 0.412775928125 0.644413253125 0.37959160937499997 0.7069626359375001 0.40565859218749994 0.7095183046875 0.417554728125 0.7329671953125 0.40261024531249995 0.7316493203125 0.3893867390625
0 0.5766955578124999 0.5364821703125 0.57740675 0.544590271875 0.6312956328125 0.5555499109375 0.676234928125 0.5308659328124999 0.677323428125 0.5252632796875 0.617434221875 0.514085128125 0.5766955578124999 0.5364821703125
0 0.641804678125 0.550046334375 0.64201369375 0.5560317265625 0.6882070734375 0.5672600984375 0.7379088953124999 0.5441220046875 0.7363725078125001 0.5368988203125 0.6884988734374999 0.5265852234375 0.641804678125 0.550046334375
0 0.636801915625 0.50484780625 0.6410527671875 0.5162566953125001 0.6935844203125 0.5251234828125 0.755843346875 0.493842 0.7555148953125 0.48443638437500003 0.6976438921875 0.469763359375 0.636801915625 0.50484780625
0 0.7048290828125 0.516169825 0.7030796125000001 0.5273602000000001 0.75524345625 0.537952028125 0.8185365953125 0.5117710203125 0.8182827921875001 0.5045030453125 0.765909934375 0.48792582500000004 0.7048290828125 0.516169825
0 0.7189456437499999 0.46687924062499997 0.77826345625 0.4862102828125 0.8692509046874999 0.4440804421875 0.86582525 0.43178663906250003 0.79872235625 0.410159159375 0.715962446875 0.45499803281249995 0.7189456437499999 0.46687924062499997
0 0.79303285 0.48012988281249996 0.7950863421875 0.4899033078125 0.843979259375 0.5048898515625 0.93212330625 0.4671398 0.9313673265625001 0.45774911406249996 0.8793622796875 0.4394468515625 0.79303285 0.48012988281249996
0 0.32023740156249997 0.5675062765625001 0.322944596875 0.576133253125 0.3381722015625 0.555752534375 0.3988308859375 0.561754315625 0.4001859109375 0.5574966125 0.336044778125 0.5465038296875 0.32023740156249997 0.5675062765625001
0 0.3995298546875 0.57315809375 0.399533671875 0.581879471875 0.4154878984375 0.5650822828125001 0.471340575 0.5712518921874999 0.47241620468749995 0.567605428125 0.41469833906250003 0.5596965015625 0.3995298546875 0.57315809375
0 0.47298644375 0.5925470828125 0.506206065625 0.5964996390625 0.5327993078125 0.582939828125 0.5320307265625 0.5781547984375 0.48392487656250005 0.5699102140625001 0.4745226484375 0.57625338125 0.47298644375 0.5925470828125
0 0.4992764515625 0.5961401421875 0.47417745624999996 0.59220475 0.47581283750000003 0.613199565625 0.498469728125 0.5988749890625 0.4992764515625 0.5961401421875
0 0.47704580781250006 0.6140587359375 0.460323 0.6260708953125 0.4992182875 0.6289230265625 0.5195770703125 0.6176861203125 0.521606271875 0.6155100671875 0.4766300484375 0.6107650953125 0.47704580781250006 0.6140587359375
0 0.485215065625 0.6068563984375 0.48783834531250003 0.61308036875 0.5256265359375 0.6186778359375 0.5498482421875 0.6061030656249999 0.5487163500000001 0.5995262734375 0.5067858390625 0.595877909375 0.485215065625 0.6068563984375
0 0.5174420171875 0.5909946609375 0.5213192453125 0.59867855 0.559365853125 0.603064028125 0.5892422453124999 0.5887880828125 0.587789 0.581621028125 0.542781309375 0.5759749296875001 0.5174420171875 0.5909946609375