0 0.24504583593749998 0.5449913390625001 0.2778268015625 0.5797196890625 0.3005462828125 0.5719301515625 0.30281823124999996 0.5625177953125 0.3005462828125 0.553430003125 0.2817215703125 0.5605704109375 0.2564055765625 0.5323333421875 0.2427738875 0.5368772374999999 0.24504583593749998 0.5449913390625001
0 0.2898356703125 0.5940005046875 0.336897453125 0.644307928125 0.387529440625 0.6176936796875 0.3878540046875 0.6092550140624999 0.3852574921875 0.595623325 0.3385202734375 0.6137989109374999 0.303467359375 0.5771231765625 0.2865900296875 0.5826407640625 0.2898356703125 0.5940005046875
0 0.352801090625 0.6579396171874999 0.427450815625 0.7311612609375 0.530337609375 0.661379996875 0.5309867374999999 0.6519676390625 0.5173550484375 0.6419061546875 0.44432814374999996 0.69026619375 0.390125953125 0.642879846875 0.3917487734375 0.6271060359375 0.3524765265625 0.6465798765625 0.352801090625 0.6579396171874999
0 0.5485131953125 0.6277551640625 0.5144339734375001 0.606009375 0.51346028125 0.6248340875 0.5524079640624999 0.6533957218750001 0.6247857406249999 0.606009375 0.6241366125 0.5936759421875 0.5991451828125001 0.584263584375 0.5991451828125001 0.5946496328124999 0.5485131953125 0.6277551640625
0 0.6802861874999999 0.574851228125 0.7266988421875 0.5449913390625001 0.7279970984374999 0.53557898125 0.651724553125 0.5089647312500001 0.6027153859375 0.53265790625 0.6036890781250001 0.53947375 0.6802861874999999 0.574851228125
0 0.7393568390625 0.5391491859374999 0.7770062656250001 0.5154560125 0.775708009375 0.506692784375 0.7023565406250001 0.485596121875 0.66275973125 0.5040962718750001 0.66438255 0.5128595 0.7393568390625 0.5391491859374999
0 0.58291698125 0.4859206859375 0.641013940625 0.506692784375 0.68158444375 0.48851719843749997 0.6832072640625 0.4807276625 0.6251103046875001 0.4622275125 0.5832415453124999 0.4791048421875 0.58291698125 0.4859206859375
0 0.5264428421875 0.5086401687500001 0.5845398015625001 0.5339561609375 0.63354896875 0.512210371875 0.6332244046875 0.50344714375 0.575452009375 0.482675046875 0.5251445859375 0.5005260671875 0.5264428421875 0.5086401687500001
0 0.4651002421875 0.48202591874999995 0.5095655125 0.5021488875 0.558250115625 0.48462242968749997 0.560846628125 0.4758592015625 0.5121620250000001 0.45995556562499995 0.4631528578125 0.47423638125 0.4651002421875 0.48202591874999995
0 0.5231972015624999 0.4622275125 0.5692852921875 0.47975397031250006 0.60953123125 0.46612228125 0.60953123125 0.45735905312499997 0.5644168328125 0.4437273640625 0.5222235093750001 0.456060796875 0.5231972015624999 0.4622275125
0 0.426729240625 0.4481089296875 0.4688953609375 0.43777012187500003 0.47011169218750004 0.4314857484375 0.43868982343749996 0.421146940625 0.3953073734375 0.43026941875 0.3957128171875 0.4359456265625 0.426729240625 0.4481089296875
0 0.3865903390625 0.4320939140625 0.4291619015625 0.4231741578125 0.4291619015625 0.41911972343750004 0.4028080765625 0.4095918015625 0.3608446796875 0.417295228125 0.36226373125 0.42195782656249997 0.3865903390625 0.4320939140625
0 0.35293853125 0.4185115578125 0.36145284375000003 0.4189170015625 0.3959155390625 0.411416296875 0.39632098125000004 0.4073618625 0.3721970953125 0.39965843749999996 0.3381398453125 0.40695641875 0.35192492343750004 0.4142544015625 0.35293853125 0.4185115578125
0 0.3541548625 0.452163365625 0.36226373125 0.4629076171875 0.41334960781249996 0.450541590625 0.41314688593750004 0.4440544953125 0.38577945156250004 0.4316884703125 0.353343975 0.438581009375 0.3541548625 0.452163365625
0 0.2929329 0.4803416859375 0.35273580937500004 0.4655429984375 0.35151947968749997 0.460677678125 0.2941492296875 0.47284098124999996 0.2726607265625 0.45885318281250004 0.2724580046875 0.46635388593749993 0.2929329 0.4803416859375
0 0.2023162859375 0.495140371875 0.1852876609375 0.47831446875 0.1852876609375 0.4746654765625 0.182246834375 0.4752736421875 0.18244955624999998 0.48317978906250003 0.2025190078125 0.5014247453125 0.275904275 0.48338251093749995 0.2742825 0.47912535468749995 0.2023162859375 0.495140371875