0 0.8590254015625 0.3576350578125 0.8536493484375001 0.34505178281250004 0.8034515687500001 0.3187218390625 0.7778465109375 0.3372189609375 0.7841228015625 0.35234974375 0.800000621875 0.3400782015625 0.837462996875 0.3555735625 0.839957659375 0.3646055390625 0.8590254015625 0.3576350578125
0 0.79380253125 0.31771698125 0.7873455546875 0.306677425 0.72207090625 0.26902368125 0.66952205 0.3112154265625 0.6814829265625 0.3406792421875 0.7267231421875 0.3056397359375 0.7743744828125 0.32520203593749997 0.7746565890625 0.3319179015625 0.79380253125 0.31771698125
0 0.593544934375 0.26146655937499996 0.6649448109375 0.29037256875 0.666898478125 0.3040103421875 0.704598659375 0.27481075312500003 0.7000203515625001 0.261635775 0.63453859375 0.2330393625 0.574455040625 0.2427316328125 0.5159584390624999 0.3125835203125 0.5193533375 0.324163003125 0.5380332812499999 0.330341078125 0.535203665625 0.32452544843750003 0.593544934375 0.26146655937499996
0 0.49917931718749997 0.32997543125 0.43998852343749995 0.39589035781250004 0.442791715625 0.40667209375 0.47022046093750003 0.41130752031249995 0.465950684375 0.39988229999999997 0.5081045343749999 0.35501306875 0.5457475984375 0.36641720625 0.5399869484375001 0.343978853125 0.49917931718749997 0.32997543125
0 0.5331461703125 0.50214719375 0.5814684828125001 0.507608925 0.6293322703124999 0.4797745015625 0.6246757640625 0.473829959375 0.5716705203125 0.46738979374999995 0.5313974765625 0.4947878453125 0.5331461703125 0.50214719375
0 0.4896050015625 0.5314746234375 0.5352773203125001 0.534697378125 0.5732078296875 0.5144779875000001 0.5716905359375 0.5084309593749999 0.5248865859375 0.501348378125 0.4880877078125 0.5254275953125 0.4896050015625 0.5314746234375
0 0.41565548124999996 0.51880460625 0.41946246406250004 0.527605184375 0.47478381875000003 0.5318327968750001 0.5077746453125 0.506620878125 0.5057945546875 0.49794920937500003 0.44725685625 0.4933866453125 0.41565548124999996 0.51880460625
0 0.331052065625 0.514778765625 0.3324404515625 0.5226526875 0.4009103609375 0.5272680953125 0.4308137546875 0.49989433125 0.4290650625 0.49253498437500004 0.35290191875 0.48521673437499996 0.331052065625 0.514778765625
0 0.36224349375 0.476803953125 0.366050475 0.4856045328125 0.43812239374999995 0.4927420953125 0.4781133296875 0.458628178125 0.47615859531250004 0.45265828125 0.39629095625 0.43967866562499996 0.36224349375 0.476803953125
0 0.456828759375 0.49395406406250003 0.5177850562499999 0.49944328593750004 0.558907625 0.46918919531250003 0.5587026515625 0.46291077031250005 0.49252349687499997 0.4533810328125 0.4546426265625 0.48667184687500004 0.456828759375 0.49395406406250003
0 0.8336169468750001 0.426636028125 0.9137917328125 0.3888807296875 0.9462458671875 0.40353478125000003 0.9433275546875001 0.396176584375 0.9125511859375001 0.380532040625 0.830843459375 0.422725578125 0.8336169468750001 0.426636028125
0 0.750760334375 0.46625352031249995 0.8092565109375001 0.4394988609375 0.8426094734375 0.4500580375 0.8390575968749999 0.439106721875 0.8120848046875 0.429274965625 0.747749259375 0.4609956484375 0.750760334375 0.46625352031249995
0 0.685289471875 0.492848690625 0.6865961984375 0.5002595015625 0.7215086828125 0.50521799375 0.7541651921875 0.489503025 0.74914765 0.4741791015625 0.737021965625 0.46844441249999996 0.685289471875 0.492848690625
0 0.6332651328125001 0.5261034125 0.667477875 0.5284066609375 0.7096194890625 0.5087036921875 0.707929253125 0.5043706828125 0.6732017406249999 0.49914802343750003 0.6300560703125 0.5197226921875 0.6332651328125001 0.5261034125
0 0.676856653125 0.5290684515625 0.7061950343750001 0.5313049734375 0.7507141578125001 0.5132667546875 0.7478088609375 0.5072955765625 0.717757171875 0.504953278125 0.6764346437500001 0.524048715625 0.676856653125 0.5290684515625
0 0.748944178125 0.5124210890625001 0.7151252218749999 0.528109475 0.71471513125 0.5323497234375 0.7426268953124999 0.5343746921875 0.781690159375 0.5182246968750001 0.759868365625 0.5139681421875 0.7595651484375 0.5096221171875001 0.748944178125 0.5124210890625001