0 0.8996305796874999 0.6215061171875 0.89807735625 0.604790184375 0.8615390375 0.5744647640625 0.8643603734375 0.599187240625 0.7617655734375 0.6181724578125001 0.714505475 0.5512440437499999 0.714447459375 0.54742311875 0.7004583875 0.552374565625 0.710361284375 0.5803527078124999 0.7606549171875 0.6457063390625 0.8996305796874999 0.6215061171875
0 0.691014653125 0.544568596875 0.7175075203125 0.5425611765625 0.7178622734375 0.5206186140625 0.6942338625 0.5199837109375001 0.6679747515625001 0.48201147187500004 0.65266451875 0.48553069375 0.6503653265625 0.49519655937499996 0.691014653125 0.544568596875
0 0.7281430656250001 0.6338937671875 0.7071155499999999 0.6082247515625 0.7063115671875 0.630785625 0.6134936984375 0.649316646875 0.5869080531249999 0.5747364484374999 0.5610915125 0.581014021875 0.5580049265625 0.589163121875 0.58979564375 0.6793337015625001 0.7328989078125 0.6501024578125 0.7281430656250001 0.6338937671875
0 0.5831567671875 0.5441425062499999 0.537285778125 0.5032577328125 0.5377399734375 0.5130346625 0.553106528125 0.5685997359375 0.5846834671875001 0.5641456 0.5831567671875 0.5441425062499999
0 0.5299240703125 0.5016879140625 0.5530717640625 0.4958330421875 0.5548056953125 0.4791436328125 0.5402828562499999 0.48417962187499997 0.5288051765625 0.45316794375 0.519281865625 0.455223446875 0.51771205 0.46258515312500004 0.5299240703125 0.5016879140625
0 0.370898925 0.48912102500000004 0.364291428125 0.5372232578125 0.45691368906249996 0.5209118546875 0.45304140468750004 0.47228081875 0.370898925 0.48912102500000004
0 0.35491236718749997 0.488370090625 0.27251626562500003 0.5036089875 0.24798273750000002 0.5490788328125 0.2488861609375 0.5582374531250001 0.3450757265625 0.5402667250000001 0.35491236718749997 0.488370090625
0 0.34336831874999996 0.5536689765625 0.33889759062499997 0.5461696796875 0.2413603390625 0.5659953390625 0.20497778281249998 0.626473709375 0.20948000156250002 0.641081090625 0.3233685 0.6208542859375 0.34336831874999996 0.5536689765625
0 0.3154564328125 0.6434466515625 0.30938439687499997 0.6362009765625001 0.18616819375 0.6562636656249999 0.11834459687500001 0.77041899375 0.12908296875 0.782944346875 0.28275055312499997 0.7547756765625 0.3154564328125 0.6434466515625
0 0.3133345609375 0.73023390625 0.3187352375 0.74360466875 0.46830175 0.7171798625 0.4611970515625 0.6066846203125 0.33781176562500004 0.6256797703125 0.3133345609375 0.73023390625
0 0.45809726093750003 0.5283846249999999 0.360332909375 0.54332181875 0.34676485 0.60620548125 0.3500569734375 0.6166272484374999 0.46110754375 0.595755609375 0.45809726093750003 0.5283846249999999
0 0.5686018109375001 0.409446346875 0.5674371234375 0.40344051406250003 0.5039151234375 0.41478216406249996 0.50433353125 0.4187716078125 0.5686018109375001 0.409446346875
0 0.6437360812499999 0.390288653125 0.5833063078125 0.3998597890625 0.5715695015625 0.38101323125 0.5670855953125 0.3834310796875 0.5673617281250001 0.3878699765625 0.5817726078125001 0.40607954687500003 0.6437936343749999 0.396042921875 0.6437360812499999 0.390288653125
0 0.4281269359375 0.4050130515625 0.42994865156250006 0.43268760312500004 0.4919696765625 0.42265097812499997 0.48591730312500003 0.39521958125 0.4281269359375 0.4050130515625
0 0.43018925 0.3856885953125 0.43065873593750004 0.4048255140625 0.4862018484375 0.3943206796875 0.48128311718749994 0.3767422875 0.43018925 0.3856885953125
0 0.4304434125 0.3670774390625 0.4308243046875 0.3843072625 0.47934304218749996 0.37662264843750004 0.47593756875000004 0.36051224843749996 0.4304434125 0.3670774390625
0 0.419188378125 0.3701408140625 0.373562296875 0.375873065625 0.3681210203125 0.3886885625 0.3685620609375 0.3941686328125 0.4193384015625 0.385912990625 0.419188378125 0.3701408140625
0 0.419295071875 0.386987146875 0.366096221875 0.394772640625 0.3628957296875 0.41769270625 0.41585336249999993 0.4097319578125 0.4186697078125 0.40864551718750003 0.419295071875 0.386987146875
0 0.41697472187500007 0.4168119453125 0.41448431250000006 0.411869921875 0.3566157 0.41847390625 0.3500278328125 0.44022280937499997 0.3510502484375 0.44667809218750004 0.41543817031249997 0.43541275312499994 0.41697472187500007 0.4168119453125