0 0.1584492265625 0.4634605234375 0.2522774546875 0.43060238906250003 0.2500869125 0.42439585312499994 0.1631954015625 0.452872903125 0.1142732890625 0.42622130468749997 0.11281292812499999 0.4360787453125 0.1584492265625 0.4634605234375
0 0.253737815625 0.5237004375 0.33734351406249996 0.569336734375 0.3789638171875 0.542320046875 0.37275728125 0.5142080875 0.3315020671875 0.538304053125 0.27819887187500003 0.50800155 0.2745479671875 0.49485829687500005 0.2515472734375 0.5072713703125 0.253737815625 0.5237004375
0 0.35891046718749997 0.58659359375 0.4702281734375 0.6511657859375 0.559757715625 0.5683707671875 0.557380825 0.5525248296874999 0.5193505765624999 0.5331135578125 0.518954428125 0.5525248296874999 0.45873986875000006 0.60243953125 0.37951018593749997 0.5612400953125001 0.37752944374999997 0.5521286812499999 0.35851431875 0.5691630640625001 0.35891046718749997 0.58659359375
0 0.5046930859375001 0.6745385421875 0.6346297671875 0.7406953281249999 0.682563725 0.7395068828125 0.732082278125 0.6400736296875 0.733666871875 0.626604584375 0.7134633015625 0.613927834375 0.709897965625 0.63056606875 0.6722638671875 0.7010804875 0.555003934375 0.6357159984375 0.5601538640625 0.5881781875 0.503504640625 0.6507696375 0.5046930859375001 0.6745385421875
0 0.5669863687500001 0.5474837546875 0.62723170625 0.49355445937500003 0.6252883078125 0.48189407187500005 0.5961373390625 0.469747834375 0.594679790625 0.48480916875 0.5562976796875 0.518818634375 0.51791556875 0.506186546875 0.5198589671875 0.5261063765625 0.5669863687500001 0.5474837546875
0 0.5214365812499999 0.41411648906250004 0.5329557984375 0.4064370109375 0.564825634375 0.41603635937499994 0.5709692171875 0.42179596718749995 0.6016871296875 0.404517140625 0.6043749468749999 0.39491779375 0.5371795125000001 0.3776389671875 0.49033469375000005 0.40221329843750003 0.4918705890625 0.40912482812500006 0.5214365812499999 0.41411648906250004
0 0.6025435015625 0.43999215625000004 0.669654884375 0.45954199375 0.6734481359375 0.45662410781249996 0.6792839078124999 0.449037603125 0.685995046875 0.45137191249999997 0.707295615625 0.4300713421875 0.707295615625 0.42044231875 0.625011225 0.3991417484375 0.5911637453125 0.42394378125000004 0.603127078125 0.42773703437500005 0.6025435015625 0.43999215625000004
0 0.77644951875 0.47559036718750003 0.77294805625 0.4878454890625 0.8140902515624999 0.4992252453125 0.8336400890625001 0.4484540265625 0.7306387062499999 0.42511093593749993 0.7029187859375 0.4545815875 0.77644951875 0.47559036718750003
0 0.6095877 0.3981534765625 0.6430501734375 0.3766233578125 0.6404561828124999 0.36832258906250004 0.580275609375 0.354574440625 0.5444785453125001 0.374288765625 0.5462943390625 0.38077374218750004 0.6095877 0.3981534765625
0 0.7110127171875 0.42201818593749996 0.736174421875 0.39737527968749997 0.7356556234375 0.38699931875 0.66094870625 0.3716947765625 0.6321554140625001 0.39607828437500003 0.63449000625 0.40204446093749996 0.7110127171875 0.42201818593749996
0 0.8391506453125 0.45314606875 0.8534175906250001 0.41683020624999995 0.852120596875 0.41008583125 0.76029853125 0.3921872984375 0.7395466093749999 0.41890539843749997 0.7413624015625 0.42668736875 0.8391506453125 0.45314606875
0 0.2710719765625 0.4261685703125 0.34344430312499996 0.39763467812500003 0.337737525 0.39037150625 0.2754817609375 0.414236215625 0.2464290703125 0.4012662640625 0.2498012578125 0.412679821875 0.2710719765625 0.4261685703125
0 0.3488916828125 0.3924466984375 0.406737665625 0.3716947765625 0.40544067031250003 0.364691003125 0.3574518515625 0.35249924843749997 0.3366999296875 0.35690903125 0.343703703125 0.3906309046875 0.3488916828125 0.3924466984375
0 0.415038434375 0.36936018437499996 0.461211459375 0.35405564218749996 0.46250845468749996 0.346273671875 0.41555723125000005 0.334860115625 0.37119999843749996 0.347830065625 0.3722375953125 0.356390234375 0.415038434375 0.36936018437499996
0 0.3556360578125 0.3553526375 0.403365478125 0.34108569218749996 0.4005120890625 0.3327849234375 0.3621210328125 0.3224089625 0.3343653375 0.331228528125 0.3348841359375 0.3483488640625 0.3556360578125 0.3553526375
0 0.33280894375000003 0.32915333593749996 0.3346247375 0.3343413171875 0.3530420671875 0.3275969421875 0.3514856734375 0.3229277609375 0.31620740625 0.3117736015625 0.29649308125 0.3192961734375 0.33280894375000003 0.32915333593749996