0 0.3108999578125 0.494525484375 0.3784456421875 0.4877128203125 0.3782850671875 0.4823360484375 0.315371246875 0.48813121875 0.2998774875 0.468000109375 0.29788361874999997 0.4734945046875 0.3108999578125 0.494525484375
0 0.391446971875 0.4859391890625 0.45115713281250003 0.479919996875 0.4489541265625 0.47305902031249997 0.3930002390625 0.47907259687500003 0.3798961703125 0.46313275000000004 0.3783111796875 0.47428955781250004 0.391446971875 0.4859391890625
0 0.44290882500000006 0.42139534687499997 0.455561065625 0.4284504546875 0.4559699421875 0.43411286562500007 0.45847164375 0.4367022953125 0.498276546875 0.4314374109375 0.49930148281250003 0.42828975468749997 0.47877076875 0.4188057921875 0.44290882500000006 0.42139534687499997
0 0.511606590625 0.47100145312499997 0.5115020234375 0.464823765625 0.486253546875 0.4499126390625 0.453768890625 0.45407974375000004 0.45277946093750004 0.468229246875 0.459160671875 0.47672377812500005 0.511606590625 0.47100145312499997
0 0.45346458125 0.4545950171875 0.47620757343750003 0.45162465 0.47751815156250005 0.448228690625 0.45518769531250003 0.43378988906249993 0.45346458125 0.4545950171875
0 0.56739990625 0.45961110156249996 0.539084059375 0.44636342500000004 0.49618750624999997 0.44980245625000004 0.49623607031250005 0.456781059375 0.5212549109375 0.47113957656250005 0.5666475515625 0.4665337 0.56739990625 0.45961110156249996
0 0.48553291718749997 0.45254501874999997 0.5291127625 0.4470075484375 0.5280392609375 0.44317660156249994 0.5033676796875 0.43152514062499997 0.4652206109375 0.436101121875 0.46488457812500006 0.4409066140625 0.48553291718749997 0.45254501874999997
0 0.3414125796875 0.5313096515625 0.341137153125 0.541084178125 0.3618421140625 0.5776264125 0.3904017734375 0.5718700828125 0.391631359375 0.5601219046875 0.37416954375 0.55890085625 0.3528682546875 0.5308864859375 0.3414125796875 0.5313096515625
0 0.37330632656249996 0.5829168874999999 0.3731246265625 0.5971867875 0.41018394375 0.650787534375 0.46181679375 0.6360347046875 0.46540050781250003 0.6081281640625 0.418632184375 0.6175081140625001 0.38945615 0.5795573734375 0.37330632656249996 0.5829168874999999
0 0.5826467671875 0.6763137671874999 0.582834221875 0.6853045125 0.5053508890625 0.7137565296874999 0.45958479218750004 0.65628235 0.46087117343750006 0.6437219953125 0.42468955468749997 0.6534341625 0.4225909953125 0.6659377265625 0.468959175 0.7381446859375 0.503809875 0.7416297984375 0.5977999296875 0.7047143671875 0.598160546875 0.6937215734375 0.5826467671875 0.6763137671874999
0 0.621764734375 0.671295746875 0.5892065468750001 0.64086191875 0.587542475 0.6529877890625 0.58448975625 0.667465003125 0.621977803125 0.697427409375 0.705194634375 0.662847128125 0.7099654328125 0.6529788734374999 0.686528653125 0.6321605140625 0.6809258171875 0.648091703125 0.621764734375 0.671295746875
0 0.5985916828125 0.535826909375 0.6523487046875001 0.525711434375 0.652916634375 0.517589659375 0.610157971875 0.4929717359375 0.55477659375 0.5029736234375 0.5557762265624999 0.5120211625 0.5985916828125 0.535826909375
0 0.6718326171875 0.5797154859375 0.7315872421875 0.5655305875 0.7320415875 0.559033165625 0.6706794921875 0.5261770984374999 0.6174137484375 0.535102703125 0.6138612140624999 0.545056146875 0.6718326171875 0.5797154859375
0 0.617825403125 0.5000370859375 0.6627848875 0.5223604578125001 0.7102801999999999 0.5142555703125 0.7108197328125 0.5065398828125 0.66380140625 0.48448061718749996 0.6186574390625 0.49397415 0.617825403125 0.5000370859375
0 0.7408335578125 0.5616883328125 0.7894818046875 0.548767171875 0.7901633203125 0.539021040625 0.7272422015625 0.51095285 0.681058884375 0.5236383 0.680170053125 0.5305134125000001 0.7408335578125 0.5616883328125
0 0.7746584546874999 0.6440361921875 0.8329505671874999 0.6215875359374999 0.8367018765625 0.6087914703124999 0.75241135625 0.565354453125 0.694247028125 0.5859757109375 0.693372396875 0.5926477796875 0.7746584546874999 0.6440361921875
0 0.7648382671875 0.5743849156249999 0.85179249375 0.6147436015625 0.8997620062499999 0.5940215640625001 0.901284096875 0.5839261375 0.8126856578125 0.54957359375 0.76720093125 0.5639401937499999 0.7648382671875 0.5743849156249999