0 0.5361605046875 0.5705356593750001 0.53641589375 0.565467078125 0.5317138156250001 0.5628976906250001 0.5264390421875 0.562792109375 0.49282190625 0.5642188953125 0.49287663593750003 0.5673294734375001 0.5116656015625 0.5788812234375 0.548532621875 0.5799762875 0.5361605046875 0.5705356593750001
0 0.4647769390625 0.5512011375 0.4883525578125 0.5647882765625 0.5261958124999999 0.5620237234375 0.527415278125 0.5589324921875 0.504777196875 0.544034121875 0.46438555625 0.5467599812499999 0.4647769390625 0.5512011375
0 0.42716031406250005 0.530646021875 0.4565342046875 0.54679370625 0.49725365468750005 0.5443022328125 0.49822988749999997 0.540442615625 0.47239830781250003 0.5226663953124999 0.427771703125 0.5256338281249999 0.42716031406250005 0.530646021875
0 0.5391328703125 0.546008684375 0.5152034703124999 0.54732766875 0.514995621875 0.5509440546875 0.5367437015625 0.5657014625000001 0.5391328703125 0.546008684375
0 0.509563853125 0.546069509375 0.5391610625000001 0.545830684375 0.5416613453125 0.5288924828125 0.53434730625 0.522077628125 0.4844934671875 0.5234872875 0.483534925 0.529539290625 0.509563853125 0.546069509375
0 0.6179051765625 0.534217103125 0.6023577999999999 0.5198753875000001 0.5455589296875 0.5209766953125 0.5455361390625 0.5261207609375 0.5992639265624999 0.5269088921875 0.616995253125 0.5449623 0.6179051765625 0.534217103125
0 0.6171493921875 0.52023826875 0.61799094375 0.524925271875 0.6821502203125 0.523603825 0.6943188078125 0.5455278828125001 0.6958465484375 0.5396322390625 0.683494415625 0.5188670359375 0.6171493921875 0.52023826875
0 0.288242134375 0.47033471406249994 0.33429483125 0.4969634671875 0.3794460859375 0.49401770312500004 0.380993796875 0.4869586078125 0.33786470625 0.4595039265625 0.289943446875 0.4650185890625 0.288242134375 0.47033471406249994
0 0.34782658125 0.4576444484375 0.3464448359375 0.463655678125 0.3896175328125 0.4921914171875 0.443726403125 0.488301265625 0.4439938984375 0.4825432171875 0.4018814296875 0.45138260781249995 0.34782658125 0.4576444484375
0 0.270661403125 0.41856890468749997 0.329384159375 0.45472345625 0.386958140625 0.44794484062500006 0.3878999125 0.43928596249999996 0.33405525625 0.398103609375 0.2736884890625 0.40895132656250005 0.270661403125 0.41856890468749997
0 0.2120708 0.42905344687499997 0.271301865625 0.463355034375 0.31969824375 0.45619698125 0.3211359625 0.4484759734375 0.26176170781249997 0.41372204687499997 0.21439041718750002 0.42254627187500005 0.2120708 0.42905344687499997
0 0.10509613749999999 0.3747298625 0.1884137828125 0.41972095625000005 0.23751763124999997 0.4094525015625 0.24033514375 0.3998017296875 0.1588724140625 0.35123748125 0.10847598437499999 0.36559781562500004 0.10509613749999999 0.3747298625
0 0.17122543437499999 0.347844734375 0.1683415359375 0.3579146515625 0.25365669999999996 0.4079269046875 0.30983200625 0.396415325 0.31293589375 0.3876692328125 0.234110978125 0.329232403125 0.17122543437499999 0.347844734375
0 0.329244115625 0.33257519062499996 0.3921132765625 0.3184518 0.423629953125 0.34752443906249997 0.42783658906250005 0.3236798015625 0.39179668125 0.28787053125 0.3037045640625 0.3173497109375 0.301470315625 0.32602617500000003 0.32742545624999997 0.349487778125 0.329244115625 0.33257519062499996
0 0.41920048750000005 0.283180534375 0.4163018296875 0.2960519234375 0.42863778437500005 0.31047620625 0.43179830625 0.30409653125 0.510105309375 0.282097871875 0.549576734375 0.34511162500000003 0.5496145234375 0.3584481015625 0.5879954796875 0.34689639843750003 0.5903170156249999 0.340383840625 0.5490177953125001 0.2671902296875 0.5041776796875 0.2570781421875 0.41920048750000005 0.283180534375
0 0.6005763546875 0.3570593140625 0.5498099421875 0.36535930625 0.5443656765625 0.3915880171875 0.58749003125 0.3880978640625 0.6147622859374999 0.42767866562499995 0.6332447078125 0.4250157875 0.6328955609375 0.41636017187499996 0.6005763546875 0.3570593140625
0 0.6391592968750001 0.43111275625 0.6150032999999999 0.4315869796875 0.6132510828125 0.448080075 0.6308489265625 0.44828720312500003 0.6447221640625 0.48015560312499994 0.657065928125 0.478240521875 0.6613311984375 0.47031575625000005 0.6391592968750001 0.43111275625