0 0.4993292625 0.4364208328125 0.4366130265625 0.4106141515625 0.377197646875 0.44752370625 0.37899811250000004 0.4571261921875 0.44321473593749994 0.48893442656249997 0.5026301171875 0.44812386249999997 0.4993292625 0.4364208328125
0 0.3609934515625 0.460427046875 0.28717434218750004 0.5075392437499999 0.2868742640625 0.5162414953125001 0.3561922078125 0.5606529921875001 0.43001131875 0.5015376890625001 0.42851092968750004 0.49223528125 0.3609934515625 0.460427046875
0 0.5434406828125 0.5378470890625 0.5935536546875 0.4865338046875 0.5941538109375 0.47663124218749997 0.51673376875 0.443022540625 0.46151947499999996 0.48803419375 0.46151947499999996 0.4985369125 0.5434406828125 0.5378470890625
0 0.6067570734375 0.47423062031249996 0.647267559375 0.43311997812499997 0.64816779375 0.42561803593749997 0.5785497703125 0.4007115875 0.5341382734375 0.43372013281250005 0.5323378078125 0.443922775 0.6067570734375 0.47423062031249996
0 0.49992941875 0.3749049078125 0.452817221875 0.40251205468749995 0.45431761093749995 0.4106141515625 0.5176340015625 0.43672090937499997 0.5602450328125 0.40251205468749995 0.5599449546875 0.3938098015625 0.49992941875 0.3749049078125
0 0.37089601562499996 0.5753567984375 0.45581799843750004 0.6299709375 0.5278366421875 0.55795229375 0.526936409375 0.547749653125 0.44411496875 0.50483854375 0.368795471875 0.5633536921875 0.37089601562499996 0.5753567984375
0 0.243461 0.4564439125 0.208374546875 0.4336377171875 0.194924740625 0.43870576093749997 0.19570443906249999 0.447087525 0.24813919375000001 0.4788602578125 0.320846121875 0.4389006859375 0.3190918 0.4299341484375 0.2943363578125 0.4182386625 0.297455153125 0.4289595234375 0.243461 0.4564439125
0 0.3976464703125 0.39504261875 0.39589214687499996 0.38705070468749997 0.38224741562500003 0.3819826609375 0.3812727921875 0.3876354796875 0.338194425 0.4057634796875 0.302718121875 0.3889999515625 0.28790384062499996 0.3942629203125 0.2890733890625 0.40283960937499996 0.339948746875 0.42662042656250004 0.3976464703125 0.39504261875
0 0.46060716093750004 0.3622952625 0.4598274625 0.3543033484375 0.44520810624999996 0.34923530468749997 0.44462333281250005 0.35625259531250003 0.4095368796875 0.3728211984375 0.3765945984375 0.359956165625 0.3789336953125 0.37418567187499996 0.41187597656249997 0.38822025312499997 0.46060716093750004 0.3622952625
0 0.5530014875 0.3047924640625 0.5225932281250001 0.3209712171875 0.4771757640625 0.3092757328125 0.4750315921875 0.31453870156249997 0.5216186046875 0.3279885078125 0.5526116390625 0.31044528125 0.5530014875 0.3047924640625
0 0.5851640703125 0.345921584375 0.61401293125 0.3258443359375 0.61440278125 0.3194118203125 0.5643071234375 0.3059620125 0.5340937875 0.32253061562499996 0.5337039390625 0.32974283125000003 0.5851640703125 0.345921584375
0 0.6547522015625 0.36619375781249996 0.6830162890625 0.3431926390625 0.6834061390625 0.33773474531250003 0.626098265625 0.3219458421875 0.597639253125 0.3435824875 0.5978341781250001 0.34806575624999997 0.6547522015625 0.36619375781249996