0 0.31877705 0.45996316875 0.3845300171875 0.44858818281249996 0.3842525796875 0.4435942875 0.3215514359375 0.45330464062500003 0.3040727984375 0.43305161718749996 0.30296304375 0.44248453281250005 0.31877705 0.45996316875
0 0.39923426875 0.447200990625 0.455831759375 0.43665832031249996 0.4547220046875 0.431386984375 0.40089889999999995 0.43804551406250003 0.3814781921875 0.42084431406249995 0.380923315625 0.43332905625 0.39923426875 0.447200990625
0 0.45721895312500005 0.384499846875 0.4569415140625 0.38949374375 0.46360004374999997 0.39254556875 0.50188658125 0.384499846875 0.5021640203125 0.380060828125 0.4802463640625 0.3722925453125 0.44417933437499996 0.3775638796875 0.45721895312500005 0.384499846875
0 0.455831759375 0.41113396093750004 0.4816335578125 0.40808213593750003 0.4810786796875 0.40225592343749994 0.4566640765625 0.3900486203125 0.455831759375 0.41113396093750004
0 0.46665186875 0.434161371875 0.515758515625 0.4241735796875 0.517978025 0.4172376125 0.4874597703125 0.40475287031249996 0.45805126874999996 0.41113396093750004 0.45805126874999996 0.426947965625 0.46665186875 0.434161371875
0 0.46831649999999997 0.3958748328125 0.4932859828125 0.40641750312499997 0.5335145921875 0.3986492203125 0.532682275 0.39254556875 0.506880478125 0.384499846875 0.46748418437500006 0.39254556875 0.46831649999999997 0.3958748328125
0 0.527410940625 0.42472845625 0.5718011296875 0.415018103125 0.5723560078125 0.40835957343749996 0.5387859265625 0.3969845875 0.5007768265625 0.40447543281250004 0.499667071875 0.4114114 0.527410940625 0.42472845625
0 0.60647065 0.48484159687500006 0.6626021125 0.46884883437499997 0.6629156953125 0.4619499953125 0.6158781578125 0.43999914375 0.5613146140625 0.4531696546875 0.562255365625 0.46100924374999996 0.60647065 0.48484159687500006
0 0.6726367859375 0.46383149687499997 0.7212422421875 0.45411040468749997 0.7209286578125 0.4459572328125 0.6729503703125 0.427769384375 0.6255992484374999 0.43999914375 0.6246584984375 0.446270815625 0.6726367859375 0.46383149687499997
0 0.6230905796874999 0.49268118593750004 0.68204429375 0.5246667109375001 0.741311590625 0.5064788640625 0.7409980078125 0.49832569062500004 0.6814171265625 0.46884883437499997 0.6255992484374999 0.48358726250000006 0.6230905796874999 0.49268118593750004
0 0.7522870171875 0.5014615265625 0.8005788890625001 0.48609593125000006 0.8015196390625 0.47417975468750007 0.7359806703125 0.45003381875 0.690824634375 0.46602658124999996 0.6901974671875 0.47606125625000006 0.7522870171875 0.5014615265625
0 0.8626684375 0.5444224765625 0.91127389375 0.5224716265625 0.9122146437499999 0.514318453125 0.82315690625 0.48139217656250005 0.7783144546874999 0.49832569062500004 0.7783144546874999 0.50804678125 0.8626684375 0.5444224765625
0 0.704308728125 0.531879134375 0.7877219609375 0.577348753125 0.8485571765625 0.5516349 0.84824359375 0.5400323078125 0.76106735625 0.503343028125 0.70305439375 0.5262346296875 0.704308728125 0.531879134375
0 0.3512475265625 0.5053546 0.37995696093750003 0.5400894703125 0.40370427031249995 0.534418471875 0.4022865203125 0.5170510359375 0.384919084375 0.5205954109375 0.3664883375 0.4908226640625 0.3494753390625 0.4964936625 0.3512475265625 0.5053546
0 0.389172334375 0.5553302812500001 0.42886932968749997 0.6031793390625 0.4830982625 0.587229653125 0.47919945 0.5606468437500001 0.43135039218750004 0.5737610296875 0.4044131453125 0.5390261578125 0.388817896875 0.5415072203125 0.389172334375 0.5553302812500001
0 0.44056576718749996 0.6184201500000001 0.5025923234375 0.7010040796875 0.6121134984375 0.6506739593749999 0.6163667484375 0.6379142109375 0.5989993124999999 0.6223189625 0.5968726875 0.6290532734375 0.5231496953125 0.6602437703125 0.47919945 0.6095592140625 0.4806172 0.5943184031250001 0.44233795468750003 0.6031793390625 0.44056576718749996 0.6184201500000001
0 0.638696309375 0.6411041484375 0.7212802375 0.5992805265625 0.7205713625 0.5900651531250001 0.697532928125 0.5712799671875 0.695051865625 0.587938528125 0.6376329968750001 0.6113314015625 0.6025436875 0.5865207781249999 0.601480375 0.6088503390625 0.638696309375 0.6411041484375