0 0.5008296515625 0.6176677515625 0.49842902968749997 0.62516969375 0.40900588125 0.6476755203125 0.387100209375 0.5885602171875 0.355291975 0.593361459375 0.3795982671875 0.6830846875 0.5104321374999999 0.6455749765625 0.5116324484375 0.6329717140625 0.5008296515625 0.6176677515625
0 0.6484678703125 0.599663090625 0.6196604125 0.576557109375 0.6193603359375001 0.59576208125 0.5446409921875001 0.6143668984375 0.50623105 0.564554003125 0.497828875 0.5654542359375 0.4981289515625 0.5834588968750001 0.5404399046874999 0.640773734375 0.6469674828125 0.6119662765625 0.6484678703125 0.599663090625
0 0.3602209203125 0.5654068421875 0.349110209375 0.5320747109374999 0.335465478125 0.5353884328125 0.3368299515625 0.54493974375 0.35105945781250003 0.5917216828125 0.38887485625 0.585289165625 0.38673068437499997 0.5603387984375 0.3602209203125 0.5654068421875
0 0.73623074375 0.5981541984375001 0.8157600374999999 0.5728139828125001 0.8173194359375 0.5626778953125 0.7358408937500001 0.521938625 0.66079486875 0.53636305625 0.6598202453125 0.547668690625 0.73623074375 0.5981541984375001
0 0.8340829640624999 0.5704748859375 0.902306621875 0.5509824109375 0.9038660203125 0.5400666265625 0.8143955640625 0.504980171875 0.752409496875 0.519404603125 0.750265325 0.5281762171875 0.8340829640624999 0.5704748859375
0 0.7931487671874999 0.49718318281249996 0.7292134531250001 0.47164804218749995 0.672685278125 0.48119935468749997 0.6722954296875 0.49036081718749996 0.7284337546875 0.5184299796875 0.790614746875 0.5055649468750001 0.7931487671874999 0.49718318281249996
0 0.6602100953125001 0.484513075 0.5941306078124999 0.49542886093750005 0.5937407593749999 0.5036157 0.6455907390625 0.5373376796875 0.715373796875 0.5213538515625 0.7165433453125 0.5129720875 0.6602100953125001 0.484513075
0 0.6040717703125 0.4552743640625 0.546374046875 0.46541045 0.546763896875 0.47340236406249997 0.5828249734375001 0.49640348437500004 0.644226265625 0.484902925 0.6459805890625 0.47710593437500004 0.6040717703125 0.4552743640625
0 0.659040546875 0.48236890312499997 0.714594096875 0.473207440625 0.714983946875 0.465605375 0.6701512562499999 0.44611290156249994 0.6173266515625 0.453714965625 0.6173266515625 0.4617068796875 0.659040546875 0.48236890312499997
0 0.57697723125 0.42681535156250006 0.550662390625 0.41239092031249996 0.5058297015625 0.41843358750000004 0.504660153125 0.42311178125 0.5286358953125 0.43753621249999997 0.57658738125 0.4320783203125 0.57697723125 0.42681535156250006
0 0.543840025 0.41083152343749996 0.5241526265625 0.40186498437499996 0.48263365625 0.40556855468749997 0.48068440937499995 0.41083152343749996 0.4984225609375 0.421552384375 0.5428654015625 0.41453509374999997 0.543840025 0.41083152343749996