0 0.1556418109375 0.6549646015625 0.1545609640625 0.6301051453125 0.12321643281250001 0.6657730609375 0.1242972796875 0.682526171875 0.2653476703125 0.6846878640625 0.3047985453125 0.6122711875 0.310202775 0.5830883484375 0.2956113546875 0.5803862343749999 0.296151778125 0.58416919375 0.25994344062499997 0.657666715625 0.1556418109375 0.6549646015625
0 0.31830911875 0.5739011578125 0.350734496875 0.5187780171874999 0.3469515359375 0.5095908265625 0.3312792703125 0.50850998125 0.3112836203125 0.5501225484375001 0.28804543437499996 0.5544459328125 0.29182839375 0.57606285 0.31830911875 0.5739011578125
0 0.31668785 0.6614496765625 0.3123644671875 0.6392923359375 0.2956113546875 0.6679347515625 0.2934496625 0.6846878640625 0.4393638609375 0.6911729390625 0.45665739531250005 0.5971393453125 0.4523340109375 0.5895734234375001 0.42585328593750005 0.5874117328125 0.4112618671875 0.6652326375000001 0.31668785 0.6614496765625
0 0.45827866406249995 0.57606285 0.4647637390625 0.5187780171874999 0.46368289375 0.5090504046875 0.42477244062499997 0.5566076234375 0.426393709375 0.5766032734375 0.45827866406249995 0.57606285
0 0.47070839218750005 0.5063482890625 0.47665304375 0.46581656718750003 0.4739509296875 0.45879106875 0.46422331562499997 0.458250646875 0.457738240625 0.49067602343749994 0.44260639843750005 0.48797390937499996 0.44692978125 0.504186596875 0.47070839218750005 0.5063482890625
0 0.639860775 0.5155354796875 0.6258097796875 0.46905910625 0.542044221875 0.46527614531249994 0.54582718125 0.5139142109375 0.639860775 0.5155354796875
0 0.75713255625 0.51823759375 0.7565921328125 0.5090504046875 0.7252476015625 0.467978259375 0.6414820453125001 0.46581656718750003 0.6593160015625 0.5155354796875 0.75713255625 0.51823759375
0 0.6933626484375 0.5917351156249999 0.809013159375 0.5938968078125 0.8111748515625001 0.578764965625 0.7657793234375 0.5247226703125001 0.6663414999999999 0.5203992859375 0.6630989625 0.5285056296875 0.6933626484375 0.5917351156249999
0 0.7544304421875 0.7176536640625 0.910612675 0.721436625 0.9192594421875 0.707385628125 0.8344130390625001 0.6052456890625 0.7095753359375 0.6047052671875 0.7047115296875 0.6128116109375 0.7544304421875 0.7176536640625
0 0.555014371875 0.5993010375 0.5652824078124999 0.70954731875 0.7171412578125 0.712249434375 0.7203837953125001 0.6981984375 0.679852075 0.5987606140625 0.555014371875 0.5993010375
0 0.6663414999999999 0.5917351156249999 0.66796276875 0.5809266562500001 0.6447245828125 0.520939709375 0.54582718125 0.5214801312499999 0.553393103125 0.588492578125 0.6663414999999999 0.5917351156249999
0 0.41828790781249997 0.41517881250000005 0.41807707812499995 0.42129289999999997 0.48301290156250004 0.42044957812500006 0.482802071875 0.416443796875 0.41828790781249997 0.41517881250000005
0 0.3408709125 0.414124659375 0.34171423437500004 0.4198170859375 0.404541753125 0.4200279171875 0.41592660625000005 0.39978817968749997 0.41550494374999997 0.3953607359375 0.41069800624999997 0.3936740921875 0.4020539515625 0.414124659375 0.3408709125 0.414124659375
0 0.558658921875 0.422557884375 0.5561289546875 0.39493907500000003 0.49751804687499995 0.3943065828125 0.49583140312499996 0.42234705312500004 0.558658921875 0.422557884375
0 0.5535989875 0.39514990625 0.5510690203124999 0.3761751515625 0.49920469218749997 0.3753318296875 0.4970963859375 0.3934632609375 0.5535989875 0.39514990625
0 0.550225696875 0.37491016875 0.5479065609375 0.3578328890625 0.501945490625 0.35846538125 0.5011021671875 0.37491016875 0.550225696875 0.37491016875
0 0.613264046875 0.37491016875 0.6128423859375001 0.3694285734375 0.6054633140625 0.357622059375 0.55950224375 0.3590978734375 0.5618213796875 0.3746993375 0.613264046875 0.37491016875
0 0.5689896203125 0.3976798734375 0.6225405921875 0.39725821250000004 0.6157940140625 0.3751209984375 0.5620322109375 0.375753490625 0.5660379921875001 0.39704738125 0.5689896203125 0.3976798734375
0 0.5734170625 0.4229795453125 0.6387745484375 0.42403369843750005 0.6387745484375 0.41749795 0.6288655109375 0.39704738125 0.570676265625 0.3995773484375 0.5689896203125 0.40484811406250004 0.5734170625 0.4229795453125