0 0.10098768124999999 0.4968625140625 0.20308511718750002 0.46578938125 0.1986460984375 0.457743659375 0.10209743593750001 0.486874721875 0.063533459375 0.463292434375 0.06519809062500001 0.473835103125 0.10098768124999999 0.4968625140625
0 0.22111863281250002 0.45940829218749996 0.29907890312499996 0.43665832031249996 0.29574963906249996 0.431386984375 0.22417045781249997 0.4496979375 0.1969814671875 0.43665832031249996 0.199755853125 0.4496979375 0.22111863281250002 0.45940829218749996
0 0.29043786250000003 0.3679480796875 0.293361734375 0.379253715625 0.3317619078125 0.369897328125 0.33156698281249997 0.36619375781249996 0.30154857343749997 0.3591764671875 0.27425910937500003 0.364634359375 0.29043786250000003 0.3679480796875
0 0.3266938640625 0.39562739375 0.37542505 0.3821775859375 0.37542505 0.37671969375000003 0.33955889687499996 0.3681430046875 0.292971884375 0.3800334140625 0.293166809375 0.38607608125000004 0.3266938640625 0.39562739375
0 0.3097354125 0.43305294375000003 0.3689925328125 0.4147300171875 0.367822984375 0.407322878125 0.325329390625 0.3946527703125 0.2970653046875 0.40147513593750006 0.3001841 0.42837474999999997 0.3097354125 0.43305294375000003
0 0.315973003125 0.3967969421875 0.316557778125 0.392703521875 0.29492113125 0.38607608125000004 0.29550590625 0.40205990937499997 0.315973003125 0.3967969421875
0 0.3840017375 0.41083152343749996 0.42922427812499997 0.39621216718749996 0.4282496546875 0.38822025312499997 0.38906978125 0.3776943171875 0.33955889687499996 0.3917288984375 0.34053352187499997 0.3985512640625 0.3840017375 0.41083152343749996
0 0.45918676875 0.4427620421875 0.507730396875 0.457504921875 0.518877453125 0.462539075 0.5562740265625 0.44348120625 0.55591444375 0.4323341515625 0.4955045953125 0.41723168906249997 0.44228639375 0.438806634375 0.44624180156250004 0.45390909687500003 0.45918676875 0.4427620421875
0 0.5904343578125 0.492024834375 0.603379325 0.48411402187499997 0.6181222046875 0.48842901093749996 0.6274713484375 0.491665253125 0.6576762734375 0.469011559375 0.6576762734375 0.459302834375 0.5785681375 0.43988538281249995 0.53110325625 0.46793281249999996 0.5325415859375 0.4776415375 0.5904343578125 0.492024834375
0 0.6889599453125 0.5110827046875001 0.6875216140625 0.5215105953125 0.74936979375 0.540928046875 0.77777680625 0.499576065625 0.7781363890625 0.48914817499999996 0.680329965625 0.4636178234375 0.6414950625 0.49669940625000003 0.6889599453125 0.5110827046875001
0 0.5649825046875 0.43811750156249996 0.6029675046875 0.41877000156250005 0.6026125046875 0.41007250156249997 0.5429725046875 0.3974700015625 0.5046325046875 0.4139775015625 0.5055200046875 0.4216100015625 0.5649825046875 0.43811750156249996
0 0.6624300062499999 0.46190250156249996 0.69296000625 0.4388275015625 0.6934925062499999 0.4294200015625 0.6198300046874999 0.41522000156249994 0.5855725046875 0.4366975015625 0.5859275046875 0.4423775015625 0.6624300062499999 0.46190250156249996
0 0.78508250625 0.4922550015625 0.80638250625 0.4590625015625 0.8054950062499999 0.4514300015625 0.71585750625 0.43368000156250003 0.68781250625 0.4599500015625 0.68816750625 0.46811500156249997 0.78508250625 0.4922550015625
0 0.1748491296875 0.55135279375 0.24033316562499998 0.6009721406249999 0.28185139531250003 0.582744625 0.27375027812499997 0.55506580625 0.24472127187499998 0.5699178546875 0.19645211093749998 0.5385260234375 0.19645211093749998 0.5307624515625 0.1745115828125 0.5385260234375 0.1748491296875 0.55135279375
0 0.259235775 0.618862109375 0.35611164375 0.6887342515625 0.43543509062499997 0.626288134375 0.4330722640625 0.6026598734374999 0.4590633515625 0.5847699046875 0.42834661250000006 0.5672174828125 0.4253086921875 0.5881453703124999 0.348348071875 0.637427171875 0.28320158125 0.5911832890625 0.2565354015625 0.6036725140625 0.259235775 0.618862109375
0 0.3831153703125 0.7049364875 0.4290217046875 0.738016053125 0.5913816109375001 0.7400413328125001 0.632899840625 0.68097068125 0.6339124796875 0.6671312703125001 0.61163440625 0.6532918609375 0.6096091265625 0.668819003125 0.5518886609375 0.7349781328125 0.438473009375 0.6769201218750001 0.4361101828125 0.6451907421875 0.3837904640625 0.6880591593750001 0.3831153703125 0.7049364875
0 0.650846653125 0.65750123125 0.70358830625 0.5824176265625 0.70834970625 0.5699647359375 0.6786825265624999 0.5611744609375 0.67465365 0.5805863203125 0.6409575937499999 0.62160760625 0.614953028125 0.6131835921875 0.610191628125 0.641385725 0.650846653125 0.65750123125