0 0.46790899843749995 0.4185605359375 0.46637415156250006 0.3891791828125 0.46308519375 0.3911525578125 0.46308519375 0.4106670375 0.40125279531249997 0.414175259375 0.40234911562500003 0.41987611874999997 0.46790899843749995 0.4185605359375
0 0.5448706 0.417244953125 0.5450898640624999 0.4104477734375 0.4865464234375 0.41000924687499996 0.4830382015625 0.3828205328125 0.47667955156249997 0.3843553796875 0.4804070359375 0.41812200781250003 0.5448706 0.417244953125
0 0.5575879015625 0.41571010625 0.6211744109375 0.4143945234375 0.6222707296875 0.40715881718749997 0.6060452062499999 0.38764433593750003 0.5488173484375001 0.3891791828125 0.5488173484375001 0.3979497359375 0.5575879015625 0.41571010625
0 0.550661734375 0.363019371875 0.548825515625 0.368936078125 0.5877941671875 0.36791595625 0.5869780703125 0.363223396875 0.578613071875 0.351389984375 0.54392893125 0.3520020578125 0.550661734375 0.363019371875
0 0.6016678234375 0.38750229531249997 0.6016678234375 0.3824016859375 0.590242459375 0.367303884375 0.549029540625 0.369140103125 0.54800941875 0.3893385140625 0.6016678234375 0.38750229531249997
0 0.5977913609375001 0.3685280296875 0.6475733031249999 0.3677119328125 0.6479813515624999 0.360979128125 0.6328835500000001 0.3499618140625 0.588406240625 0.3509819359375 0.5879981921875 0.355470471875 0.5977913609375001 0.3685280296875
0 0.6130931875 0.38954253906249997 0.6683837875 0.386890221875 0.6694039093749999 0.380769490625 0.6528779359375 0.365263640625 0.6024839203125001 0.36832400625 0.6008517265625 0.37403668749999996 0.6130931875 0.38954253906249997
0 0.6351278171875 0.41565765624999995 0.697151221875 0.4136174125 0.6983753671875 0.40770070625 0.6765447625000001 0.3862781484375 0.6208461125 0.388930465625 0.6183978203125 0.3942350984375 0.6351278171875 0.41565765624999995
0 0.6542346828125 0.5023647859375 0.7465299640625 0.5011396265625 0.7473467359375 0.49011319999999997 0.70977520625 0.4533584421875 0.6329986015625 0.4562171453125 0.632590215625 0.46765195937500004 0.6542346828125 0.5023647859375
0 0.76449895625 0.499097696875 0.8486265124999999 0.49828092343749997 0.8539355328125 0.4884796546875 0.8012537140625 0.45090812500000005 0.7285609703125 0.45172489687499995 0.7277441984374999 0.462751325 0.76449895625 0.499097696875
0 0.70201586875 0.5746491421875 0.8139136859375 0.573015596875 0.8130969125 0.5628059421875 0.7591899359375 0.5052234890625 0.665669496875 0.5068570343750001 0.665669496875 0.516249915625 0.70201586875 0.5746491421875
0 0.8314742921875 0.5705652796875 0.940889121875 0.5681149624999999 0.9421142796875 0.5570885359375 0.87105508125 0.5011396265625 0.779200859375 0.50358994375 0.7759337687500001 0.5137995984375 0.8314742921875 0.5705652796875
0 0.779576575 0.6930811390625 0.9188362671875 0.682871484375 0.9245536734375 0.6698031249999999 0.8351170968750001 0.5783246171875 0.7191354171875 0.581183321875 0.7150515562499999 0.5934349078125 0.779576575 0.6930811390625
0 0.9498736171875001 0.6861385734375001 0.9996967328125 0.678787621875 0.998471575 0.5954768374999999 0.9735600171875 0.5738323703125 0.8600286546874999 0.5832252515625 0.8539028625 0.5922097484375 0.9498736171875001 0.6861385734375001
0 0.32890639843749997 0.6997750921875 0.4761709859375 0.6923421796875 0.47338364374999997 0.584100384375 0.4603760453125 0.58224215625 0.465021615625 0.66446875625 0.36560640625 0.6681852125 0.353063365625 0.609186465625 0.35910260625 0.5868877265625 0.353527921875 0.5882813984374999 0.3251899421875 0.6853738234375 0.32890639843749997 0.6997750921875
0 0.653167225 0.6839801515625 0.6308684859375 0.6082573515624999 0.6211127875 0.6579649562500001 0.5230912484375 0.659823184375 0.5133355500000001 0.5831712703124999 0.49893428125000006 0.5845649421875 0.5082254234375 0.691413065625 0.653167225 0.6839801515625