0 0.442175546875 0.4193320546875 0.44288036093749994 0.40644341875 0.4315884828125 0.31507711718750003 0.2813436546875 0.31942619843750003 0.27899311718750003 0.33025990625 0.31971741875 0.42711387500000003 0.31562602812499996 0.40548272656249995 0.32210966875 0.345544915625 0.422318390625 0.3389766984375 0.43360581875 0.421914234375 0.442175546875 0.4193320546875
0 0.6104291843749999 0.31922077187500003 0.6077652312499999 0.3055274078125 0.46204391562499997 0.31131315625 0.4667481234375 0.41534980781249997 0.4829737109375 0.4164956484375 0.47976947968749994 0.3379817140625 0.5790780171875001 0.33369116249999997 0.5909067109375 0.393492790625 0.6104291843749999 0.31922077187500003
0 0.6850597921875 0.3889203125 0.687832890625 0.39967224843750004 0.8028760343749999 0.39510455 0.8786815000000001 0.293919309375 0.8729351546874999 0.28269453125 0.7348197421875 0.28744836406249996 0.6850597921875 0.3889203125
0 0.8265576578125 0.3809386734375 0.8305946421874999 0.38938112343750003 0.9430600578125 0.3846724640625 0.9880594125 0.3418881234375 0.9818090625 0.2746352390625 0.90550915625 0.27801225 0.8265576578125 0.3809386734375
0 0.644813309375 0.46813915 0.6465721796875 0.47856706562499995 0.7385383078125 0.47263743125 0.786294140625 0.411317634375 0.7823168359375 0.4021419875 0.6744148328125 0.4073494703125 0.644813309375 0.46813915
0 0.7551254046875 0.4614509953125 0.7585644984375 0.47173191093750005 0.8500764296875 0.4669001921875 0.9153354484375 0.4084934203125 0.9104209187500001 0.3970717734375 0.8070187765625001 0.40146229843750003 0.7551254046875 0.4614509953125
0 0.83477045 0.48305380781249996 0.8317881609375 0.4731562 0.7468894953125 0.47762096718749997 0.7138804875 0.5188149875 0.7150906734375 0.5278094546875 0.7906745921875 0.5233130781249999 0.83477045 0.48305380781249996
0 0.6197484375 0.52514575 0.62119493125 0.5320031843749999 0.698204396875 0.5292868125 0.7294964265625 0.4878197375 0.7270628203125 0.47935557656250005 0.6388037015625 0.48411434687500005 0.6197484375 0.52514575
0 0.475812865625 0.5853565671875 0.47683120937499995 0.6115103296875 0.4814071796875 0.6130147078125 0.48050956093749997 0.5906598296875 0.5395091453124999 0.5852864 0.540063159375 0.579523759375 0.475812865625 0.5853565671875
0 0.547069975 0.6015557859375 0.548406215625 0.6071530515625 0.604958959375 0.6028402359375 0.615851775 0.5822050953125 0.6169623750000001 0.5755472171875 0.553268665625 0.5804847859375 0.547069975 0.6015557859375
0 0.617182684375 0.594998446875 0.6173322546875 0.6015460765625 0.6739768749999999 0.5982834015625 0.6923388359375 0.5759366171875 0.6922076390624999 0.5695990156249999 0.6304225609375 0.5745812375 0.617182684375 0.594998446875
0 0.60173484375 0.6192066390625001 0.6031157375 0.6228952750000001 0.6524461171875 0.6206957859375 0.6669933875 0.603127096875 0.6661874531249999 0.5987532515625 0.6116063656249999 0.6014121203125 0.60173484375 0.6192066390625001
0 0.5908210828125 0.6347643515625 0.59265088125 0.6411649781250001 0.6382637765625 0.6375976390625 0.6497629703125 0.6238934328125 0.6482455500000001 0.6210632875 0.5999836875 0.623380928125 0.5908210828125 0.6347643515625