0 0.41774765 0.41769784843749996 0.4180986984375 0.40962373437500005 0.352101590625 0.41488946093749995 0.35139949375 0.422963575 0.41774765 0.41769784843749996
0 0.49743564687499997 0.41208107343749995 0.49216992031249995 0.40681534687500004 0.4398637015625 0.41102792812500005 0.43108749062499996 0.392773409375 0.42582176406250005 0.394177603125 0.43249168437499996 0.41804889687499996 0.49743564687499997 0.41208107343749995
0 0.5690495296875 0.40681534687500004 0.569400578125 0.398390184375 0.55149710625 0.3797846171875 0.498839840625 0.3825930046875 0.49743564687499997 0.392773409375 0.5069139546875 0.41032583125000005 0.5690495296875 0.40681534687500004
0 0.5444761375 0.3808377625 0.546582428125 0.37662518125 0.5321894421875 0.36117904843750004 0.4995419375 0.362934290625 0.4991908890625 0.3808377625 0.5444761375 0.3808377625
0 0.5272747640625 0.36223219375000004 0.5286789578125 0.355211225 0.5163922624999999 0.3436266265625 0.48971258124999995 0.3450308203125 0.49813774375 0.36153009687500004 0.5272747640625 0.36223219375000004
0 0.5851977578125 0.35872170937500003 0.5866019515625001 0.35380703125 0.572208965625 0.3411692875 0.5279768609375 0.34257348125 0.5272747640625 0.350296546875 0.53745516875 0.36153009687500004 0.5851977578125 0.35872170937500003
0 0.55703493125 0.3815778171875 0.6076403921875 0.377829265625 0.608390103125 0.3723938640625 0.58908505625 0.3577745078125 0.5429778578125 0.36208534375 0.542603003125 0.3665836078125 0.55703493125 0.3815778171875
0 0.6398779453125 0.401632575 0.6398779453125 0.393385759375 0.6162620624999999 0.37595498906249997 0.5643446078125 0.380265825 0.5639697531250001 0.3864509359375 0.582150234375 0.4051937 0.6398779453125 0.401632575
0 0.618371146875 0.48906519531250003 0.699360175 0.482094828125 0.6986963312500001 0.4728010046875 0.66019335 0.43861301406250003 0.5914854453125 0.44525145781250003 0.588166221875 0.454877203125 0.618371146875 0.48906519531250003
0 0.7129689875 0.4774479171875 0.7896430265625 0.47180523750000003 0.7922984046875 0.46151564843750004 0.741846221875 0.4309788015625 0.676457540625 0.438281090625 0.6751298515624999 0.44525145781250003 0.7129689875 0.4774479171875
0 0.6751298515624999 0.5547858 0.766740390625 0.5441642875 0.772051146875 0.5335427765625 0.71363283125 0.48475020625000004 0.6303203468749999 0.4947078734375 0.62932458125 0.5030059296875 0.6751298515624999 0.5547858
0 0.7853280375 0.540181221875 0.8722916656249999 0.5282320203124999 0.874615121875 0.5179424312500001 0.80491145 0.47246908281250005 0.730560865625 0.4810990609375 0.7292331765625 0.4913886515625 0.7853280375 0.540181221875
0 0.7591061796874999 0.6497155625000001 0.8762747328125 0.630464071875 0.8825812546874999 0.6195106375 0.790970715625 0.54648774375 0.693385575 0.5614242453125 0.690398275 0.571713834375 0.7591061796874999 0.6497155625000001
0 1 0.593620703125 0.9064796578125 0.532547009375 0.8181883390625 0.5448281328125 0.8098902828125001 0.5547858 0.9005050562499999 0.6314598390625 1 0.6145318046875 1 0.593620703125
0 0.4809192203125 0.6872339249999999 0.46934242812500004 0.6274205015625001 0.46789532968750003 0.6626332421875001 0.36466893749999996 0.6761395 0.35598634375 0.6004079875 0.33524459218749997 0.5994432546875 0.3309032953125 0.708940409375 0.4809192203125 0.6872339249999999
0 0.6507121640625 0.6621508765625 0.6222525515624999 0.60281981875 0.6203230859375 0.637067828125 0.5243321890625 0.6496093515625 0.5031080703125 0.5777367703125 0.4794721203125 0.5801486015624999 0.4838134171875 0.5869017296875 0.512755396875 0.68482209375 0.6507121640625 0.6621508765625