0 0.989673209375 0.596235490625 0.9914017109375 0.5848252484375001 0.961062015625 0.5848009249999999 0.8717549140624999 0.5180093390625 0.8656770281249999 0.526616440625 0.9622680812500001 0.5987392921875 0.989673209375 0.596235490625
0 0.87312998125 0.5109352312500001 0.883412578125 0.49580405 0.842632359375 0.49913397968749995 0.788212021875 0.45429590624999994 0.7813742625 0.46177645156249997 0.8479912171875 0.5143689953125 0.87312998125 0.5109352312500001
0 0.7810329921875 0.45094273906250004 0.7967771921875 0.4177855640625 0.7907114671875 0.4112228203125 0.7266391578125 0.41100407812500006 0.7224344484375 0.4175281578125 0.7706841375 0.45382538749999995 0.7810329921875 0.45094273906250004
0 0.804570778125 0.40535880156250004 0.8147677265625 0.3907084625 0.795945040625 0.3800872921875 0.747978765625 0.3781128046875 0.744221028125 0.3855051859375 0.7863704359375 0.4134250328125 0.7992497203125 0.41283410781249996 0.804570778125 0.40535880156250004
0 0.7692978578125 0.409719659375 0.772682878125 0.40225482812499996 0.732096790625 0.374252059375 0.6778772328125 0.372609259375 0.6733016109375 0.3802294625 0.7168074640625 0.41112057812499997 0.7692978578125 0.409719659375
0 0.6535253078125 0.5261916546875 0.6647437078125 0.540346409375 0.6517519843749999 0.571248825 0.6930598765625 0.625677975 0.8056617171875 0.6136388859374999 0.813486690625 0.60418363125 0.7929729187500001 0.5762479203125 0.784400346875 0.5895492296875 0.700790290625 0.598742084375 0.6612444328125 0.5326813171875 0.66300646875 0.521049703125 0.6535253078125 0.5261916546875
0 0.47690286562499995 0.52877993125 0.47341821093750003 0.541573465625 0.5139548203125 0.6487383875 0.6527708609375 0.635308840625 0.658165034375 0.6203918703125 0.64236538125 0.5938714125 0.6386668109375 0.6026319953125 0.543131284375 0.60900785 0.5136407937499999 0.537417825 0.5180070203125 0.5277891796875 0.47690286562499995 0.52877993125
0 0.2880429578125 0.666192928125 0.4702329625 0.6452289359375001 0.4751598875 0.6327157484375 0.447416815625 0.5290354828125 0.4358301671875 0.606610725 0.3134127828125 0.6152451015625 0.31287355156249996 0.533317140625 0.2962744859375 0.536576590625 0.2880429578125 0.666192928125
0 0.4970124921875 0.49976001875 0.4782067203125 0.4502037578125 0.4504432890625 0.44929738906249994 0.4480135984375 0.46179706718749997 0.4746589640625 0.5223567015625 0.5148950546875 0.5206982953125 0.52352055 0.49942452656249997 0.4970124921875 0.49976001875
0 0.568626203125 0.4213798140625 0.6030267796875 0.42407523593749996 0.6082070374999999 0.40512531249999995 0.5851295984375 0.382678334375 0.5149931328124999 0.3790236171875 0.5132040812499999 0.3856607640625 0.5276278953125 0.4064256484375 0.5634707437500001 0.40940141875 0.568626203125 0.4213798140625
0 0.5785859015625 0.380408525 0.5793334984375 0.3765624703125 0.5567097999999999 0.349214475 0.4917547015625 0.3445712265625 0.4901660578125 0.35274409375000004 0.5111605875 0.3807732546875 0.5785859015625 0.380408525
0 0.486216375 0.4038642015625 0.5098534015625 0.40546524531249994 0.4907683921875 0.37531265 0.41362098124999996 0.371791909375 0.4110843328125 0.382275109375 0.4236661703125 0.41764959843750005 0.48485515625 0.41856725624999996 0.486216375 0.4038642015625
0 0.48852448906249996 0.36888941875 0.47454090625 0.3407262828125 0.40547291249999995 0.33927494375 0.401280075 0.345444840625 0.41209877031250003 0.37448955 0.488952321875 0.376955328125 0.48852448906249996 0.36888941875
0 0.40090960625000005 0.401252053125 0.3915861078125 0.3645152328125 0.2999630671875 0.3661634625 0.296560575 0.4119017953125 0.31607119687499996 0.4141975109375 0.31886117812500003 0.397277571875 0.40090960625000005 0.401252053125
0 0.30349953749999997 0.327436075 0.30064423281249997 0.36779263125 0.3876736203125 0.3692428609375 0.3823965828125 0.334789359375 0.30349953749999997 0.327436075