0 0.18594931406249998 0.5087893796875 0.2671239328125 0.4906667640625 0.2653584453125 0.482386565625 0.1899584703125 0.4998889796875 0.159367990625 0.4815617890625 0.1598162015625 0.4922615515625 0.18594931406249998 0.5087893796875
0 0.2816751921875 0.48583285 0.3470816 0.472090725 0.3456692125 0.46546656718749996 0.2836465453125 0.47645036249999995 0.26097795625 0.46661835468749996 0.2642704890625 0.4782393 0.2816751921875 0.48583285
0 0.34462736718750003 0.41594331718750005 0.3458545546875 0.423792946875 0.379446590625 0.41625845000000006 0.3792828390625 0.41234934218749997 0.35314343125000003 0.4042302796875 0.32354428125 0.40920186718749996 0.34462736718750003 0.41594331718750005
0 0.35479046406250003 0.4688438234375 0.4068750671875 0.45625014999999997 0.40658945468749996 0.4472323578125 0.37180545781249996 0.43731011718749996 0.3461154140625 0.4421179515625 0.34724453906249997 0.46137405937500003 0.35479046406250003 0.4688438234375
0 0.3622926015625 0.4345758359375 0.34419799218749997 0.42823900625 0.346404834375 0.44242831875000005 0.36424525 0.43884767187499996 0.3622926015625 0.4345758359375
0 0.37358388124999997 0.4379727421875 0.41654596718750003 0.4286636296875 0.416724 0.423565415625 0.38585958124999997 0.41317952968749994 0.34678565781250004 0.42292467812499995 0.3472283578125 0.427444046875 0.37358388124999997 0.4379727421875
0 0.4141982140625 0.4529027515625 0.4614111921875 0.44224078125000005 0.4616206421875 0.43624288437500003 0.42626827343749996 0.4254000140625 0.384516240625 0.4344511203125 0.385133165625 0.4425797 0.4141982140625 0.4529027515625
0 0.24295414218750003 0.5476887296874999 0.24259063125 0.55809834375 0.290978171875 0.59586529375 0.3190371046875 0.584418534375 0.3205369046875 0.564428009375 0.2953504671875 0.5739707875 0.2595650390625 0.5426567828125 0.24295414218750003 0.5476887296874999
0 0.430791109375 0.5983425203125 0.3720333453125 0.6279584375 0.3223188640625 0.593752871875 0.32458635625 0.5862157515625 0.305749909375 0.597583709375 0.3067641765625 0.6144551640625 0.36637096874999997 0.6638379234375 0.4316464984375 0.6312427484375001 0.42992046406249995 0.6003164078125 0.443454234375 0.5915692828125 0.43224896562500004 0.5795531046875 0.430791109375 0.5983425203125
0 0.56316224375 0.66469715625 0.499580978125 0.7061703734375 0.4302255 0.6604557609375 0.4289227125 0.6403673671875 0.39004871093750004 0.6630613359375 0.3879578875 0.6770183546874999 0.465539084375 0.7397187984375 0.5052128406249999 0.7400391140625 0.5798748203125 0.6797116609375 0.578804628125 0.6644416843750001 0.5634278875 0.65709013125 0.56316224375 0.66469715625
0 0.5673210109375 0.62595915625 0.5636007484375 0.6406609875 0.5980922828125 0.663110934375 0.6586803109375 0.6155203218749999 0.6606732640625 0.6043658921875 0.6366282015625 0.5927030546875 0.6362786703125 0.6027123 0.59425255 0.6353176453125 0.5673210109375 0.62595915625
0 0.46699599062499997 0.49137516249999996 0.518350084375 0.5015865046875 0.5233311921875 0.5081741765625 0.5635410296875001 0.4931431578125 0.5642909296874999 0.48314789375 0.512774146875 0.46611628437499997 0.4661583921875 0.4809236046875 0.46699599062499997 0.49137516249999996
0 0.5689974984374999 0.48611825781249995 0.6091514109375 0.4726887171875 0.61021779375 0.465109653125 0.558216753125 0.45046628125000004 0.5237239421875 0.4624900796875 0.522201265625 0.471656640625 0.5689974984374999 0.48611825781249995
0 0.5821118328125 0.4893822265625 0.536929784375 0.5090499078125 0.5350067359375 0.5182024890625 0.57103493125 0.531085503125 0.57886565625 0.5249452296875 0.6018913640625 0.5313613171875 0.608846359375 0.538819634375 0.646751846875 0.5209021390624999 0.645485915625 0.5112373406249999 0.5821118328125 0.4893822265625
0 0.6538517374999999 0.5127320546874999 0.6861240875 0.49541956249999997 0.6851606578125 0.4885713328125 0.6260508296875 0.470873709375 0.5890719125 0.485215840625 0.5884478421875 0.491607775 0.6538517374999999 0.5127320546874999
0 0.645460909375 0.55101546875 0.6439852953125 0.5569832124999999 0.7067345078125 0.5835683640625 0.744304884375 0.550982334375 0.745530378125 0.54310503125 0.6631522000000001 0.516151225 0.62263863125 0.5422984 0.645460909375 0.55101546875
0 0.753341384375 0.5462290328125 0.7795608921875 0.5211667171875 0.782324275 0.514610334375 0.70359946875 0.4919025578125 0.6740319578125 0.5130463109375001 0.674138434375 0.5190693046875 0.753341384375 0.5462290328125