0 0.361083859375 0.479379646875 0.3588640828125 0.4722270296875 0.345545415625 0.4850524125 0.3443122046875 0.49368488125 0.42200442968749996 0.49245167187499994 0.4340898859375 0.47148710312500003 0.43310331875 0.4653210546875 0.4197846515625 0.464581128125 0.414358528125 0.47987293124999997 0.361083859375 0.479379646875
0 0.4528346765625 0.46408784374999995 0.445682059375 0.4843124859375 0.445188775 0.493438240625 0.5233742828125 0.49319159843750005 0.5233742828125 0.48603898125 0.5216477890625 0.4648277703125 0.5152350984375 0.46507441250000003 0.516221665625 0.4801195734375 0.462207071875 0.47839307968749994 0.463193640625 0.4648277703125 0.4528346765625 0.46408784374999995
0 0.5408858640624999 0.4727203140625 0.546805271875 0.494178165625 0.6240042125 0.49467144999999996 0.6247441375 0.4870255484375 0.6116721125 0.4653210546875 0.6092056921875 0.48283263437499996 0.5554377406250001 0.4840658453125 0.55075154375 0.46359456093749996 0.54113250625 0.46408784374999995 0.5408858640624999 0.4727203140625
0 0.8262506359374999 0.486285621875 0.7564509562499999 0.488012115625 0.7529979671875 0.48603898125 0.7500382640625001 0.48677890625 0.7251274234375 0.47025389375 0.724634140625 0.47469345 0.754231178125 0.49541137500000004 0.765576709375 0.49467144999999996 0.7665632765625 0.49269831406250003 0.8338965375 0.49294495625 0.8341431796875 0.487272190625 0.8267439203125001 0.48233935 0.8262506359374999 0.486285621875
0 0.8097256234374999 0.53290095625 0.9034495765624999 0.531667746875 0.9066559218749999 0.523775203125 0.8482017718750001 0.49294495625 0.765576709375 0.49245167187499994 0.7643434984375 0.501084140625 0.8097256234374999 0.53290095625
0 0.5450787781249999 0.55485209375 0.65187475625 0.5563319453125 0.65187475625 0.547452834375 0.6301702609375 0.509963253125 0.5391593703125 0.5104565359375 0.5396526546875 0.5193356484375 0.5450787781249999 0.55485209375
0 0.5591373703125 0.6330376015625 0.6965169546875 0.6327909593750001 0.6986134109375 0.6189790078125 0.6614937921874999 0.558798365625 0.54902505 0.5585517234374999 0.546805271875 0.5676774765625 0.5591373703125 0.6330376015625
0 0.42348428125000004 0.508976684375 0.40843912031249996 0.5435065625 0.409179046875 0.552632315625 0.5132619625 0.554358809375 0.513755246875 0.5341341671875 0.512768678125 0.5094699687500001 0.42348428125000004 0.508976684375
0 0.3134819578125 0.508236759375 0.2794453640625 0.5444931296875 0.2789520796875 0.5536188828124999 0.3827883546875 0.55559201875 0.403012996875 0.5171158703125001 0.4025197125 0.509963253125 0.3134819578125 0.508236759375
0 0.26316699374999997 0.5541121671875 0.20298634999999998 0.6120730328125 0.2045895234375 0.6253917 0.34036593437499996 0.6281047609375 0.37464916875 0.5679241187499999 0.37242939062499997 0.5563319453125 0.26316699374999997 0.5541121671875
0 0.3800752921875 0.611826390625 0.3805685765625 0.6256383421875 0.5174548765625 0.6290913296875 0.5159750234375 0.55559201875 0.40473949062500003 0.5531256 0.3800752921875 0.611826390625
0 1 0.5740901671875001 0.9207145156250001 0.5319143890625 0.8203312281249999 0.5324076734375 0.8181114515625 0.54178006875 0.8834715750000001 0.590121896875 1 0.5911084640625 1 0.5740901671875001