0 0.6950080562500001 0.54703179375 0.774781684375 0.5144309984375 0.81513019375 0.5360060484375 0.8121783062500001 0.5233365953125 0.7766964125 0.5034911234375 0.6909539953125 0.5405481937500001 0.6950080562500001 0.54703179375
0 0.61180366875 0.5831166953125 0.6691583578125 0.5574574234375 0.697497325 0.5684060109375 0.6946017343750001 0.5561950703125 0.6773152375 0.5480782343749999 0.6084977359375 0.5751449625 0.61180366875 0.5831166953125
0 0.5933970375000001 0.64669756875 0.5952039046875 0.6526574546874999 0.6264291171874999 0.6574241640625 0.6504405984375 0.6472190984374999 0.6203395281249999 0.6428519046875001 0.618100634375 0.6377513796875001 0.5933970375000001 0.64669756875
0 0.5483185015625 0.6431049109375 0.586585840625 0.6505009828125 0.620598615625 0.6363801984374999 0.6179092640625 0.6254220140625 0.59115279375 0.619837840625 0.5474035046875 0.6378418328125 0.5483185015625 0.6431049109375
0 0.5493576874999999 0.613391228125 0.5930459703125 0.623346946875 0.6151064625 0.6125751187499999 0.609110053125 0.5856279375 0.6004189171875 0.580513334375 0.5472257125 0.6047835453125 0.5493576874999999 0.613391228125
0 0.49286739218750003 0.6356791890625 0.5368251453124999 0.6434516515625 0.5772345249999999 0.62451389375 0.576124465625 0.6176621359375 0.53574358125 0.6083754046875 0.4884777515625 0.6305739703125 0.49286739218750003 0.6356791890625
0 0.4672351 0.570457740625 0.44277925468749996 0.567250965625 0.43598435 0.571966259375 0.39848897031249997 0.5668676515625 0.388179496875 0.561923921875 0.35085785468749997 0.5866875609375 0.35256141875 0.594240359375 0.422722665625 0.6061948562499999 0.467791659375 0.578151371875 0.4672351 0.570457740625
0 0.371641065625 0.5616259968749999 0.362807209375 0.5592177703125001 0.36436365 0.546607515625 0.29143895 0.5311113421875 0.2815248734375 0.5420310984375 0.2698268953125 0.5384221499999999 0.242821503125 0.5650239 0.242505953125 0.5782579906249999 0.3308716390625 0.58991775625 0.371641065625 0.5616259968749999
0 0.3085027046875 0.6284944171875 0.373794271875 0.6387182453125 0.408432796875 0.6173888375 0.40902323906250004 0.6095543734375 0.343114615625 0.5974658171875 0.30693997500000003 0.6220886218749999 0.3085027046875 0.6284944171875
0 0.20536107656249997 0.6119261890625001 0.290768753125 0.6216205625 0.3218254375 0.59956665625 0.319652425 0.5881905171875 0.23325213437499998 0.573572740625 0.20499907187500002 0.602656275 0.20536107656249997 0.6119261890625001
0 0.1247099625 0.49746636093749996 0.0971506125 0.5368264109374999 0.0927319140625 0.55230545 0.21470418281249998 0.5729624062500001 0.2479009734375 0.533569396875 0.1714345984375 0.5208366765625 0.1756204359375 0.5075154734375 0.1247099625 0.49746636093749996
0 0.07247990625 0.597799221875 0.175179740625 0.6092513687500001 0.2000856828125 0.5813550046875 0.2019707390625 0.5714210890625 0.087532759375 0.5528720390624999 0.06905245 0.592010484375 0.07247990625 0.597799221875
0 0.6996417984375001 0.4521261296875 0.6338302703124999 0.411249925 0.5886034062500001 0.437246603125 0.596097153125 0.46322585156249996 0.6258796359375001 0.4428914171875 0.6811288 0.46784892187500005 0.679650171875 0.4777142453125 0.7013337609375 0.465906053125 0.6996417984375001 0.4521261296875
0 0.590555846875 0.42531129375 0.6129089765625 0.41019296718750003 0.6091064203125 0.3923682953125 0.5034713234375 0.32948244843749996 0.412672753125 0.418101278125 0.41694962343749997 0.43102582656250005 0.45863287656249996 0.45065518125 0.45510001562499997 0.430645446875 0.513558696875 0.3809666265625 0.5913092484375 0.41392105625 0.590555846875 0.42531129375
0 0.4282826359375 0.3749531328125 0.4751976015625 0.33127698906249997 0.4811119234375 0.317589315625 0.407773109375 0.26874041875 0.30646838125000003 0.2811790765625 0.42455025312499994 0.3351977796875 0.4282826359375 0.3749531328125
0 0.30646838125000003 0.2811790765625 0.25892873125000004 0.28701621093749996 0.22508861875 0.34360313593749997 0.23368673125 0.3574839125 0.2513600734375 0.361058703125 0.25271046875000003 0.35802049375 0.30646838125000003 0.2811790765625