0 0.35117293906249997 0.424243853125 0.35254114531249997 0.42766436875 0.3828697171875 0.42219154375 0.3828697171875 0.41717478750000003 0.3573298671875 0.40964965312499996 0.3274573640625 0.41717478750000003 0.35117293906249997 0.424243853125
0 0.3769408234375 0.44317070625 0.41844307968749994 0.433821296875 0.41844307968749994 0.42857650625000004 0.38834254218750003 0.4189990625 0.35185704218749997 0.42812043749999995 0.3532252484375 0.43404933124999995 0.3769408234375 0.44317070625
0 0.3561896953125 0.46916662656249997 0.3609784171875 0.4732712453125 0.4125141859375 0.46004525 0.4120581171875 0.4536602875 0.3783090296875 0.443626775 0.3529972140625 0.44864353125 0.3550495234375 0.46392183593749997 0.3561896953125 0.46916662656249997
0 0.3541373859375 0.447959428125 0.36850355156250003 0.444766946875 0.3669073109375 0.440662328125 0.3529972140625 0.434733434375 0.3541373859375 0.447959428125
0 0.4232318015625 0.45867704375 0.4645060234375 0.44499498125 0.4647340578125 0.439750190625 0.4300728328125 0.430172746875 0.3901668171875 0.440206259375 0.3903948515625 0.44864353125 0.4232318015625 0.45867704375
0 0.2984969984375 0.49402237343750005 0.3529972140625 0.47851603593750003 0.35254114531249997 0.4732712453125 0.2978128953125 0.48581313593750003 0.2745533890625 0.4760076578125 0.2750094578125 0.48672527343749994 0.2984969984375 0.49402237343750005
0 0.262010190625 0.5649294984375001 0.31150927500000003 0.5999138140625 0.3412831609375 0.584654696875 0.33756142499999997 0.5682790609375 0.31746405312500003 0.5757225312500001 0.28099104375 0.5567416796875 0.2795023484375 0.54669299375 0.2616380171875 0.5548808125 0.262010190625 0.5649294984375001
0 0.32639621874999997 0.6118233671875 0.3930152859375 0.6598337578125 0.44958566875 0.6241050953125 0.45033001562499997 0.6014025078125 0.460006528125 0.5913538218750001 0.44623610625000004 0.5809329625 0.44623610625000004 0.5965642515625 0.389665725 0.6281990046875 0.343144028125 0.5980529453125001 0.343144028125 0.5902373015625 0.32527969687499997 0.6006581609375 0.32639621874999997 0.6118233671875
0 0.41162396562500003 0.6736041796875 0.5046673562499999 0.739851075 0.5947333593749999 0.6687659234375001 0.5947333593749999 0.65685636875 0.5764968546875 0.644946815625 0.5761246812499999 0.65722854375 0.5180656046875 0.6985398093749999 0.45144653593750006 0.6576007171875 0.45144653593750006 0.6363868234375001 0.4142291796875 0.659461584375 0.41162396562500003 0.6736041796875
0 0.612597690625 0.6542511546875 0.66693503125 0.6047520703125 0.67028459375 0.592842515625 0.6464654859375 0.583166003125 0.6438602703125 0.5999138140625 0.6062707406250001 0.6315485671875 0.580218590625 0.618894665625 0.5805907640625 0.6378755171875 0.612597690625 0.6542511546875
0 0.5262534234375 0.5012878187500001 0.5318360265625001 0.5057539015625 0.56979773125 0.490866959375 0.5683090359375 0.4830513140625 0.5165769109375 0.46704785 0.4719160828125 0.48379566093750004 0.4719160828125 0.48900609062499995 0.5262534234375 0.5012878187500001
0 0.57798555 0.4864008765625 0.611108996875 0.46928089218749997 0.611108996875 0.461465246875 0.5616099125 0.44843917187500004 0.5258812500000001 0.46332611406249996 0.52736994375 0.471141759375 0.57798555 0.4864008765625
0 0.57947424375 0.526223446875 0.5865455421875 0.5217573640625 0.6155750796875 0.5332947453125 0.649442875 0.5139417203125001 0.6475820062500001 0.5031486859375 0.58580119375 0.4871452234375 0.5422568875 0.508359115625 0.5422568875 0.5154304140625 0.57947424375 0.526223446875
0 0.6553976515625 0.5079869421875001 0.6862880578125 0.48975043749999997 0.6866602312500001 0.48230696718750005 0.6263681125 0.46704785 0.5936168390625001 0.48379566093750004 0.593244665625 0.49272782656249997 0.6553976515625 0.5079869421875001
0 0.650187221875 0.5437156046875 0.6486985265625 0.5545086390625 0.7104793390624999 0.57274514375 0.747324521875 0.5414825640625 0.7462080015625 0.5325503984375 0.666190684375 0.5091034640625 0.6263681125 0.5355277859375 0.650187221875 0.5437156046875
0 0.7558845140625 0.53701648125 0.78082014375 0.5098478109375 0.7804479703125 0.503520859375 0.7089906453125 0.48379566093750004 0.6784724125 0.5050095546875 0.6773558921875 0.5154304140625 0.7558845140625 0.53701648125