0 0.2738319828125 0.46412475000000003 0.34374653125 0.4530272015625 0.342914215625 0.44470404218750004 0.27632893125 0.4582985375 0.2621795578125 0.43665832031249996 0.25801797656250003 0.44609123593750005 0.2738319828125 0.46412475000000003
0 0.359005659375 0.44775586718750005 0.4172677828125 0.43887782968750005 0.4167129046875 0.43110954687499997 0.3595605359375 0.44220709375 0.341527021875 0.42500589531250005 0.3404172671875 0.435548565625 0.359005659375 0.44775586718750005
0 0.4275330140625 0.43527112656250005 0.4788591703125 0.423896140625 0.47830429375000005 0.419457121875 0.4511153015625 0.405030309375 0.4186549765625 0.4114114 0.41920985312500003 0.43110954687499997 0.4275330140625 0.43527112656250005
0 0.41782265937499996 0.4114114 0.44168238750000005 0.40697238125 0.4408500703125 0.40281079999999997 0.4136610796875 0.390326059375 0.41782265937499996 0.4114114
0 0.41699034375000005 0.3856096015625 0.41837753749999995 0.391713253125 0.42198424062499995 0.3919906921875 0.46165797187499996 0.385054725 0.4611030953125 0.381448021875 0.43890799999999996 0.3722925453125 0.4006214609375 0.37978338906250003 0.41699034375000005 0.3856096015625
0 0.45056042500000004 0.40724981875 0.4932859828125 0.399204096875 0.4935634203125 0.3919906921875 0.4663744296875 0.38366753125 0.42864276874999996 0.3908809375 0.4275330140625 0.3980943421875 0.45056042500000004 0.40724981875
0 0.487737209375 0.42278638593749995 0.5324048375 0.413630909375 0.5321273984375 0.40697238125 0.5013317046875 0.39559739375 0.46221284999999995 0.403643115625 0.46082565625000005 0.410856521875 0.487737209375 0.42278638593749995
0 0.5698590593749999 0.4813259484375 0.62174009375 0.46551194375 0.62174009375 0.4602406078125 0.5759627109375 0.437768075 0.5249139921875 0.451640009375 0.5249139921875 0.46079548593749997 0.5698590593749999 0.4813259484375
0 0.631450446875 0.46162780156250005 0.675285759375 0.447478428125 0.6761180765625 0.44192965468749995 0.6292309375 0.42472845625 0.5865053812500001 0.43471624843749995 0.5862279421875 0.4435942875 0.631450446875 0.46162780156250005
0 0.7077460859375 0.49186861875 0.7529685921875 0.4741125421875 0.75352346875 0.466344259375 0.6919320812499999 0.4466461125 0.64809676875 0.46051804687500003 0.6483742078125 0.46828632968750006 0.7077460859375 0.49186861875
0 0.6461546984375001 0.51850273125 0.7002552421875 0.49713995312500003 0.70081011875 0.48992654687500004 0.6397736078125 0.464957065625 0.5870602578125 0.478829 0.5851181875 0.4879844765625 0.6461546984375001 0.51850273125
0 0.746864940625 0.5670545015624999 0.799578290625 0.5398655109375 0.8001331687500001 0.5287679640625 0.7185661953125 0.4946430046875 0.6669626 0.516283221875 0.6652979671875 0.5254386984375 0.746864940625 0.5670545015624999
0 0.809843521875 0.532097228125 0.855887246875 0.5079600625 0.8556098078125001 0.50074665625 0.7745977109375 0.473557665625 0.732160690625 0.49075886406249997 0.7318832515625 0.498527146875 0.809843521875 0.532097228125
0 0.3127049515625 0.5121604390625001 0.3417284640625 0.544616840625 0.36919157343750003 0.536814821875 0.366694928125 0.52183494375 0.34672175625 0.5252678328125 0.3267485859375 0.49593223750000004 0.31301703125 0.4993651265625 0.3127049515625 0.5121604390625001
0 0.3501546453125 0.5589725578125 0.3925976328125 0.6101538078125001 0.446275528125 0.5904927171875001 0.4434668015625 0.56427793125 0.39790300625 0.5776974046875 0.3670070078125 0.54773765 0.36919157343750003 0.5414960328125 0.3504667265625 0.5464893265625 0.3501546453125 0.5589725578125
0 0.40724194062499997 0.621452890625 0.4726915390625 0.69647114375 0.581008709375 0.644034915625 0.5829224390625 0.630256053125 0.5656988609375 0.6168599359375 0.5641678765625 0.625280353125 0.4979527859375 0.657813778125 0.447430290625 0.6122669828125 0.4497267671875 0.5927469265624999 0.40915567187499996 0.608056775 0.40724194062499997 0.621452890625
0 0.602825240625 0.6325525296875 0.683201940625 0.5915986890625 0.6851156703125 0.5827955265625 0.660619915625 0.56480645625 0.6590889296875 0.57973355625 0.602825240625 0.6038465656249999 0.5695263234375 0.5824127796874999 0.5676125921875 0.6030810734375 0.602825240625 0.6325525296875