0 0.3109787125 0.507729771875 0.3778846328125 0.49622195468749997 0.377349384375 0.49086948125 0.31499306875 0.50103918125 0.29813277656250003 0.4820379 0.296527034375 0.487657996875 0.3109787125 0.507729771875
0 0.39073056875 0.4935457171875 0.4498754015625 0.4833760171875 0.44719916406250004 0.47668542656249996 0.3918010640625 0.48658750156249997 0.37761700781249996 0.4716005765625 0.3768141375 0.48284077031250006 0.39073056875 0.4935457171875
0 0.45067827187500004 0.43172464843749997 0.45148114375 0.4373447453125 0.45415737968750003 0.43975335781249997 0.4934980609375 0.43172464843749997 0.49430093125 0.4285131640625 0.47315866093750003 0.420484453125 0.43756471250000006 0.42556930312499996 0.45067827187500004 0.43172464843749997
0 0.5095554812499999 0.4702624578125 0.509020234375 0.4641071125 0.48279311406250003 0.450993553125 0.45067827187500004 0.45741652187500004 0.45067827187500004 0.4716005765625 0.4576364875 0.4796292859375 0.5095554812499999 0.4702624578125
0 0.4739615328125 0.4499230578125 0.45067827187500004 0.437077121875 0.4504106484375 0.45795176875 0.4728910375 0.453402165625 0.4739615328125 0.4499230578125
0 0.5644183359375 0.4550079078125 0.5352473546875001 0.44376771406250004 0.49269518906250004 0.45019068124999995 0.4932304375 0.457148896875 0.519189934375 0.4697272109375 0.5641507109375 0.4619661234375 0.5644183359375 0.4550079078125
0 0.482257865625 0.4536697890625 0.525345278125 0.44510583125 0.524007159375 0.4413591 0.49858291093749996 0.431457025 0.460847971875 0.43868286406249996 0.460847971875 0.443500090625 0.482257865625 0.4536697890625
0 0.344390021875 0.5520658109375 0.3675936046875 0.587074725 0.395682153125 0.5793401968749999 0.39608923281249997 0.567534865625 0.3785847765625 0.567534865625 0.3553811921875 0.5410746390625001 0.3439829421875 0.5422958812500001 0.344390021875 0.5520658109375
0 0.380213096875 0.6058004234375 0.4209211375 0.656685475 0.4713991078125 0.63836685625 0.4730274296875 0.6102783078125 0.42702734375 0.6228978015625 0.395275071875 0.587074725 0.37939893593749996 0.591552609375 0.380213096875 0.6058004234375
0 0.4355760328125 0.6583137953125 0.43435479062500004 0.6709332890625 0.485646921875 0.7397298765625 0.5206558375 0.7407754375 0.611841846875 0.697393515625 0.6114347671875 0.68640234375 0.5947444703125 0.670119128125 0.5955586312500001 0.679074896875 0.52024875625 0.7128625703125 0.470584946875 0.6587208765625 0.47099202812499996 0.646101384375 0.4355760328125 0.6583137953125
0 0.5959657109375 0.6611633593749999 0.6354525109375 0.6884377453125 0.71605443125 0.6481367859375 0.720125234375 0.6379597765625 0.6952933296875 0.618826996875 0.6908154453125 0.6351102125 0.6334171093750001 0.6623846 0.598815275 0.6342960515625 0.5980011140625 0.6465084640625001 0.5959657109375 0.6611633593749999
0 0.6008506765625 0.5288622281250001 0.6537711296875 0.5150214937500001 0.6537711296875 0.5068798859375 0.6093993656250001 0.48530462500000004 0.554850590625 0.4991453578125 0.5564789125 0.5081011265625001 0.6008506765625 0.5288622281250001
0 0.6769747125000001 0.567534865625 0.735594290625 0.5492162484375 0.735594290625 0.5427029609375 0.672089746875 0.5142073328125 0.6195763750000001 0.526826825 0.6167268124999999 0.5370038359375 0.6769747125000001 0.567534865625
0 0.6175409734375 0.4918179109375 0.6639481390624999 0.5109506890625 0.7107623859375 0.4995524390625 0.7107623859375 0.4918179109375 0.6623198171875 0.4730922125 0.617948053125 0.48571170468749997 0.6175409734375 0.4918179109375
0 0.7445500593750001 0.5447383640625 0.7921784671875 0.5284551468750001 0.7921784671875 0.5186852171874999 0.7274526828125001 0.4950745546875 0.6822667578125 0.5109506890625 0.6818596765625 0.51787105625 0.7445500593750001 0.5447383640625
0 0.7840368578125 0.624526121875 0.840621034375 0.598065896875 0.843470596875 0.5850393234375 0.756355390625 0.5475879265625 0.6997712140625 0.572216290625 0.699364134375 0.5789331171875001 0.7840368578125 0.624526121875
0 0.7693819640624999 0.555729534375 0.858939653125 0.5899242874999999 0.90534681875 0.5659065437499999 0.9061609796875001 0.555729534375 0.81538205 0.5276409859375 0.7710102859375 0.54514544375 0.7693819640624999 0.555729534375