0 0.7030614328125 0.4304883609375 0.698969290625 0.420179153125 0.6884622874999999 0.4421045921875 0.6233696015625 0.434134528125 0.6213419296875 0.439573996875 0.6889985015625 0.4497728109375 0.7030614328125 0.4304883609375
0 0.6251961921875 0.42581947812500004 0.6223407609375 0.4125341484375 0.6073528171875 0.4323648890625 0.5523916953125 0.424649571875 0.551590659375 0.433856121875 0.607309228125 0.43862882968749994 0.6251961921875 0.42581947812500004
0 0.5473659718749999 0.4084836546875 0.5163121984375 0.40284564375 0.487758284375 0.4164119609375 0.48776630781249997 0.42479938281249996 0.5412710859375001 0.4288674671875 0.54699355 0.423839459375 0.5473659718749999 0.4084836546875
0 0.5233724718749999 0.40478640468749993 0.5454188859375 0.4072862609375 0.5463454125 0.3865385390625 0.5225188234375 0.3993781953125 0.5233724718749999 0.40478640468749993
0 0.54645461875 0.38130073593749997 0.5564670171875 0.374894965625 0.5216834484375 0.37043295781249996 0.5002441578125 0.3800151234375 0.5005038734375 0.387129009375 0.5405302187500001 0.3883715875 0.5456687640625 0.387061325 0.54645461875 0.38130073593749997
0 0.535320528125 0.392064171875 0.534973121875 0.3870960328125 0.4957607421875 0.3838946578125 0.47296815625 0.3945223953125 0.4721492140625 0.399809828125 0.5154826796875 0.4041494375 0.535320528125 0.392064171875
0 0.5040723296875 0.4075624109375 0.5036918375 0.40212111562499997 0.46230062656250004 0.3983588953125 0.43313199999999996 0.4129985125 0.4332924578125 0.41869292812500003 0.4788212984375 0.42382996093749997 0.5040723296875 0.4075624109375
0 0.444182696875 0.46529571093750005 0.4432421546875 0.455688025 0.393945303125 0.4462372546875 0.346600540625 0.47238802812499997 0.3479262953125 0.47981912187500003 0.4021298296875 0.4902703171875 0.444182696875 0.46529571093750005
0 0.3815401875 0.45328496874999996 0.37939353593749997 0.44564257031250004 0.33609166562500004 0.437384834375 0.289057321875 0.46028941406249996 0.2909178765625 0.4676831109375 0.3372733296875 0.4773395640625 0.3815401875 0.45328496874999996
0 0.386758996875 0.5010186078125 0.3854575640625 0.49009262031249995 0.32858003125 0.47982840781249997 0.2701540734375 0.5089037109375 0.2713994125 0.5190274984375 0.3294157140625 0.534048809375 0.386758996875 0.5010186078125
0 0.32058981875 0.48468645312499997 0.31745398593749996 0.47442615468750005 0.270103725 0.46591409375000004 0.21055207343750001 0.494261990625 0.21078952968750003 0.501500478125 0.261840365625 0.5129782546875 0.32058981875 0.48468645312499997
0 0.310123046875 0.5346213578125 0.25390375 0.5183995593749999 0.17227195312500002 0.5614581015625 0.17288900000000001 0.5702822875 0.2319823546875 0.5930207890625 0.313961965625 0.54725085625 0.310123046875 0.5346213578125
0 0.2373966453125 0.524629690625 0.2363382890625 0.5171798984375 0.186766584375 0.4999558421875 0.10531431875 0.5378963921875 0.10753576406250001 0.5466083875 0.15616875937500002 0.5657790359375 0.2373966453125 0.524629690625
0 0.65850604375 0.498299884375 0.65766996875 0.4863434578125 0.643766603125 0.4838828484375 0.6242277281249999 0.5137415953125 0.60852075 0.510033978125 0.6093018671875 0.5261136390625001 0.6343995875 0.5315675703125 0.65850604375 0.498299884375
0 0.6230570640625 0.5460920203125 0.6233652640625 0.535771990625 0.6090725109374999 0.5326520453125 0.582376484375 0.5681605078125 0.5341518671875 0.5608909421875 0.535728465625 0.5834373453125 0.587378728125 0.6004225625 0.6230570640625 0.5460920203125
0 0.4048191765625 0.6406509765624999 0.4053375265625 0.652972903125 0.5169895953125 0.6983742312500001 0.5746697546874999 0.6150425640625 0.573372628125 0.6014019640625 0.5345698249999999 0.591413865625 0.538377675 0.6065953093750001 0.4963520359375 0.6634293953125 0.41766429374999997 0.63288710625 0.4194822703125 0.6245212 0.4048191765625 0.6406509765624999
0 0.2949252859375 0.6105744203125 0.3824877640625 0.645302084375 0.4182496265625 0.61671189375 0.4128675171875 0.5937450328125 0.3807200625 0.6200227828125 0.3210049109375 0.59570601875 0.3187307234375 0.58282030625 0.2954317734375 0.59818083125 0.2949252859375 0.6105744203125