0 0.2788209390625 0.44068028281249993 0.3495124984375 0.43695158906250003 0.34955474999999997 0.42858702343750005 0.2819132140625 0.43514698906250004 0.270103371875 0.4121463078125 0.2649785796875 0.4210925453125 0.2788209390625 0.44068028281249993
0 0.365239040625 0.43330414375000004 0.42411000468750004 0.4305647921875 0.42437017343749994 0.4227810640625 0.36637088125 0.42784376875 0.350234171875 0.408851784375 0.34802848750000004 0.4192207 0.365239040625 0.43330414375000004
0 0.4346960046875 0.4280508546875 0.4869300015625 0.42210322656250004 0.48684216874999997 0.41763052500000003 0.46131013281250005 0.4004407203125 0.42836062343750003 0.4033938265625 0.42685344374999995 0.42304206562499996 0.4346960046875 0.4280508546875
0 0.4513331375 0.39716036093749996 0.4255981015625 0.38190199062499997 0.42753286562500004 0.40330682656250005 0.45172589218750003 0.4013861453125 0.4513331375 0.39716036093749996
0 0.413731925 0.3700540625 0.42940213125 0.377559371875 0.43014372187500005 0.3837745890625 0.433701665625 0.3844275109375 0.4738830671875 0.3816765734375 0.4737082328125 0.378031628125 0.4525917328125 0.3666062875 0.413731925 0.3700540625
0 0.46052629375 0.402590071875 0.503858803125 0.3990544609375 0.504888728125 0.3919095734375 0.47871868749999996 0.3807899828125 0.44043971875 0.38401984218749996 0.43858203749999997 0.3910777296875 0.46052629375 0.402590071875
0 0.49587540625 0.421927559375 0.5412553484375 0.41749127656249996 0.5416754359375 0.41084022343750004 0.512237453125 0.3963085234375 0.4724918890625 0.40022113593749997 0.4703582875 0.407250025 0.49587540625 0.421927559375
0 0.571428334375 0.48873050625000003 0.6246781718750001 0.478426178125 0.6252291765625 0.47318371875 0.5820515875 0.446049253125 0.52983250625 0.4545091515625 0.5288754984375 0.46361447343749995 0.571428334375 0.48873050625000003
0 0.634741334375 0.47557832187500004 0.679815525 0.46608849843750005 0.6812232875 0.460657121875 0.636391015625 0.4386491125 0.59285550625 0.4441161546875 0.5916515796875 0.4529165578125 0.634741334375 0.47557832187500004
0 0.7074579921875 0.5136285421875 0.7542887796875 0.500696775 0.7556526234375001 0.493029046875 0.6964576578125 0.46700075625000004 0.6514124671875 0.4762146609375 0.6508763796875 0.4839693890625 0.7074579921875 0.5136285421875
0 0.6434199859375 0.533678696875 0.6994571796875 0.51808799375 0.7007630218750001 0.5109721031250001 0.642670896875 0.47975935468750003 0.5887963046875 0.48804525156249995 0.5859078656250001 0.496947571875 0.6434199859375 0.533678696875
0 0.738503484375 0.5924915828125 0.7937700890625 0.57096158125 0.7954819375 0.5599828296875 0.717928825 0.5175187390625 0.6643459015625 0.5336463640625 0.6617333796875 0.542577684375 0.738503484375 0.5924915828125
0 0.8047910921874999 0.5643088640625 0.85310560625 0.545116803125 0.8535836937499999 0.5379139125 0.7758574125 0.502405796875 0.7318548515625001 0.5150768875 0.7307669265625 0.522773615625 0.8047910921874999 0.5643088640625
0 0.31410770625 0.4798235625 0.3124598609375 0.49251615937500004 0.3379317625 0.52782854375 0.366059959375 0.5229399421875 0.36514281406250004 0.5077811546875 0.3449202234375 0.5091074734375 0.328122871875 0.47784481718749994 0.31410770625 0.4798235625
0 0.3655706390625 0.527595509375 0.346426428125 0.5306041703125 0.344811203125 0.5429863953125 0.3816717859375 0.59832376875 0.437110771875 0.5843812515625 0.4370576234375 0.5580164812499999 0.39034071406250004 0.566599728125 0.3627456140625 0.5335745843749999 0.3655706390625 0.527595509375
0 0.48146796875 0.656735265625 0.435983178125 0.6061569421875 0.440307475 0.5869838656249999 0.39835831875 0.5979690109375 0.3950547953125 0.6110917015624999 0.4523043109375 0.6925403421875 0.5655091875 0.65171359375 0.5688527156250001 0.6382102515625 0.553123765625 0.623087165625 0.5507209953125 0.6313014234375001 0.48146796875 0.656735265625
0 0.5605309703125 0.58922879375 0.556467296875 0.609583825 0.588406440625 0.6425745578125001 0.6726236703125 0.61024671875 0.6754470984375 0.6016918203125 0.6529659031249999 0.5812407921875 0.6498829984375 0.5959260890625 0.5914070312499999 0.6140258484375 0.5605309703125 0.58922879375