0 0.5195516984374999 0.637454175 0.480234271875 0.5911157796875 0.4503951546875 0.6009451375 0.4496930578125 0.6111255421874999 0.503052421875 0.6662401484375 0.5960802593750001 0.632539496875 0.5960802593750001 0.619901753125 0.5837935640625 0.6125297359374999 0.5195516984374999 0.637454175
0 0.6178452625 0.6272737703125 0.6936717265625 0.598838846875 0.6912143875 0.5890094890625 0.6683962390625 0.5749675515625 0.6698004328125 0.5847969078124999 0.6167921171875 0.6055087671875 0.584846709375 0.5830416656249999 0.5837935640625 0.6055087671875 0.6178452625 0.6272737703125
0 0.443725234375 0.5756696484375 0.415641359375 0.549341015625 0.40616304999999997 0.5532025484374999 0.40510990468749997 0.561978759375 0.439512653125 0.6005940890625 0.48339370937500004 0.5865521499999999 0.48198951562500003 0.566191340625 0.443725234375 0.5756696484375
0 0.40195046874999996 0.53459698125 0.382993853125 0.513885121875 0.373164496875 0.5170445578125 0.3728134484375 0.5230123828125001 0.398439984375 0.5510962578124999 0.41915184375000003 0.5461815796875 0.4166945046875 0.532490690625 0.40195046874999996 0.53459698125
0 0.569880928125 0.4485548640625 0.543540909375 0.4377847234375 0.5046747500000001 0.44340392812499996 0.5043235484374999 0.4482036640625 0.5291417 0.4596762046875 0.5704662609375 0.45440820156250006 0.569880928125 0.4485548640625
0 0.4939046078125 0.4442233953125 0.46557445625 0.4476183296875 0.46990592500000006 0.46670021093749997 0.5191910265625 0.46143220625000003 0.5176691578125 0.4547594015625 0.4939046078125 0.4442233953125
0 0.534058503125 0.4357945890625 0.5115816875 0.4270145828125 0.4747056625 0.43111191875 0.47482272812500004 0.43567752187500003 0.4954264765625 0.44504286249999997 0.5342926359375 0.43872125781250004 0.534058503125 0.4357945890625
0 0.666695128125 0.5397498609375 0.716799696875 0.5257018515625 0.7172679625 0.5184437125 0.662831925 0.4964351640625 0.6136638921875 0.5088442390625 0.6123761578125 0.516804778125 0.666695128125 0.5397498609375
0 0.7255797015625001 0.521955715625 0.7704162671875 0.5091954390625 0.7713528000000001 0.5027567687500001 0.7165655625 0.48320662187499996 0.6723143328125001 0.49409382968750004 0.6730167328125 0.5027567687500001 0.7255797015625001 0.521955715625
0 0.8206144875 0.55754400625 0.8655212921875 0.540218128125 0.866691959375 0.531086921875 0.7927057750000001 0.508727171875 0.7460663828125 0.5218386484375 0.7472370500000001 0.5285114531249999 0.8206144875 0.55754400625
0 0.680626071875 0.5472421328125 0.7515685203125 0.58130855625 0.806472825 0.5618754765625 0.8068240250000001 0.5530954703125001 0.7326037078125001 0.5244141171875001 0.6810943375 0.5389303937500001 0.680626071875 0.5472421328125
0 0.7016980859374999 0.478406884375 0.6577980546875 0.46342234062500004 0.6160052265625 0.47114874687499997 0.6165905609375 0.477353284375 0.65850045625 0.49385969531249996 0.70122981875 0.4847284890625 0.7016980859374999 0.478406884375
0 0.606218446875 0.47349008125000003 0.5602112140625 0.48285542187499997 0.5597429468749999 0.48566502343750007 0.59785988125 0.510249040625 0.6479644484375 0.4983082328125 0.64784738125 0.49034769375 0.606218446875 0.47349008125000003