0 0.7299032875 0.4107602984375 0.727309478125 0.40205657031250003 0.7107994484375 0.424419684375 0.6454635234375 0.42048842343750004 0.646449315625 0.426712471875 0.7151862828125 0.431016515625 0.7299032875 0.4107602984375
0 0.6478935031249999 0.41281191718750004 0.6451266515625 0.4010974140625 0.6307207609375001 0.419481446875 0.571579428125 0.41821487812499997 0.572752990625 0.425624459375 0.6336109515625 0.42813823281249996 0.6478935031249999 0.41281191718750004
0 0.568178384375 0.41784209531250005 0.5655643328125 0.39941939375 0.5357502859375 0.3982435984375 0.509926825 0.4159553671875 0.509574290625 0.4224757546875 0.5605755859375 0.42524915625000004 0.568178384375 0.41784209531250005
0 0.5424959 0.398560459375 0.566372046875 0.399165509375 0.5656390234375 0.3785026921875 0.5416173765625001 0.39592908125 0.5424959 0.398560459375
0 0.56424989375 0.37410517187500003 0.57856649375 0.36537309375000004 0.540251346875 0.36543881875 0.5191667468750001 0.376628103125 0.5202481125 0.3819978765625 0.5592746125 0.3820503609375 0.564559753125 0.377519246875 0.56424989375 0.37410517187500003
0 0.554000665625 0.38519444062499997 0.55216108125 0.380868265625 0.515351178125 0.38023382968749997 0.490190109375 0.3948392859375 0.4915323734375 0.4003986140625 0.5330720437500001 0.400283928125 0.554000665625 0.38519444062499997
0 0.524265809375 0.40444922187500004 0.5235880328125 0.4001699109375 0.48248552968749997 0.39721395625 0.4544678578125 0.4127336078125 0.454222340625 0.4199296765625 0.5000189374999999 0.42191128281249995 0.524265809375 0.40444922187500004
0 0.46938245937499995 0.464627428125 0.4680625796875 0.45629403281250003 0.417391434375 0.44977431250000005 0.37261743125 0.4790299953125 0.37377014062499997 0.4848502234375 0.42991807812499994 0.490964259375 0.46938245937499995 0.464627428125
0 0.40632173906249996 0.4556833625 0.40673442499999996 0.4510004625 0.36145753125 0.44501163750000006 0.31624217187500003 0.468565303125 0.3177516078125 0.47663779999999994 0.3631711890625 0.48352753281250005 0.40632173906249996 0.4556833625
0 0.41395564062499995 0.5038819203125 0.40933989375 0.49514703125 0.35685364375 0.4859133953125 0.3019822 0.52138589375 0.3043568703125 0.529090471875 0.3595948015625 0.5411205609375 0.41395564062499995 0.5038819203125
0 0.3483215984375 0.49326753749999996 0.346798875 0.4821957453125 0.3003601765625 0.4761600546875 0.2444787125 0.5067132359375 0.24646308125 0.516326646875 0.293697765625 0.5259302953125 0.3483215984375 0.49326753749999996
0 0.338778103125 0.542339709375 0.2835401703125 0.5303096218750001 0.20587604218750002 0.5749331703125 0.20876131875 0.5844038921875 0.267085271875 0.60425676875 0.3414850171875 0.550684296875 0.338778103125 0.542339709375
0 0.27153389687499996 0.5361361359375 0.27160105 0.5278139328125 0.2234521703125 0.5153536796875 0.14727999687499999 0.5562777734375 0.1493937671875 0.5637927984375 0.194902171875 0.5829049359375 0.27153389687499996 0.5361361359375
0 0.6879711921875 0.4776089734375 0.6853931984375 0.4706434578125 0.6717302515625 0.46631848906249995 0.6535278578125 0.5022362140625 0.6354291453124999 0.5015633312500001 0.6358303546874999 0.5171323015625 0.6629712765625 0.5190276171875 0.6879711921875 0.4776089734375
0 0.655603640625 0.5358270515625 0.6539460453125 0.5216368859375 0.63728600625 0.5207361390624999 0.6157389125 0.5616079093749999 0.5630154843749999 0.55462091875 0.567570084375 0.57779074375 0.6180541796875 0.589261753125 0.655603640625 0.5358270515625
0 0.44208447968750003 0.6551815703125 0.555100003125 0.6927328562499999 0.6097634640625 0.60768215625 0.607365084375 0.596263896875 0.5675441640625001 0.5869383953125 0.570760178125 0.5979322 0.5284729140625 0.6568365484375 0.452585928125 0.635821115625 0.4528397125 0.6281121390625 0.44027586875 0.64190018125 0.44208447968750003 0.6551815703125
0 0.33365842031250004 0.6186731015625 0.4206044359375 0.6461956437499999 0.4514841515625 0.6121044171875 0.44449095156249996 0.58843596875 0.41741166406249997 0.6204505 0.356717446875 0.6041076453125 0.3541197984375 0.58770674375 0.3311090234375 0.608163621875 0.33365842031250004 0.6186731015625