0 0.1888263 0.53421724375 0.1863183671875 0.5469820000000001 0.2258893390625 0.52401195 0.3067521234375 0.5538088265625001 0.3105774390625 0.5471876921875001 0.22359398125 0.5131455625 0.1888263 0.53421724375
0 0.307477990625 0.562952340625 0.30501032031249997 0.575256896875 0.332949925 0.5633259640625 0.3911651703125 0.5869679546875 0.394190878125 0.5788857015625 0.324470684375 0.5542371593750001 0.307477990625 0.562952340625
0 0.35478891875 0.65237971875 0.37914192343750003 0.661740578125 0.4101817578125 0.655887028125 0.411779528125 0.649867715625 0.3867787640625 0.6417891171875 0.3847192390625 0.646964671875 0.35478891875 0.65237971875
0 0.386539728125 0.6294605843750001 0.38423445 0.64050595 0.41871931250000005 0.6534311046875 0.4567052234375 0.6447040265624999 0.4574359828125 0.639412221875 0.41308501406250003 0.622946025 0.386539728125 0.6294605843750001
0 0.3939447859375 0.5893836609374999 0.388892471875 0.6165236984375 0.4113154578125 0.6265190656249999 0.4546296765625 0.6150447109375 0.45645995 0.60636786875 0.4024521296875 0.5839688578125 0.3939447859375 0.5893836609374999
0 0.4280282578125 0.620247165625 0.42715799531250004 0.6271334890625 0.4682036765625 0.64464944375 0.5118633984375001 0.6353476125 0.5160721953125 0.6300923078125 0.46806044062499996 0.60955681875 0.4280282578125 0.620247165625
0 0.6037828390625 0.563284234375 0.5664882390625 0.56968830625 0.5595329125 0.5652130234375 0.5352038796875 0.5692713406250001 0.5349161625 0.576979709375 0.58093640625 0.6034332250000001 0.6506377078125001 0.58903741875 0.65207664375 0.5814297671875 0.6139134984375 0.5579837203125 0.6037828390625 0.563284234375
0 0.7095197703125 0.523813715625 0.637180303125 0.5418454828125 0.6391758875 0.5543937375 0.6304314578125 0.55710879375 0.6721634171875001 0.5839604859375 0.760068353125 0.56922390625 0.75929113125 0.5560088890625 0.731373803125 0.53036581875 0.7198089015625 0.5343808218749999 0.7095197703125 0.523813715625
0 0.5947447328125001 0.6063125921875 0.5956082328125001 0.614121678125 0.63097004375 0.634229225 0.69586503125 0.6217329828125 0.69720325 0.6152765515625 0.660191321875 0.5919312234375 0.5947447328125001 0.6063125921875
0 0.6833155171875 0.581842753125 0.68154085 0.5932877999999999 0.7133482859375 0.614244409375 0.7983656046875 0.6015752562500001 0.7984038734375 0.5922983562499999 0.769153021875 0.56421855625 0.6833155171875 0.581842753125
0 0.824444246875 0.4961902109375 0.8290924375 0.5093572171875 0.753117009375 0.5247508187500001 0.7876683734375 0.5629612796875 0.908845421875 0.5380601359375 0.90388920625 0.5227447359374999 0.8749729984375 0.48437047031249997 0.824444246875 0.4961902109375
0 0.8003402703125 0.5609765109375 0.8025708671875 0.5708385875 0.8284352046875 0.5978487515625 0.930672803125 0.582819409375 0.933896146875 0.57691458125 0.914061184375 0.53844493125 0.8003402703125 0.5609765109375
0 0.36315392343749997 0.4159745984375 0.29880904375 0.459122690625 0.297599025 0.47295326875 0.3196815046875 0.483997521875 0.3178594828125 0.47418981093749996 0.372203984375 0.4473193421875 0.4026779859375 0.46660199531249996 0.40926050781249995 0.44037704531250005 0.36315392343749997 0.4159745984375
0 0.5805926203125 0.4281694265625 0.584415825 0.4151034921875 0.49057981406250006 0.3297074703125 0.38720375156250003 0.3962416203125 0.384025584375 0.41418814218750005 0.4068927203125 0.42851714531249996 0.4057422625 0.4171601390625 0.48229535781250005 0.38151233125 0.54245219375 0.42912070937499996 0.5396198140624999 0.44924155 0.5805926203125 0.4281694265625
0 0.584099865625 0.265662625 0.5125105296875 0.31704125156249996 0.518898940625 0.3305141796875 0.567309603125 0.3725264078125 0.5696522703125 0.332665015625 0.685776984375 0.2745582203125 0.584099865625 0.265662625
0 0.7611772984375 0.34827653125 0.769285740625 0.334104140625 0.7334913875 0.27873268906250004 0.685776984375 0.2745582203125 0.7421838765625 0.3494767046875 0.7436394796875 0.35246593437499996 0.7611772984375 0.34827653125