0 0.3416958296875 0.43630123125000003 0.342124265625 0.44439448125 0.407093878125 0.42994612187500003 0.4063178109375 0.42190172812500004 0.3416958296875 0.43630123125000003
0 0.48522465312499996 0.41329358281250006 0.479277325 0.40881195000000004 0.42806642500000003 0.42026315312499996 0.41683508593749996 0.4034076984375 0.4118160296875 0.405531075 0.42174328125000005 0.42824178125 0.48522465312499996 0.41329358281250006
0 0.555408746875 0.3981123765625 0.5545838234375 0.38972035 0.5342651921875 0.3737875328125 0.4825112359375 0.3838970640625 0.4825375453125 0.3941738203125 0.4943664359375 0.41023629687499996 0.555408746875 0.3981123765625
0 0.528958634375 0.3713428359375 0.512556034375 0.35805014062499996 0.4804705359375 0.3643319546875 0.4826145859375 0.3821100484375 0.5274591203125001 0.375807559375 0.528958634375 0.3713428359375
0 0.508249153125 0.352628959375 0.49446976718749996 0.3428670796875 0.46824515624999996 0.3479707015625 0.47888458125 0.363136853125 0.5078357546875 0.3597770265625 0.508249153125 0.352628959375
0 0.56470648125 0.348239384375 0.5654130187499999 0.343177109375 0.5494012703125 0.332665471875 0.5057950546875001 0.34021191875 0.506174634375 0.3479575375 0.517819371875 0.357664925 0.56470648125 0.348239384375
0 0.5399986890624999 0.374792565625 0.5895899640625 0.364037575 0.5895759171875 0.35855073125 0.5684241234375 0.34676039375 0.523365590625 0.3574461578125 0.5236204203125 0.361952815625 0.5399986890624999 0.374792565625
0 0.6248265625 0.38312263281250003 0.623678828125 0.374956075 0.5978668796875 0.36098163437499997 0.547054634375 0.37247603125 0.547544228125 0.37865311875 0.5681562671875 0.3946832453125 0.6248265625 0.38312263281250003
0 0.6156973359375 0.47269753281250004 0.694928096875 0.45452350625 0.6929772640625 0.44541251875 0.6500909421875 0.4169158234375 0.582975590625 0.433051953125 0.5810283140625 0.44304596875 0.6156973359375 0.47269753281250004
0 0.7077577453125 0.4480278375 0.7829002875 0.43176910937499996 0.784097790625 0.4212101 0.729886696875 0.397992021875 0.6661506562499999 0.41432359218750003 0.6658059749999999 0.42141090312499996 0.7077577453125 0.4480278375
0 0.681050209375 0.5298792640625 0.770290971875 0.506611396875 0.7740718156249999 0.49535413906250003 0.709431409375 0.455166671875 0.62831555625 0.47662228906250004 0.6284843484375 0.4849781734375 0.681050209375 0.5298792640625
0 0.7881433906249999 0.50008019375 0.8725976859375001 0.47614428281250004 0.873466496875 0.46563146875 0.798112509375 0.4303015390625 0.7256865609375 0.4491951328125 0.7258038265625 0.4595693640625 0.7881433906249999 0.50008019375
0 0.7774209546875 0.6121979296875 0.8907699421874999 0.5768270828125 0.8954906656249999 0.5651025484375001 0.7946088515625 0.50554003125 0.7000521625 0.5339123984375 0.6985259687500001 0.5445176015625 0.7774209546875 0.6121979296875
0 1 0.5192908640625 0.90705349375 0.47565922968749996 0.821330621875 0.5001086109374999 0.8144991609375 0.5111242375 0.9149030421875001 0.57444095 1 0.547355328125 1 0.5192908640625
0 0.3616278171875 0.7304407281249999 0.5071628390625 0.6880673078124999 0.48737429218750006 0.6304471640625 0.4908419421875 0.6655186125 0.39049985 0.6932597656249999 0.371361965625 0.6194736515625 0.35068780624999996 0.621405 0.3616278171875 0.7304407281249999
0 0.4960653265625 0.5883087453125 0.5383535265625 0.681248209375 0.671812484375 0.6395977562499999 0.6353725515625 0.5848049171875 0.6382282640625 0.61898815625 0.5449169875 0.6447669781250001 0.513896690625 0.57654768125 0.490826425 0.5822255296875001 0.4960653265625 0.5883087453125