0 0.34117631249999997 0.46616529062499995 0.339729428125 0.4617108140625 0.279159078125 0.47828649375000004 0.2575426875 0.460796265625 0.25576780781249997 0.46870411562500003 0.2748750203125 0.48570908749999997 0.34117631249999997 0.46616529062499995
0 0.4127538890625 0.446512265625 0.4109398546875 0.4378612390625 0.359234703125 0.45507087031250004 0.33804665312500004 0.4424766203125 0.3369406046875 0.44997356406250005 0.3556194734375 0.4620825625 0.4127538890625 0.446512265625
0 0.4173570640625 0.43870936250000003 0.422528403125 0.441428434375 0.47238004531250005 0.427200078125 0.47039987187500004 0.420677921875 0.43957284999999996 0.41068891875 0.4096067921875 0.41859645 0.4130818828125 0.43414994218749997 0.41886085937499995 0.4357586828125 0.4173570640625 0.43870936250000003
0 0.48332608125 0.42342330781250004 0.5263058546875 0.41120572031249997 0.5250557031249999 0.4049720859375 0.4943816609375 0.3967316453125 0.45197892812499996 0.4074891921875 0.45284877031250004 0.413403709375 0.48332608125 0.42342330781250004
0 0.442642746875 0.41103409218750003 0.48374594687499994 0.3997629203125 0.48407462968750004 0.3950300671875 0.4581745234375 0.38764025156250004 0.41870526406249997 0.3977781359375 0.4188679890625 0.402467996875 0.442642746875 0.41103409218750003
0 0.40955899218749997 0.39511215312500003 0.4115491234375 0.4008800578125 0.4192396625 0.39822655 0.45240661875 0.3896303828125 0.4513685609375 0.3862550234375 0.42895129687500005 0.37905566875 0.3938187125 0.38782380625 0.40955899218749997 0.39511215312500003
0 0.3701986609375 0.550819965625 0.3674654046875 0.53372820625 0.3504503859375 0.5401685109375001 0.3284540265625 0.520800709375 0.32727473906250004 0.5129811906249999 0.313453865625 0.51914204375 0.31510306250000003 0.5266728640625 0.3498297796875 0.5585440312500001 0.3701986609375 0.550819965625
0 0.37279993125 0.5607433328125 0.3716758875 0.556385159375 0.356583503125 0.5621620875 0.357154659375 0.5715203140625 0.4049864125 0.61734756875 0.45441601875000004 0.5937114765625 0.44869756718750003 0.5679678609375001 0.404341746875 0.590169715625 0.37279993125 0.5607433328125
0 0.5092347265625 0.6599721015625 0.4550054390625 0.6174279828125 0.45492268437499994 0.6023325921875 0.41876665468749996 0.6192119968750001 0.421005496875 0.6306525749999999 0.4940092671875 0.7010166484375 0.5931487984375 0.6343093468750001 0.59409485625 0.62531355 0.5785572890624999 0.6175123 0.5092347265625 0.6599721015625
0 0.57620818125 0.57934228125 0.5773412453125 0.6007829703125 0.6149581515625 0.6232406640625 0.6908164703125 0.576247709375 0.6901163375 0.5654152625 0.663967521875 0.552352771875 0.663408396875 0.5657712328125 0.61258431875 0.5989375203125 0.57620818125 0.57934228125
0 0.752442253125 0.5448598203125 0.8013007062499999 0.5118655046875 0.8009107640625001 0.5017486703125 0.7174610359375 0.47612088906250005 0.6654269296875001 0.5039461890625 0.665580409375 0.511360284375 0.752442253125 0.5448598203125
0 0.8152812968750001 0.5047003421875 0.8553404234374999 0.47866546874999993 0.8572478 0.4693379828125 0.7727107828124999 0.44826183906250006 0.7307812593749999 0.4727272625 0.729663228125 0.4797574328125 0.8152812968750001 0.5047003421875
0 0.7094695484375 0.4753345484375 0.75011831875 0.4532094328125 0.7512363468750001 0.4461792625 0.6870434859375 0.4312459296875 0.644736271875 0.4485644578125 0.645562375 0.45517695312499995 0.7094695484375 0.4753345484375
0 0.5843359968749999 0.47415069374999996 0.584243775 0.48158628593749997 0.6476717921875 0.5047568109375 0.6953599781250001 0.4810254890625 0.6973318421875 0.472435115625 0.6339590687500001 0.45272593437499997 0.5843359968749999 0.47415069374999996
0 0.569102384375 0.4754834625 0.6186302265625 0.455800121875 0.6183170265625 0.4493903375 0.5700948875 0.43305974531249997 0.519774690625 0.44934622968750004 0.5222039921875 0.4573039703125 0.569102384375 0.4754834625
0 0.6294811640625 0.449651521875 0.6718098718750001 0.4325786984375 0.671539665625 0.42666031875000004 0.620734521875 0.4147646421875 0.580113484375 0.4287170546875 0.579840046875 0.436911253125 0.6294811640625 0.449651521875