0 0.343698621875 0.6176866578125 0.41091859062499997 0.6621102890625 0.47229334375 0.624700915625 0.4699552578125 0.6007355359375001 0.47989212343750004 0.5925522359375 0.4658636078125 0.584368934375 0.46703265156249996 0.6013200578125 0.409749546875 0.629961609375 0.3594807015625 0.6007355359375001 0.35831165781249996 0.5925522359375 0.342529578125 0.6059962296875 0.343698621875 0.6176866578125
0 0.4309207296875 0.678091003125 0.5215173531249999 0.7400534609375 0.5398244437499999 0.7405228734375 0.6092975015625 0.6733968781249999 0.611175153125 0.6616615640625 0.5947457125 0.6503956625 0.5961539499999999 0.658375675 0.54170209375 0.7048475187500001 0.47035138437499996 0.6579062625 0.470820796875 0.6395991734375001 0.4318595546875 0.6626003890625001 0.4309207296875 0.678091003125
0 0.6276045921875 0.6593145 0.6829952734375 0.61049559375 0.6844035109375 0.5982908671875 0.6628105343749999 0.5879637921875001 0.661402296875 0.60157675625 0.621971640625 0.632088571875 0.597092775 0.6217614953124999 0.5956845375 0.6428850609375 0.6276045921875 0.6593145
0 0.491186190625 0.4971069484375 0.496607671875 0.4924986890625 0.538082003125 0.5049680953125 0.5451299281249999 0.5095763546875001 0.5798274078125 0.4930408375 0.5798274078125 0.4851796890625 0.5285944109375 0.4713549125 0.48603578281250004 0.4868061328125 0.48603578281250004 0.4960226515625 0.491186190625 0.4971069484375
0 0.5887728515624999 0.4895168734375 0.6221149593749999 0.47487887500000003 0.6226571078124999 0.4672888015625 0.5733216296875 0.4548193953125 0.5402505953125 0.46755987499999996 0.5375398546875 0.47352350468750004 0.5887728515624999 0.4895168734375
0 0.5920257390625 0.5331597968749999 0.5974472203125 0.5263829453125 0.6297050328125 0.536954834375 0.6606074765625001 0.5185217984375 0.6595231796875 0.510118503125 0.5974472203125 0.4930408375 0.5565150375 0.5114738734375 0.5554307421875 0.51987716875 0.5920257390625 0.5331597968749999
0 0.604495146875 0.49412513281250003 0.67009506875 0.5122870953125 0.6999132140625 0.49466728125000003 0.6999132140625 0.48572183750000003 0.636481884375 0.47162598593749994 0.60530836875 0.488161503125 0.604495146875 0.49412513281250003
0 0.6671132531249999 0.5578275359375 0.7264784718749999 0.576531646875 0.7609048765625 0.5472556484375 0.7611759515625 0.538581278125 0.6809380296875001 0.5155399828125 0.6421744406250001 0.5399366484375 0.66819755 0.5491531671875001 0.6671132531249999 0.5578275359375
0 0.7693081734375 0.5410209453125 0.7961445046875 0.51797965 0.794789134375 0.5093052796875 0.7188883984375 0.49060117031250006 0.6909677703125 0.5095763546875001 0.690696696875 0.5193350203125 0.7693081734375 0.5410209453125
0 0.365874040625 0.428273340625 0.3663082265625 0.4316021 0.39424085625 0.425812953125 0.393372484375 0.42118163593749997 0.36833442656250004 0.414668846875 0.3408359828125 0.4203132640625 0.365874040625 0.428273340625
0 0.3677555125 0.44028581874999995 0.3920699265625 0.44723279375 0.43085720624999996 0.43695705937499996 0.4314361203125 0.4323257421875 0.4016220171875 0.42393148125 0.366163496875 0.4323257421875 0.3677555125 0.44028581874999995
0 0.369347528125 0.47502069531249996 0.377018146875 0.4792178265625 0.425791703125 0.4628634890625 0.4262258890625 0.4562059703125 0.38975426875 0.4465091515625 0.3677555125 0.45302194062499995 0.3689133421875 0.4698104640625 0.369347528125 0.47502069531249996
0 0.3681896984375 0.4515746546875 0.38208365 0.44969318124999996 0.3817941921875 0.444627678125 0.3673213265625 0.44057527656250006 0.3681896984375 0.4515746546875
0 0.4350543375 0.46141620312500004 0.47731510468750005 0.4508510109375 0.4781834765625 0.44231202031250005 0.4408434828125 0.43333884375 0.40263511875 0.44520659374999993 0.402924575 0.4515746546875 0.4350543375 0.46141620312500004