0 0.2997266046875 0.5102303078125 0.3017970765625 0.520067715625 0.3162649328125 0.500447834375 0.3794634546875 0.509598 0.3816418734375 0.503863696875 0.313501453125 0.4944200421875 0.2997266046875 0.5102303078125
0 0.3788830984375 0.5198614296875 0.3794416515625 0.5301049796874999 0.3954678125 0.512736409375 0.45031433749999994 0.522032359375 0.4528458859375 0.5147728859375 0.3946025140625 0.5066754828125 0.3788830984375 0.5198614296875
0 0.47756625625 0.54498670625 0.45477093281250003 0.5408400109375 0.45509380625 0.5593373421875001 0.47731537968750004 0.5492110609374999 0.47756625625 0.54498670625
0 0.47714216093750006 0.576481615625 0.49809966250000004 0.5683250765625 0.49742381093750004 0.5639354390625 0.45871492500000005 0.5586125078124999 0.43943616093750004 0.5735690265625 0.47714216093750006 0.576481615625
0 0.464462146875 0.554950521875 0.4643467109375 0.559076571875 0.5030817671875 0.5658986968749999 0.528029690625 0.5560904203125 0.528335796875 0.552148496875 0.48695752812500004 0.5442477718750001 0.464462146875 0.554950521875
0 0.4540809109375 0.5401352312500001 0.485655546875 0.5448328671875 0.511491403125 0.5321972500000001 0.5123204515625 0.5259967234375 0.46211152968749997 0.5169379468749999 0.4538290390625 0.5257055015625001 0.4540809109375 0.5401352312500001
0 0.4968177171875 0.5399516265625001 0.496527965625 0.5448305453125 0.5369790531249999 0.5533098203125 0.5670989171875 0.5390997750000001 0.5669975140625 0.5332904046875 0.5239522812499999 0.5265435140625 0.4968177171875 0.5399516265625001
0 0.5577453890624999 0.4878855265625 0.558208575 0.4961634828125 0.6100325843750001 0.507369259375 0.65680675625 0.484881628125 0.65670665625 0.4791468859375 0.60164106875 0.4648107515625 0.5577453890624999 0.4878855265625
0 0.6217539328125 0.5033403359374999 0.6221726296875 0.5090695171874999 0.6637848578125001 0.5194974593749999 0.715426959375 0.5020239609375 0.7130744375 0.4950537578125 0.66567741875 0.48185854531250005 0.6217539328125 0.5033403359374999
0 0.6202936921875 0.456199128125 0.6194769296875 0.46418073125000003 0.6729439734375 0.478226075 0.7384430656250001 0.451268578125 0.7373260015625 0.44204595312499995 0.6793040625 0.422662321875 0.6202936921875 0.456199128125
0 0.6834131796875 0.47549378124999997 0.68417271875 0.48249179062499997 0.73029535 0.49570924843749997 0.7958222484374999 0.4703447359375 0.7934530421875 0.4624187421875 0.745061303125 0.44701003593750005 0.6834131796875 0.47549378124999997
0 0.7014334453125 0.412396540625 0.702902471875 0.42352518437500003 0.7587053546875 0.4435849390625 0.847234009375 0.40315900937500004 0.8454797515625 0.3939475078125 0.788928453125 0.3675269390625 0.7014334453125 0.412396540625
0 0.7738979031250001 0.4375832609375 0.7740313703125 0.4452295859375 0.8221768062500001 0.46478561406249996 0.907317678125 0.43111139062500003 0.904926228125 0.42191101093750005 0.859586990625 0.3988003671875 0.7738979031250001 0.4375832609375
0 0.3445520109375 0.44905989999999996 0.3458538109375 0.45646345468750005 0.359604653125 0.46052285625 0.38176273125 0.4312126890625 0.396254128125 0.4329140234375 0.3963447703125 0.4157147484375 0.37203036875 0.41105801875000003 0.3445520109375 0.44905989999999996
0 0.38197811875 0.3987678234375 0.38288917968749997 0.4061781984375 0.396667303125 0.41180055 0.4261198125 0.3749367796875 0.4728358453125 0.3866287625 0.47356473593750004 0.361210353125 0.420090215625 0.342991775 0.38197811875 0.3987678234375
0 0.6121714359375 0.307979590625 0.60881364375 0.2947490734375 0.534734309375 0.260474171875 0.4850833453125 0.2597774046875 0.43277994687500004 0.3310445734375 0.43491778593749997 0.34156038906249997 0.4695482328125 0.3550267546875 0.47002279218750004 0.33742991875 0.5179374328125 0.283437053125 0.595883221875 0.315299325 0.597548478125 0.32113310781250004 0.6121714359375 0.307979590625
0 0.633250809375 0.3064390796875 0.5965876953125 0.3332664359375 0.6001364578125 0.35743761093750004 0.6368609562499999 0.33412689218749997 0.691589534375 0.35701385937499996 0.6938023953125 0.371827790625 0.7200861015625 0.3549530234375 0.7195112140625 0.34440992812500004 0.633250809375 0.3064390796875