0 0.3122546109375 0.5305667359374999 0.3765006578125 0.509853103125 0.374604425 0.504884409375 0.31212355 0.5244865140625 0.2941819875 0.5101345046875 0.2961424921875 0.5155089953124999 0.3122546109375 0.5305667359374999
0 0.39029647343749996 0.5050335484375 0.44459715156249996 0.4863110828125 0.4427437671875 0.48161291874999995 0.392813171875 0.4972860328125 0.37117785312499996 0.4858762546875 0.3725342828125 0.493564959375 0.39029647343749996 0.5050335484375
0 0.45346586093749996 0.481023975 0.5028474140625 0.4636352578125 0.5000967390625 0.4585245765625 0.47082354375 0.4505430578125 0.44289710937500004 0.45981922343750004 0.44435519531249995 0.4716515890625 0.45346586093749996 0.481023975
0 0.45908991875 0.420232671875 0.423524346875 0.4303027828125 0.4407148125 0.4372861875 0.4430235640625 0.44135759218750004 0.4457074484375 0.4407938484375 0.44966501406250003 0.43864178593750003 0.48097980625 0.42799700625000003 0.4802379484375 0.42506401406250005 0.45908991875 0.420232671875
0 0.475351575 0.4502418640625 0.5132502671875 0.43564246406249996 0.5132128812500001 0.4319046015625 0.48754354062500005 0.42654143749999995 0.44952974843750004 0.43866321093750005 0.44980951874999997 0.44305597656250006 0.475351575 0.4502418640625
0 0.5151137218749999 0.46141514843750003 0.5563297781250001 0.4458743546875 0.5527246625 0.44062168437500004 0.52188583125 0.4341360671875 0.48352379218749997 0.447560925 0.4845227375 0.45211710156249996 0.5151137218749999 0.46141514843750003
0 0.6031924859375 0.5062561140625 0.6521161546875 0.4842255234375 0.65168641875 0.47888590000000003 0.60201923125 0.46470568125 0.5520978765625 0.48481440937500003 0.5537811296874999 0.491064765625 0.6031924859375 0.5062561140625
0 0.662234390625 0.478948496875 0.7054527546875 0.45941611406250005 0.704417684375 0.453756390625 0.6523531046875 0.4436996671875 0.6118642046875 0.461205171875 0.61279215625 0.46618856875 0.662234390625 0.478948496875
0 0.7471867343749999 0.499672728125 0.7890753421875 0.47612186718749994 0.7890219953125001 0.4687814078125 0.7219190125 0.45569884531250004 0.6787193406250001 0.4771001609375 0.6800114984375 0.48438307031249994 0.7471867343749999 0.499672728125
0 0.686044640625 0.5347312171875 0.7355992703124999 0.5070543468750001 0.7353825140625 0.5004330625 0.66772125 0.481199284375 0.6177809875 0.5064413765625 0.619287384375 0.515076940625 0.686044640625 0.5347312171875
0 0.79874591875 0.5695713765625 0.8506605593750001 0.5340331515625001 0.850698371875 0.523766421875 0.75813105 0.5022377359375 0.7047755421875 0.5321805109375 0.7059122703125 0.5419838921875 0.79874591875 0.5695713765625
0 0.864747071875 0.5266716953125 0.905109115625 0.496984321875 0.903645565625 0.48861928906249996 0.8150248812499999 0.47187320625 0.7695630796875 0.4973765890625 0.7706342765625 0.5041398625 0.864747071875 0.5266716953125
0 0.70639449375 0.5826731609375 0.7070208234375001 0.59713311875 0.6545999874999999 0.6312262734375 0.6169768890625 0.61167199375 0.6183837203125 0.635437121875 0.6613771046875 0.6591325421875001 0.7351341796875001 0.606546265625 0.7344662625 0.5944500921875 0.70639449375 0.5826731609375
0 0.5244505937499999 0.7304753515625 0.5322287703125 0.737562928125 0.5486320140625 0.7360741796875 0.6390443875 0.673085078125 0.6381059390625 0.6610317515624999 0.619895103125 0.64935690625 0.6223122328125 0.6567389546875 0.55283030625 0.7012992062500001 0.49581553906250003 0.6573618515625 0.4948892734375 0.641008178125 0.46014705312500004 0.6606539890625001 0.46116321562499996 0.6714470765625 0.5244505937499999 0.7304753515625
0 0.407057146875 0.5959735109375 0.39389606875 0.6030497312499999 0.396329159375 0.6140343781250001 0.44310534218750003 0.6572361671875 0.4917425203125 0.631645828125 0.49011555937500006 0.6239999703125 0.486996903125 0.60868683125 0.44403835625 0.6281087328125 0.407057146875 0.5959735109375
0 0.3639797515625 0.5603667515625 0.36352186875000003 0.5557248765625 0.35162775 0.5620457984375 0.35334712968750004 0.5693997015625001 0.3860561375 0.6008249875 0.40712562343750003 0.590277659375 0.4039145484375 0.5752564734375001 0.38793432031249997 0.5829178640625 0.3639797515625 0.5603667515625