0 0.315476228125 0.5092892953125 0.37973990468749996 0.498903246875 0.38006446875 0.49403478749999996 0.3177481765625 0.5031225796875 0.3011954109375 0.48527155781250003 0.299572590625 0.49273653125 0.315476228125 0.5092892953125
0 0.3959681046875 0.4969558625 0.450819425 0.48689437812499997 0.4504948609375 0.4810522265625 0.3985646171875 0.4891663265625 0.37746795624999996 0.4732626890625 0.3784416484375 0.4829996109375 0.3959681046875 0.4969558625
0 0.45350554374999996 0.46022049843749996 0.47787377031249995 0.4568858984375 0.47787377031249995 0.4512427296875 0.454275065625 0.4414954390625 0.45350554374999996 0.46022049843749996
0 0.4578661734375 0.44200845468749994 0.4965988296875 0.43508274687500004 0.4965988296875 0.4320046546875 0.47556520156250004 0.4240529171875 0.4406801609375 0.42764402500000004 0.4578661734375 0.44200845468749994
0 0.5240476671875001 0.4726676484375 0.566593740625 0.464608259375 0.566218884375 0.4586105765625 0.5371676015625 0.4475523453125 0.4955586671875 0.455236878125 0.49593352187499995 0.460297425 0.5240476671875001 0.4726676484375
0 0.453762303125 0.4606722796875 0.45432458750000004 0.4713556546875 0.45394973125 0.47735333906250005 0.46163426406249997 0.48278874062500005 0.5118648703125 0.47341735937499996 0.511115159375 0.46704481875 0.48281358750000003 0.45579916093749995 0.453762303125 0.4606722796875
0 0.48630615937500005 0.4568366765625 0.5271879421875 0.44908784218750003 0.5266535390625 0.444278221875 0.5018038296875 0.434391778125 0.46439566250000003 0.44187341093750004 0.46439566250000003 0.44481262343749994 0.48630615937500005 0.4568366765625
0 0.6057450906249999 0.532989015625 0.6559789140625 0.5180257484374999 0.6554445109375 0.5108113171875 0.6102875109375 0.4905040265625 0.55845048125 0.50279528125 0.5589848828124999 0.507872103125 0.6057450906249999 0.532989015625
0 0.667468565625 0.5150865359375 0.7123583640625 0.50279528125 0.71342716875 0.49531364843750003 0.6629261453125 0.4758079609375 0.62044115625 0.4870304109375 0.6193723515625 0.49451204375 0.667468565625 0.5150865359375
0 0.6837678375 0.5741379984375 0.7385440812499999 0.55356350625 0.7374752765625 0.544211465625 0.6786910140625 0.517491346875 0.62044115625 0.534592221875 0.62044115625 0.5439442640625 0.6837678375 0.5741379984375
0 0.68243183125 0.5223009671875001 0.7503009328125 0.5474178796875 0.7951907328125001 0.530317003125 0.7954579328125 0.5236369734374999 0.7313296484375 0.500657671875 0.68537104375 0.5156209375 0.68243183125 0.5223009671875001
0 0.7884642609375 0.625269515625 0.8486457140624999 0.59866756875 0.849517909375 0.5877651312500001 0.7596818265625 0.5498246499999999 0.701403115625 0.5746724000000001 0.7024719203124999 0.5818868328125 0.7884642609375 0.625269515625
0 0.862600834375 0.5956148859375 0.9088271671875001 0.5707573296875 0.9075188750000001 0.563343671875 0.8229159625 0.529764165625 0.776689628125 0.5485163578125001 0.7732008484375 0.5563661125 0.862600834375 0.5956148859375
0 0.3469158265625 0.5535625296875 0.37491637031249997 0.5884722984375 0.3996441234375 0.5862904390625 0.3967349765625 0.5684719109375 0.38328016875 0.570653771875 0.359279703125 0.5404713671875 0.3472794703125 0.54592601875 0.3469158265625 0.5535625296875
0 0.38291652656249997 0.6026543921874999 0.42437187656250003 0.6568372625000001 0.4749183125 0.6379278046875 0.47455466875 0.609199975 0.429826528125 0.6259275718749999 0.40000776718750003 0.5895632296875 0.38291652656249997 0.59501788125 0.38291652656249997 0.6026543921874999
0 0.43673575312499996 0.6702920703124999 0.48764583281249996 0.7382788437500001 0.5400104859375 0.73900613125 0.6156483171875 0.7040963625 0.6138301 0.686641478125 0.60037529375 0.67682310625 0.5981934328125 0.6833686875 0.5251011046875 0.71755116875 0.4767365296875 0.659004578125 0.4734637390625 0.64410974375 0.43819032656249995 0.6582918359375001 0.43673575312499996 0.6702920703124999
0 0.695286228125 0.639018734375 0.6378305671875 0.6637464875 0.6011025812499999 0.639746021875 0.5985570765625 0.6630192015625 0.6403760703125 0.692110675 0.723286771875 0.6502916812499999 0.7207412671875 0.640109665625 0.6956498703125 0.6204729203125 0.695286228125 0.639018734375