0 0.23646121406249998 0.5383726421875 0.2358610578125 0.5323710890625 0.2841735640625 0.530570621875 0.3105804015625 0.5461746625 0.321683275 0.54407411875 0.323483740625 0.5368722546875 0.286274109375 0.51676705 0.2196568625 0.5206680593749999 0.2187566296875 0.5302705453125001 0.23646121406249998 0.5383726421875
0 0.37929819062500003 0.5110655734375 0.306679390625 0.515866815625 0.3084798578125 0.52456906875 0.3288851390625 0.5344716328125 0.329785371875 0.526969690625 0.37689756874999997 0.5257693796875 0.3958024625 0.5407732640625 0.40540494843749997 0.53987303125 0.40570502656249996 0.5338714765625 0.37929819062500003 0.5110655734375
0 0.47802374687500004 0.505364096875 0.3991033171875 0.5083648734375 0.400303628125 0.5191676703125 0.41350704531250004 0.5308707 0.41290689062499997 0.5215682921875 0.46542048437499994 0.5176672828125 0.47802374687500004 0.5356719437499999 0.4918273203125 0.5356719437499999 0.4939278640625 0.5293703125 0.47802374687500004 0.505364096875
0 0.4852256125 0.5353718656249999 0.48462545625000003 0.539272875 0.47712351406250003 0.5389727984375 0.47832382500000004 0.5443741953125001 0.48552568906250004 0.5446742734375001 0.4936277875 0.556377303125 0.50563089375 0.556977459375 0.5071312828125001 0.5503757499999999 0.49542825312499994 0.5338714765625 0.4852256125 0.5353718656249999
0 0.36339407343749996 0.4978621546875 0.44681566874999995 0.491260446875 0.4498164453125 0.48285827187499997 0.42160914375 0.441747628125 0.3204829640625 0.45105003750000006 0.3174821875 0.4600523671875 0.36339407343749996 0.4978621546875
0 0.336687159375 0.497562078125 0.3369872375 0.49096036875 0.29107535156250003 0.45465096875000005 0.20135212500000002 0.46155275625 0.198651425 0.4708551640625 0.2586669625 0.5050640203125 0.336687159375 0.497562078125
0 0.234960825 0.3907344234375 0.3063793140625 0.45044988124999996 0.4117065796875 0.44054731875 0.414407278125 0.429144365625 0.364594384375 0.3604265765625 0.23706136875 0.376030615625 0.234960825 0.3907344234375
0 0.2763715453125 0.45044988124999996 0.2781720109375 0.43934700781249997 0.2043529015625 0.3823322484375 0.089873265625 0.3967359765625 0.086422371875 0.4069386171875 0.180046609375 0.46065252343749996 0.2763715453125 0.45044988124999996
0 0.0913736546875 0.4684545421875 0.0900233046875 0.4762565625 0.1620419484375 0.509565184375 0.23706136875 0.5050640203125 0.23976206718749998 0.49576161093750004 0.1777960265625 0.46215291093750005 0.0913736546875 0.4684545421875
0 0 0.44204770625 0.061816003125 0.4702550078125 0.1533396953125 0.4636533 0.156940628125 0.452250346875 0.057614915625 0.3985364421875 0.000300078125 0.40423791875 0 0.414440559375 0 0.44204770625
0 0.61605948125 0.5002627765625001 0.7078832515625 0.49546153437499996 0.7285886125000001 0.4594522125 0.7264880687499999 0.448649415625 0.618460103125 0.45885205625000003 0.61605948125 0.5002627765625001
0 0.7288886890625 0.48435865937499994 0.7315893890625 0.4942612234375 0.8294147125 0.48765951406249997 0.8747264421875001 0.4492495703125 0.8720257437500001 0.43964708437500005 0.7534950593749999 0.44744910468750004 0.7288886890625 0.48435865937499994
0 0.8585222484375 0.47655664062499997 0.8624232578125 0.4858590484375 0.969550990625 0.48015757187499997 0.999558759375 0.461252678125 0.9989586031250001 0.42824413281249996 0.9110358421875 0.43304537656250003 0.8585222484375 0.47655664062499997
0 0.8921309484375 0.4369463859375 0.9644496703125001 0.3715294515625 0.9620490484375 0.3568256453125 0.8051084203125001 0.37182952812500003 0.7630975453125 0.43544599687499996 0.7651980890625001 0.44564863906249996 0.8921309484375 0.4369463859375
0 0.7330897765625 0.4483493375 0.7636977 0.3877336453125 0.761897234375 0.37693085000000004 0.6208607234375 0.3877336453125 0.615759403125 0.44774918281250004 0.618160025 0.4558512796875 0.7330897765625 0.4483493375
0 0.7264880687499999 0.49096036875 0.7090835625 0.518567515625 0.7105839515625 0.5254693015624999 0.7186860484375 0.524869146875 0.7342900875 0.501763165625 0.8219127703125 0.49936254375000005 0.8207124609375 0.4894599796875 0.7333898546875 0.4942612234375 0.729788921875 0.49096036875 0.7264880687499999 0.49096036875
0 0.8606227921875 0.48015757187499997 0.850720228125 0.4813578828125 0.8258137812499999 0.501763165625 0.83001486875 0.512265884375 0.8516204609375 0.494861378125 0.9521464843749999 0.490660290625 0.954847184375 0.4855589703125 0.9533467953124999 0.48075772812500006 0.8621231796875 0.486159125 0.8606227921875 0.48015757187499997