0 0.6105437296875 0.47471851093749995 0.5829155203124999 0.47766165312500003 0.5837170640625 0.4923429828125 0.600908890625 0.4904982203125 0.6190549734374999 0.518580134375 0.6300129671875 0.5187370062500001 0.6344995984375 0.5068630062499999 0.6105437296875 0.47471851093749995
0 0.56759783125 0.400417190625 0.5167263296875 0.41331334999999997 0.5123500078125 0.44103911875 0.5568604578125 0.43196385781249996 0.5807018609375 0.47445992343750004 0.6016594328125 0.4710503265625 0.6044964203125 0.4566234265625 0.56759783125 0.400417190625
0 0.55191568125 0.3981018140625 0.552763784375 0.385973384375 0.497507084375 0.304717340625 0.38452200312499996 0.343130046875 0.383109884375 0.35460965 0.39785911875 0.3702663 0.40412261093749996 0.3591259375 0.4774613625 0.3386600390625 0.5189272390624999 0.407982771875 0.55191568125 0.3981018140625
0 0.39115882812499997 0.3789385703125 0.3608419078125 0.350614975 0.26923845 0.3795538703125 0.270773628125 0.3924583421875 0.29509839375 0.4106127375 0.30100989375 0.395791440625 0.357496059375 0.372318934375 0.3898146140625 0.40687636562499996 0.39115882812499997 0.3789385703125
0 0.32238348906250003 0.525866634375 0.3686793921875 0.55226065625 0.4181684296875 0.541705371875 0.41893172187500005 0.530789784375 0.3791792390625 0.5066814828124999 0.3189018296875 0.5146542109375 0.32238348906250003 0.525866634375
0 0.24427373593750001 0.48384146250000004 0.30344445625 0.5178390328125 0.36150820625 0.506664578125 0.361397896875 0.49081280781250003 0.3051320671875 0.45884652812500004 0.24382418437500003 0.47284106562500006 0.24427373593750001 0.48384146250000004
0 0.13927356562499998 0.41677923437500003 0.13708540625 0.4306421171875 0.2190584625 0.47842191874999995 0.2816639984375 0.4632993484375 0.28523462187500004 0.44709558749999995 0.20261273906250002 0.39987980312500004 0.13927356562499998 0.41677923437500003
0 0.070854090625 0.4540425640625 0.15177117499999998 0.49077956250000004 0.198792121875 0.480661078125 0.20543725937500001 0.4640629234375 0.12594504374999999 0.42437862812500005 0.07040453906250001 0.4430421671875 0.070854090625 0.4540425640625
0 0.1809769671875 0.500134471875 0.241487746875 0.5323975875 0.28903030625000004 0.523534353125 0.2922616890625 0.5121819640624999 0.23737832343749998 0.4778748078125 0.1810490265625 0.49038932187500006 0.1809769671875 0.500134471875
0 0.26202126875 0.5350522046874999 0.313295759375 0.559966203125 0.35209398593749996 0.5541478265625 0.3559741953125 0.5422314203124999 0.3112855296875 0.518996721875 0.26508303125 0.5261255031250001 0.26202126875 0.5350522046874999
0 0.5983401109375001 0.5660456828125 0.6622329375 0.562054234375 0.6753228671875 0.58293345 0.6767262421875 0.5725420859375 0.6631583125 0.5536596703125001 0.599679928125 0.5614021796875 0.5983401109375001 0.5660456828125
0 0.5246187203125 0.57510215625 0.5808375265625 0.5695589734375 0.600106221875 0.5891783968750001 0.5988628953124999 0.5779252171875 0.5831804375 0.5602484234375 0.5250660953125 0.56870439375 0.5246187203125 0.57510215625
0 0.463881221875 0.582359584375 0.48992441875 0.5970387953125 0.5232059578125 0.595305615625 0.5238510875 0.5764019609375 0.5163112625 0.568092196875 0.464109603125 0.5742546546875 0.463881221875 0.582359584375
0 0.40850068906250003 0.5855927875 0.4375273125 0.6011573609374999 0.47811552031250004 0.5965514062499999 0.48009816250000004 0.5875540328125 0.45552667343750003 0.5760230734375 0.407530528125 0.5801110140625 0.40850068906250003 0.5855927875
0 0.444864609375 0.602685546875 0.47064172031249996 0.6163310375 0.5088964046875 0.6112235359375 0.5108861250000001 0.60696385 0.4890084296875 0.5956212578125 0.447238146875 0.597775959375 0.444864609375 0.602685546875
0 0.521162065625 0.5955010640625 0.4985308953125 0.59493365 0.49442664531249997 0.6003989578125 0.5209478421875 0.6130813671875 0.521162065625 0.5955010640625
0 0.4947352078125 0.6298587984374999 0.5324648 0.6274215437499999 0.517001334375 0.6114519171875 0.47648376406250004 0.6150476984375 0.47644374999999994 0.620458834375 0.4947352078125 0.6298587984374999