0 0.3420818984375 0.6026221406250001 0.34374653125 0.718036634375 0.49522805312499996 0.687185453125 0.4794140484375 0.628645890625 0.48191099687500005 0.6622159703125 0.3800909984375 0.6783074140625 0.367883696875 0.60006970625 0.3420818984375 0.6026221406250001
0 0.49450671249999995 0.5823691171875 0.49367439687500003 0.5912471546875 0.5266896 0.685853746875 0.6593052921875 0.6570001234375 0.659027853125 0.647844646875 0.6304516687499999 0.6042867734375 0.6287870359375 0.636192221875 0.53823105 0.6561678078125001 0.511874375 0.592079471875 0.5110420578125 0.5793172921874999 0.49450671249999995 0.5823691171875
0 0.679799525 0.5544280796875001 0.770878115625 0.5384979828125 0.7722633421875 0.527762484375 0.712006021875 0.48447417968749995 0.6313166234375001 0.492785534375 0.6313166234375001 0.5024821140625 0.679799525 0.5544280796875001
0 0.7902712765625 0.53503491875 0.87199959375 0.5232605 0.8740774328124999 0.5118323890625 0.8062013718750001 0.47027561718750005 0.7289750374999999 0.47962589062500005 0.728282425 0.4889761640625 0.7902712765625 0.53503491875
0 0.9114785265625001 0.622996753125 0.998470703125 0.6042962046875 0.9995096218749999 0.587673496875 0.903236434375 0.527762484375 0.8148590328124999 0.540229515625 0.8107033546875 0.5544280796875001 0.9114785265625001 0.622996753125
0 0.695452575 0.5675877234375 0.768176925 0.6468918968749999 0.879341290625 0.6261135109375 0.8834969671874999 0.6139927859375 0.7951888265625 0.5440388859375 0.69649149375 0.55927636875 0.695452575 0.5675877234375
0 0.62238191875 0.4882835515625 0.6985693328125 0.47927958437499996 0.6989156390625 0.4713145359375 0.65943670625 0.43980065 0.5891365000000001 0.445341553125 0.5891365000000001 0.45434552031250003 0.62238191875 0.4882835515625
0 0.7148457359375 0.4765091328125 0.7872237796875 0.467505165625 0.7865311671875 0.45884750468749996 0.736663040625 0.42871884531250004 0.6739815765625 0.43391344062500004 0.6739815765625 0.445341553125 0.7148457359375 0.4765091328125
0 0.506795528125 0.40927226875 0.5669274765625001 0.4053788328125 0.5651970609375 0.39780826406249997 0.5459461859375 0.3798552 0.4968456375 0.3839649375 0.4968456375 0.39283331875 0.506795528125 0.40927226875
0 0.5805545015625 0.4042973234375 0.635495203125 0.4001875859375 0.6363604109375001 0.39369852656250004 0.6104041734375001 0.37574546249999996 0.5597895125 0.3796388984375 0.5606547203125001 0.38699316562499997 0.5805545015625 0.4042973234375
0 0.553300453125 0.380936709375 0.603266209375 0.3766106703125 0.6041314171875001 0.37228463125 0.5846642390625 0.3577923984375 0.5379430125 0.3612532296875 0.5377267109375 0.3660118734375 0.553300453125 0.380936709375
0 0.5346984828125 0.36319994843750003 0.5792566890625 0.3577923984375 0.5801218968749999 0.354115265625 0.5645481546875 0.3426512609375 0.5197736468749999 0.34546318593750003 0.5212877609375 0.3515196421875 0.5346984828125 0.36319994843750003