0 0.623192803125 0.4079223484375 0.60211561875 0.41165380156250003 0.60245939375 0.43134859687500005 0.6177890171875 0.4286784828125 0.640852290625 0.45614532968750005 0.6532662109375 0.4516040796875 0.6531488249999999 0.4448790265625 0.623192803125 0.4079223484375
0 0.52335806875 0.3592117125 0.5229088156249999 0.38853049375 0.569269046875 0.3742670703125 0.601096203125 0.4083080453125 0.615431565625 0.40373325624999995 0.6152554875 0.3936456765625 0.5735192640625 0.34247940625 0.52335806875 0.3592117125
0 0.47156185156249997 0.2822736484375 0.5225087796875 0.33808421875 0.5242181734375 0.3534306109375 0.5586113078125 0.3417786109375 0.5616803671875 0.3249072875 0.50575365625 0.2590874546875 0.45917551718749994 0.2608670265625 0.38346891875 0.30062906875 0.38364499687500003 0.310716646875 0.396899821875 0.326822528125 0.39958913749999997 0.3157239203125 0.47156185156249997 0.2822736484375
0 0.36053736718749996 0.3082369484375 0.274852190625 0.3544197609375 0.273578803125 0.36405213125 0.30076409375 0.37991485625 0.302931125 0.36642282812500004 0.3567255875 0.337614425 0.39607920937499996 0.3623943859375 0.3975898 0.338823165625 0.36053736718749996 0.3082369484375
0 0.34260445625 0.4921037265625 0.38958515781249997 0.5133870078125 0.44169295000000003 0.498062246875 0.4420223859375 0.4894073671875 0.3979573890625 0.4699952203125 0.3429422765625 0.48392920781250004 0.34260445625 0.4921037265625
0 0.26086169375 0.46133656875 0.3223370671875 0.4871719171875 0.37923169843750004 0.470802584375 0.378575259375 0.4607233921875 0.31942622656249997 0.43052287343750006 0.262068003125 0.4478613109375 0.26086169375 0.46133656875
0 0.148629809375 0.4181279046875 0.2362123640625 0.45311769531249996 0.296352134375 0.42996461874999997 0.2947349734375 0.41990219375000004 0.20848450000000002 0.378642559375 0.14890893593750001 0.40659085937499995 0.148629809375 0.4181279046875
0 0.0886074234375 0.4480060328125 0.1789463734375 0.47574010156249996 0.22613317031250002 0.45377413437499997 0.22454954843750002 0.445633153125 0.1355342953125 0.4111488796875 0.092223921875 0.43496921093749996 0.0886074234375 0.4480060328125
0 0.24922403124999998 0.455293109375 0.203428009375 0.4743517578125 0.2049948609375 0.48153201718750005 0.26881334687499997 0.5039629140625 0.3146429109375 0.48682571093749993 0.314550678125 0.481541740625 0.24922403124999998 0.455293109375
0 0.3281349359375 0.48899274375 0.286081184375 0.50221998125 0.28525461875 0.509922525 0.337460596875 0.527751046875 0.38144417812500003 0.51497063125 0.3808212765625 0.50681288125 0.3281349359375 0.48899274375
0 0.5474580953125 0.557611375 0.54251353125 0.5559421718750001 0.504395990625 0.5646828609375001 0.5041062625 0.5681989375 0.5256394906249999 0.5748451109375 0.5613674578125 0.5700082546874999 0.547199 0.562882425 0.5474580953125 0.557611375
0 0.4998049578125 0.5650812968750001 0.5365708640625 0.55734320625 0.5377197875 0.55347085 0.5152468953125 0.5437254859375 0.4748254765625 0.5511218812500001 0.474305853125 0.5561997671875 0.4998049578125 0.5650812968750001
0 0.5474004421875 0.5389064390625 0.5245742109375 0.5437654296875001 0.5250432765624999 0.5474067890625001 0.5477330125 0.5579593796875 0.5474004421875 0.5389064390625
0 0.5168825734375 0.544507946875 0.5475960578125 0.5384975187500001 0.5466943328125 0.52168479375 0.536649265625 0.5153720468749999 0.48736605781250003 0.526167165625 0.48950264375 0.532415203125 0.5168825734375 0.544507946875
0 0.434348478125 0.54371830625 0.4649290046875 0.55332215 0.5049131984375 0.5441086140625 0.5048282859375 0.539244034375 0.47847596406250004 0.5279443640625 0.4338228046875 0.5368338921875 0.434348478125 0.54371830625
0 0.6197853828125 0.504188775 0.6836658703125 0.49334161249999997 0.6983611859375001 0.510521828125 0.69925435 0.50361265 0.6847687984374999 0.4868342765625 0.6186799421875 0.49893650312500004 0.6197853828125 0.504188775
0 0.5490027937499999 0.5145481562499999 0.548276940625 0.5194268890625 0.6059164671875 0.51112169375 0.621362403125 0.5248420140625 0.6224299515625 0.5163077703125001 0.6047261140625 0.5010048406250001 0.5490027937499999 0.5145481562499999