0 0.8461994687500001 0.4955770828125 0.8437493609375 0.4857463015625 0.8174796515624999 0.503673425 0.7419936140625001 0.48676295156249993 0.737177621875 0.49368254843750004 0.8196230140624999 0.51768683125 0.8461994687500001 0.4955770828125
0 0.7388836328124999 0.4826399671875 0.7413091546875 0.469306315625 0.7244707109374999 0.4836510484375 0.6580893156250001 0.46620190156249997 0.6582351 0.47455389531250003 0.7242169796875 0.4908707625 0.7388836328124999 0.4826399671875
0 0.680771825 0.41362049062499995 0.6484919421875001 0.40541937499999997 0.623321415625 0.4139740640625 0.625023290625 0.418488946875 0.6592389328125 0.426007046875 0.6610670671875 0.4191582546875 0.680771825 0.41362049062499995
0 0.656699459375 0.4292975078125 0.6579068875 0.42408261718749996 0.6171782953125 0.41537974687499996 0.5874758921875001 0.4246627671875 0.5872759953125 0.431807753125 0.630617696875 0.4414388515625 0.656699459375 0.4292975078125
0 0.6572489078125 0.4607754234375 0.6566468375000001 0.4448798734375 0.6283007781250001 0.4388823859375 0.5953758890625 0.44952010937500003 0.595175990625 0.45666509531250005 0.648338096875 0.470993978125 0.65639998125 0.4679317375 0.6572489078125 0.4607754234375
0 0.6410021625 0.441257590625 0.65758639375 0.44291579218750005 0.6592955765624999 0.42925219375 0.63994931875 0.436731378125 0.6410021625 0.441257590625
0 0.61861065625 0.4416484359375 0.6182011765625 0.43678637968749995 0.579027184375 0.42416101250000005 0.542253434375 0.43746282656249996 0.5413875140625 0.443645596875 0.584763203125 0.45522378281250003 0.61861065625 0.4416484359375
0 0.4826936078125 0.5023256234375 0.535333496875 0.4911921765625 0.5366067609375 0.48342093124999996 0.48909066562500003 0.4652300078125 0.4369196796875 0.48304760625 0.4367396546875 0.4929131375 0.47857879062500003 0.5087375562500001 0.4826936078125 0.5023256234375
0 0.40012166718750003 0.53405854375 0.42355395937500007 0.5244915984375 0.43351783125 0.5303055578125 0.46641436406250003 0.5181078171875 0.465871709375 0.5071982171875 0.42041302343750003 0.485801328125 0.357752165625 0.508028765625 0.357602871875 0.5196549015625 0.39559326562499997 0.5369554109375 0.40012166718750003 0.53405854375
0 0.48178217500000003 0.47028877187499996 0.48128254375 0.4618440171875 0.4451510953125 0.45014670937499995 0.390824359375 0.4655363390625 0.3912871140625 0.47186836874999993 0.42925906875 0.48811251718750004 0.48178217500000003 0.47028877187499996
0 0.411343928125 0.490890825 0.40977564062500005 0.4817602671875 0.3788706890625 0.46680167656249993 0.312985428125 0.48591534375 0.3145045453125 0.4922289328125 0.348640046875 0.5106534171875 0.411343928125 0.490890825
0 0.3580822828125 0.5471203296875 0.376973884375 0.5397460109375001 0.33635269375 0.5129812609375 0.252669071875 0.54156353125 0.2535822890625 0.5535233500000001 0.2910343890625 0.580343415625 0.3568458953125 0.5570042984375 0.3580822828125 0.5471203296875
0 0.3236210265625 0.510033440625 0.296497209375 0.48972542812500003 0.21899810468749997 0.50939404375 0.2180954 0.518215503125 0.24564509375000002 0.5427428203125 0.3255229953125 0.5181014875 0.3236210265625 0.510033440625
0 0.760900715625 0.5639230234375 0.7606965609375 0.5522270125000001 0.7444078625 0.54711153125 0.711179759375 0.5769404609375 0.6840240734374999 0.5679648109375 0.6838961640625 0.5864163703124999 0.7129925734375 0.6034578484375 0.760900715625 0.5639230234375
0 0.5516884015625 0.5914239671875 0.5722141703125 0.607265096875 0.5699862171875 0.634303 0.63498955 0.67186695 0.7028502578125 0.6153344578125 0.7003497578125 0.6009786296875 0.6803680609375 0.59052780625 0.6832241812500001 0.5994776234375 0.6306997921875 0.6323432734375001 0.5676214796875 0.601945459375 0.5704092078125 0.5811975546875 0.5516884015625 0.5914239671875
0 0.41751738125 0.6644133515624999 0.4186997484375 0.680592121875 0.4885941515625 0.7405698765625 0.542118034375 0.73918563125 0.6132297453125 0.688446178125 0.611542565625 0.6691263328125 0.571097915625 0.646433153125 0.5686815140625 0.6626747390625 0.49709639843750003 0.7120725046875 0.436458046875 0.66678264375 0.43404392031250005 0.657375125 0.41751738125 0.6644133515624999
0 0.3374492546875 0.61451281875 0.39821324062499996 0.667000225 0.4369729859375 0.644724459375 0.43523869375 0.6227055359375 0.4026668703125 0.6385735218749999 0.36475640625 0.60638645 0.3635818890625 0.590657525 0.3412466046875 0.6000470625000001 0.3374492546875 0.61451281875