0 0.10530749531250001 0.441361265625 0.21073587031250002 0.42479975156250005 0.2074598 0.4162145375 0.10779648125 0.43162512187499996 0.072889828125 0.4029052671875 0.073071003125 0.41357700781249995 0.10530749531250001 0.441361265625
0 0.2294819609375 0.42099054375 0.30984971093749997 0.40931194531250004 0.307286475 0.40362856562499994 0.23385550624999998 0.4117994203125 0.20874588125 0.395102728125 0.209678503125 0.4084015640625 0.2294819609375 0.42099054375
0 0.31085538281249997 0.3400677875 0.312177359375 0.351670321875 0.35150598125 0.3477492609375 0.35182839062500004 0.34405460625 0.3230787375 0.3329278515625 0.2952952609375 0.33453466875000004 0.31085538281249997 0.3400677875
0 0.3429063265625 0.3725235890625 0.393035115625 0.36598674375 0.39379470781250003 0.3605819671875 0.3594712453125 0.3470971421875 0.3116827890625 0.3523881765625 0.311034840625 0.3583991640625 0.3429063265625 0.3725235890625
0 0.32090428437499996 0.4072247546875 0.3821347765625 0.39732714375 0.382007484375 0.3898293203125 0.3416907734375 0.3713685515625 0.3127522625 0.374190921875 0.312097003125 0.401262803125 0.32090428437499996 0.4072247546875
0 0.3127720890625 0.35864331875 0.3111266546875 0.374552978125 0.33212703125 0.37218969999999996 0.333275809375 0.3682175015625 0.3127720890625 0.35864331875
0 0.397540478125 0.3955554671875 0.4443575375 0.387372146875 0.4445046578125 0.3793223671875 0.40717100781250004 0.363446084375 0.35618872343749997 0.3704535 0.3562043734375 0.37734511249999997 0.397540478125 0.3955554671875
0 0.45136452968749996 0.43136998281250005 0.4531795859375 0.44687595468749997 0.46754994375000003 0.43763897343749997 0.5135693375 0.45899434375 0.5239072921875 0.4655308765625 0.5635922671875 0.4518630734375 0.5647875546875001 0.4407744578125 0.5070674671875001 0.4174115453125 0.45136452968749996 0.43136998281250005
0 0.58616985625 0.45140498593749995 0.5352634515625 0.472573625 0.5353365906249999 0.4823880421875 0.5906641859375 0.5046884781250001 0.6045841453125 0.49865624375 0.6185830171875 0.5049810531250001 0.627390778125 0.5094869484375 0.6604545359375 0.4912574328125 0.6618057296875001 0.4816431921875 0.58616985625 0.45140498593749995
0 0.640577396875 0.5164238343750001 0.6855785859375 0.537272990625 0.6827029703124999 0.5473992203125 0.7412468609375 0.5752353046875001 0.7751325015625 0.5382392515625 0.7769398671875 0.5279628875 0.6836384265625 0.4890689734375 0.640577396875 0.5164238343750001
0 0.572962478125 0.44776355468749995 0.6132704625 0.4338908328125 0.614129375 0.42522857031249994 0.5568237171875 0.4044484328125 0.5165594390625 0.4154593859375 0.5163760640625 0.4231411234375 0.572962478125 0.44776355468749995
0 0.6661513953125 0.4848791515625 0.6995956984375 0.4662776703125 0.7014322875000001 0.4570358328125 0.630462921875 0.4327221875 0.5935497234375 0.4492229484375 0.593110765625 0.45489707656249995 0.6661513953125 0.4848791515625
0 0.7833859984375 0.5320061921875 0.8090982109375 0.50210110625 0.8092815874999999 0.49441936875000003 0.72298675625 0.46436698125 0.6915586109375 0.48647821406249997 0.6907738078125 0.49461315937499994 0.7833859984375 0.5320061921875
0 0.1951249125 0.488217371875 0.172317428125 0.49285185781249996 0.1708665484375 0.5056007765625 0.22880761875000002 0.5638508484375 0.2724585765625 0.5515789421874999 0.26828844531249996 0.523042034375 0.23747494218749998 0.5337094875 0.19404443124999998 0.49590538906250003 0.1951249125 0.488217371875
0 0.41376811875 0.576892525 0.330697771875 0.6149838703125 0.27262118750000003 0.560123390625 0.2444763578125 0.5687798578125001 0.2450364671875 0.5841974484375 0.33124522500000003 0.6668721140625 0.4184875203125 0.6160734078125001 0.41943610781249996 0.5923462546875 0.447664053125 0.57824765 0.41968907343749995 0.5565911031249999 0.41376811875 0.576892525
0 0.5850473546875 0.6824307109375 0.5186810484375 0.739912846875 0.4144492640625 0.6666354453125 0.41652530781249997 0.6348860125 0.35874863125 0.6700557390624999 0.3557312375 0.6866748640625 0.396587028125 0.725821428125 0.5570849953125 0.7504231296875 0.6064202171875 0.6977055703125 0.609349075 0.684141775 0.589213884375 0.6673365421875 0.5850473546875 0.6824307109375
0 0.5980822015625 0.6280804671875 0.5894421609375 0.6553454796875 0.6274586890625 0.6769622359375 0.6901366828125 0.6099495593750001 0.6965848515624999 0.59828051875 0.6684297609375001 0.5854469171875001 0.661738484375 0.60410915 0.6226612968749999 0.640041634375 0.5980822015625 0.6280804671875