0 0.1747939328125 0.5457416796875 0.1725091578125 0.5585482609375 0.21167321874999998 0.5348911000000001 0.2930437140625 0.5632721890625 0.29675289375 0.5565853015625 0.2091885671875 0.5240664265625 0.1747939328125 0.5457416796875
0 0.29460670625 0.5740324109375 0.29235415468750003 0.5863781609375 0.32008128125 0.57396143125 0.37870027031250003 0.596583825 0.3815844625 0.5884499984375 0.3114447109375 0.5650219937500001 0.29460670625 0.5740324109375
0 0.3430221390625 0.6633807734375 0.36753480625 0.672315190625 0.3984677546875 0.6659208125 0.3999602296875 0.6598745296875 0.37482228125 0.6522334859375001 0.37285339687499996 0.657444196875 0.3430221390625 0.6633807734375
0 0.3751008671875 0.640753934375 0.372988709375 0.6518378515625 0.40769389531250005 0.6641591906250001 0.4455217109375 0.6547704984375 0.44616000468749994 0.64946674375 0.40152841875 0.6337770890625001 0.3751008671875 0.640753934375
0 0.383097303125 0.5990608359375 0.378519415625 0.6262849171875 0.40111342812500006 0.6358874250000001 0.4442207953125 0.6236588796875 0.4458993578125 0.6149514171875 0.3915088484375 0.5934983828125 0.383097303125 0.5990608359375
0 0.4147915109375 0.631495503125 0.414041565625 0.6383959640625 0.455386690625 0.6551929046875 0.49887742343749997 0.6451305234375 0.5029938625 0.6398025671875 0.454631025 0.6201081234375 0.4147915109375 0.631495503125
0 0.5958740109375 0.5756955296874999 0.5586968578125 0.58274950625 0.5516644859375 0.5783962921875 0.5274099890625 0.5828785921875 0.52725684375 0.5905908078125 0.5737317546875 0.61623713125 0.6431712 0.6006270609375 0.644477146875 0.5929954562499999 0.6059106234375 0.57021901875 0.5958740109375 0.5756955296874999
0 0.70147479375 0.5344254328125 0.6294610390625001 0.5537169515625 0.6316753203125 0.56622846875 0.6229796046875 0.569095721875 0.6651738359375 0.5952150015625 0.75280819375 0.5789465125000001 0.75180045625 0.5657470734375 0.7234398468750001 0.5405951328125 0.7119467796875 0.5448113609375 0.70147479375 0.5344254328125
0 0.5839645390625 0.6134773609375 0.584964196875 0.6212701890625 0.6206715468749999 0.6407575234375 0.685338559375 0.627130609375 0.6865638953125 0.6206518062499999 0.649150171875 0.5979559812499999 0.5839645390625 0.6134773609375
0 0.6723056109375001 0.5926245359375 0.6707309593749999 0.6040988109375001 0.7028992921875 0.6244971125000001 0.7876825562499999 0.6103461328125 0.787558915625 0.6010699765624999 0.757822459375 0.5735049515624999 0.6723056109375001 0.5926245359375
0 0.814642725 0.50642730625 0.8195200046875 0.519511184375 0.7438248015625 0.5362283953125 0.7790377703125 0.57383003125 0.893393453125 0.5509348625 0.8903837687499999 0.5387538703125 0.864957496875 0.4937275171875 0.814642725 0.50642730625
0 0.7865538125 0.571266434375 0.7889561859375 0.5810880796875 0.815287978125 0.6076427359375 0.9172477062500001 0.5908313890625 0.9203675062500001 0.5848712078125 0.8998641765625001 0.546753584375 0.7865538125 0.571266434375
0 0.3556700765625 0.4254745296875 0.29208803437499997 0.469739021875 0.2911195765625 0.4835886109375 0.31339144375 0.49424579062499996 0.31139853125 0.48447137187499995 0.3652658015625 0.4566565515625 0.3960716890625 0.47540442499999996 0.40219552031249994 0.44906858749999995 0.3556700765625 0.4254745296875
0 0.5787758171874999 0.43465222968750006 0.582370409375 0.421521559375 0.4870583234375 0.3377762078125 0.3848591875 0.40610438593750003 0.3819947140625 0.424103640625 0.405108440625 0.4380313765625 0.4037599515625 0.42669617656250003 0.4796792484375 0.38971776406249997 0.5406578015625 0.43626900781250005 0.5381770109375 0.45643621718749994 0.5787758171874999 0.43465222968750006
0 0.767134396875 0.35896687968749996 0.7652532296875 0.34759443125 0.7227445796875 0.27421243125 0.6012943453124999 0.2657198046875 0.5189853125 0.317526953125 0.51742088125 0.3398993640625 0.572774684375 0.3903395375 0.5714558937499999 0.3479601109375 0.6889536546875 0.2828428390625 0.7373417640625 0.35634829375 0.74173731875 0.3700376875 0.767134396875 0.35896687968749996