0 0.942006625 0.4526208875 0.9396479890625 0.44510687187500003 0.92174975 0.47043590625 0.8322910734375 0.462371059375 0.831375271875 0.4670898671875 0.9242128203125001 0.47676485 0.942006625 0.4526208875
0 0.8310928203125 0.45121512187499996 0.831617153125 0.4371142328125 0.8112935218749999 0.45347462343749995 0.739219984375 0.44966952656250003 0.737962809375 0.45485819687499995 0.8130538656249999 0.4645889953125 0.8310928203125 0.45121512187499996
0 0.737280559375 0.400690971875 0.7524413531249999 0.39127855 0.7119090406249999 0.38805785312499996 0.6855903859375 0.4000958984375 0.6857016140625001 0.40349361874999995 0.7324243234375001 0.40876344531250003 0.7367725421875 0.40486129374999996 0.737280559375 0.400690971875
0 0.737573571875 0.44452494218750005 0.7364951093750001 0.4266754234375 0.7028024109375 0.42237143593750004 0.670445840625 0.4381092875 0.6696383734375 0.4461373046875 0.7270312015625 0.4540948171875 0.737573571875 0.44452494218750005
0 0.707984028125 0.425579465625 0.7370370203125 0.4275094109375 0.7372069625 0.406448928125 0.7087820484375 0.42118390000000006 0.707984028125 0.425579465625
0 0.6582645265625 0.4224516734375 0.7013616953125 0.4252661390625 0.7251454640625 0.4112745078125 0.7227726671875 0.40551553125 0.6831404453125 0.40244440781249996 0.6518828359375 0.4150402875 0.6529899718750001 0.41529185156250004 0.65139199375 0.420027578125 0.6582645265625 0.4224516734375
0 0.689849890625 0.4287952609375 0.6877276890624999 0.4230243734375 0.645773871875 0.4179561109375 0.6104498984375 0.4337697625 0.6109342671875 0.4381756765625 0.662121484375 0.44370379218749995 0.689849890625 0.4287952609375
0 0.6206874453125 0.48437744531250004 0.6185686578125 0.47653330625 0.56813271875 0.46611720312499993 0.5247688984375001 0.48607746875 0.5243256984375 0.4970647171875 0.577527425 0.5069884953125 0.6206874453125 0.48437744531250004
0 0.5589267859375 0.47038421875 0.557241159375 0.4601919703125 0.51445869375 0.4552251734375 0.472317359375 0.4750456859375 0.47202086562499995 0.48239596718750005 0.5156764890625001 0.492425303125 0.5589267859375 0.47038421875
0 0.56119734375 0.5151145515625 0.559707821875 0.5057100828125 0.5097967140625 0.49491872187499997 0.4535132734375 0.5213611171875 0.454613375 0.53199579375 0.505517496875 0.5490568 0.56119734375 0.5151145515625
0 0.4999160234375 0.49917738749999996 0.497811396875 0.489578209375 0.45985545156249996 0.4786461328125 0.40681126875 0.5034069484375 0.40741486250000003 0.5109068031249999 0.44805691249999996 0.5240426359375 0.4999160234375 0.49917738749999996
0 0.48988049062499994 0.5537827953125001 0.4865907921875 0.5440791828125 0.44009683906249997 0.527196071875 0.3686667671875 0.5612958484374999 0.3713413609375 0.5708047515625 0.41887346562500005 0.594242490625 0.48988049062499994 0.5537827953125001
0 0.42875324687500005 0.530479475 0.4252688390625 0.521390965625 0.38956178750000003 0.5080577703125 0.3210408515625 0.5402361203125 0.32356322187500003 0.5450950078125001 0.361973190625 0.5644270265625 0.42875324687500005 0.530479475
0 0.8741235953125001 0.5261561718750001 0.8732350156249999 0.5187014546875 0.8572732671875001 0.5156790234375 0.834998484375 0.5484202890625001 0.8097873953124999 0.5451928140625 0.8065444578125 0.5626278734375 0.8392581390625 0.5727304078125 0.8741235953125001 0.5261561718750001
0 0.7784908875000001 0.6429768078125 0.82816948125 0.5867555 0.8253426625 0.57259658125 0.8050300437500001 0.5679261953125 0.8063531796875001 0.5744356875000001 0.773158734375 0.6083221921875 0.7138046703125001 0.5931144734375 0.7158055359375 0.6197169328125 0.7784908875000001 0.6429768078125
0 0.47341195156250004 0.6217986625 0.5479840890625 0.6614606328125 0.5861743859375 0.6328600015625 0.5820385953125 0.61043655 0.5491999437499999 0.6355027171875001 0.49542651718749997 0.6095479109374999 0.49321480468749995 0.5955837015625 0.47115552968749996 0.607674859375 0.47341195156250004 0.6217986625
0 0.5724370796875 0.6552321515624999 0.5694698265625 0.672190675 0.6528216718750001 0.719572159375 0.7096923328125 0.7098115125 0.76165264375 0.6601248671875 0.7606792703125 0.6480303953125001 0.7169342265624999 0.6276350374999999 0.7163376265625 0.6446891859375 0.6624662375 0.6942074140625001 0.5858146453125 0.6564110640624999 0.582279365625 0.648962271875 0.5724370796875 0.6552321515624999