0 0.28482370625 0.5575397078125001 0.2876741359375 0.5660909968750001 0.30082996562500003 0.54482240625 0.36836322187500004 0.5560048609375 0.36989806875000003 0.5500847375 0.30236481249999997 0.537148171875 0.28482370625 0.5575397078125001
0 0.36704763906250004 0.5643368859375 0.36880175 0.575519340625 0.3832731625 0.5601708734375 0.439843228125 0.568283634375 0.4400624921875 0.563021303125 0.38261537031250004 0.5514003203125 0.36704763906250004 0.5643368859375
0 0.44093954843749994 0.6149868296875 0.428222246875 0.6226610625 0.464620040625 0.627265603125 0.4856693671875 0.6187143140625 0.4854501046875 0.614767565625 0.44488629687500003 0.607531859375 0.44093954843749994 0.610601553125 0.44093954843749994 0.6149868296875
0 0.46549709687499996 0.5932797109375 0.4426936578125 0.5915256 0.44028175625 0.6088474421875001 0.46637415156250006 0.5976649875 0.46549709687499996 0.5932797109375
0 0.45080642031249996 0.6040236390625 0.451683475 0.6097244984375 0.4902739078125 0.6165216765625 0.516366303125 0.607531859375 0.5165855671874999 0.6009539453125 0.47339059375000003 0.5943760296875 0.45080642031249996 0.6040236390625
0 0.441378075 0.5748615499999999 0.442912921875 0.5897714890625 0.47339059375000003 0.5952530859375 0.5005793078125 0.5816587281250001 0.49904446093750005 0.5750808140625 0.44949083749999996 0.5667487890625 0.441378075 0.5748615499999999
0 0.4828189375 0.5904292812499999 0.48325746562500005 0.5954723484375 0.5260139109375 0.6040236390625 0.555176 0.591964128125 0.5567108468749999 0.58516695 0.5119810265625 0.57595786875 0.4828189375 0.5904292812499999
0 0.5475017656250001 0.5404371296875 0.5481595578125 0.5492076828125 0.59968655625 0.5603901375 0.6461704859374999 0.54065639375 0.645731959375 0.5316665765625 0.5922315859375 0.517414428125 0.5475017656250001 0.5404371296875
0 0.6091149 0.5540314859375 0.6102112187500001 0.5621442484375 0.6538447203125 0.5735459671875 0.702302025 0.5549085421875 0.7014249703125001 0.5478921 0.6560373578124999 0.5351747984374999 0.6091149 0.5540314859375
0 0.6073607890625 0.5077668203125 0.606483734375 0.517414428125 0.6626152734375 0.534078478125 0.7251054625 0.5066705015624999 0.722912825 0.49811921249999996 0.667658340625 0.4781662046875 0.6073607890625 0.5077668203125
0 0.6740169921875 0.5285968828125001 0.6733591999999999 0.538025228125 0.7180890203125 0.5503040015625 0.7818947921875 0.5272813000000001 0.7823333203125 0.520484121875 0.7343145437499999 0.5036008078124999 0.6740169921875 0.5285968828125001
0 0.689365459375 0.47970104999999996 0.742208040625 0.49921553125000007 0.8299135703125 0.4636947921875 0.8285979875 0.4549242390625 0.770054546875 0.4270777328125 0.6880498765625 0.4704919703125 0.689365459375 0.47970104999999996
0 0.7582143 0.4941724625 0.7599684109375 0.5027237515625 0.8038167890624999 0.521580440625 0.8902067359375 0.49000645 0.8893296812499999 0.4829900078125 0.8428501359375 0.45909025156250005 0.7582143 0.4941724625
0 0.3356433 0.495333990625 0.3363303890625 0.5028919765625 0.34938509375 0.5046097015625 0.3713719625 0.4778132046875 0.3878621140625 0.4819357421875 0.38923629375 0.465445590625 0.368280059375 0.4599488734375 0.3356433 0.495333990625
0 0.372402596875 0.445519990625 0.372402596875 0.45616987968749995 0.3895798390625 0.4602924171875 0.4198117828125 0.4262814796875 0.4634419765625 0.4383055484375 0.46412906718749997 0.4125396859375 0.41500215625000003 0.39330117656249997 0.372402596875 0.445519990625
0 0.600859909375 0.35688542343749996 0.49023847343750004 0.30397952031250003 0.42874394843749997 0.382307740625 0.42771331406249996 0.392270540625 0.46412906718749997 0.4042946109375 0.5142866125000001 0.3407388171875 0.5840262125 0.37062721718749997 0.5874616609375 0.3795593828125 0.5994857296875 0.3675353140625 0.600859909375 0.35688542343749996
0 0.7070152625 0.40360752031249997 0.6238774125 0.36409986562499996 0.5871181156249999 0.39158345156249996 0.588835840625 0.41288323125000004 0.6235338687499999 0.3895221828125 0.67918813125 0.41666222499999994 0.680218765625 0.4310911078125 0.7077023515625 0.41322677656250006 0.7070152625 0.40360752031249997