0 0.34591250625000003 0.5524397624999999 0.3752189828125 0.5899136171875 0.39635807968750003 0.5865505796875 0.39635807968750003 0.566852784375 0.380984190625 0.569254953125 0.35840379218749996 0.5413897796875 0.34591250625000003 0.5457136859375 0.34591250625000003 0.5524397624999999
0 0.4237428203125 0.6562135140625001 0.47418839375 0.640359190625 0.4751492625 0.611052715625 0.42854716093749995 0.62450486875 0.39731894843750004 0.5899136171875 0.382905928125 0.5942375234374999 0.382905928125 0.6043266390625 0.4237428203125 0.6562135140625001
0 0.438636275 0.6571743828125001 0.4352732375 0.6739895734375 0.49004271718750003 0.7407754375 0.5366448187499999 0.7398090374999999 0.61303383125 0.7013743140625001 0.61303383125 0.6912851984375 0.6000621125000001 0.6749504421875 0.5971795078125 0.686000425 0.52463396875 0.7181895046875 0.474668828125 0.6614982890625 0.4732275265625 0.6461243999999999 0.438636275 0.6571743828125001
0 0.636094665625 0.694167803125 0.7225727921875 0.6494874375 0.7240140937499999 0.6398787578125 0.6971097875 0.623544 0.6947076171875 0.636996153125 0.640418571875 0.6648613265625001 0.6015034140625 0.6393983234375 0.5995816781250001 0.662939590625 0.636094665625 0.694167803125
0 0.6015034140625 0.5317810984375 0.656753328125 0.5188093796875 0.6572337625 0.5106420015625 0.6106316609375 0.4885420359375 0.5582643515625 0.50295505625 0.5577839171875 0.51160286875 0.6015034140625 0.5317810984375
0 0.679333728125 0.5726179921875 0.7369858125000001 0.556283234375 0.7384271140625 0.54283108125 0.6774119921875 0.515926775 0.6202403421875 0.531300665625 0.620720775 0.5413897796875 0.679333728125 0.5726179921875
0 0.789353121875 0.6264266046875 0.8494073765625 0.5995222984375 0.8498878109374999 0.58799188125 0.76292925 0.5514788937499999 0.7023945625 0.573578859375 0.7038358640625 0.583667975 0.789353121875 0.6264266046875
0 0.8628595296875 0.5951983921874999 0.9065790281250001 0.5721375578125001 0.9104224999999999 0.5591658390625 0.820581334375 0.5298593625 0.773018365625 0.5509984609374999 0.7744596671874999 0.5591658390625 0.8628595296875 0.5951983921874999
0 0.6850989359375 0.516407209375 0.6850989359375 0.5216919843750001 0.74995753125 0.549076725 0.7960791984375 0.53082023125 0.7946378968750001 0.5236137203125 0.7312206046874999 0.500072453125 0.6850989359375 0.516407209375
0 0.6187990390625 0.4871007328125 0.6192794734375 0.49526811249999997 0.671646784375 0.5140050390625001 0.713924978125 0.5015137546874999 0.714885846875 0.49382680937499995 0.6629989703125 0.4750898828125 0.6187990390625 0.4871007328125
0 0.45390563906250003 0.436303415625 0.45355459062500003 0.4415691421875 0.45846926874999994 0.443324384375 0.49673354999999997 0.4352502703125 0.49708459843749997 0.4317397859375 0.4756706421875 0.4247188171875 0.4398637015625 0.4289313984375 0.45390563906250003 0.436303415625
0 0.5260628890625 0.4493252609375 0.5266710546875 0.4442572171875 0.5013308375000001 0.43493201875 0.46443548281249997 0.442027278125 0.463219153125 0.4458789921875 0.4855185421875 0.456015078125 0.5260628890625 0.4493252609375
0 0.45328578750000004 0.460272234375 0.47619334375 0.45581235624999994 0.4757879 0.452163365625 0.45328578750000004 0.4412163921875 0.45328578750000004 0.460272234375
0 0.5130886984374999 0.4740573125 0.51106148125 0.46777293750000004 0.48389676875000004 0.45520419062500006 0.453083065625 0.460677678125 0.45369123125 0.47750358125 0.4636245953125 0.4839906765625 0.5130886984374999 0.4740573125
0 0.5220084546875 0.4724355375 0.56680995625 0.46432666874999995 0.5664045125 0.45743412968749997 0.535996253125 0.44729804375000004 0.4958573515625 0.45581235624999994 0.4958573515625 0.460677678125 0.5220084546875 0.4724355375
0 0.31502956875 0.5099390578125 0.3813195734375 0.49899208437500003 0.38030596562499996 0.49372132031250004 0.3162458984375 0.5034519625 0.30185265625 0.48601789375 0.300839046875 0.49291043281249997 0.31502956875 0.5099390578125
0 0.37787330468749997 0.481558015625 0.3953073734375 0.49716758906249997 0.45125857031249994 0.4845988421875 0.4520694578125 0.4797335203125 0.3942937640625 0.487031503125 0.379089634375 0.473043703125 0.37787330468749997 0.481558015625