0 0.5342957328125 0.576020696875 0.533944684375 0.5869031984374999 0.58274041875 0.67852684375 0.7080647140624999 0.6497408703125 0.7087668109374999 0.6356989328125 0.6803318859374999 0.6012961859375 0.67717245 0.62762481875 0.5918676781250001 0.647985628125 0.5557096890625 0.5883073921875 0.556762834375 0.57391440625 0.5342957328125 0.576020696875
0 0.5272747640625 0.542320046875 0.5069139546875 0.49949213593749997 0.49076572656249995 0.50335366875 0.49181887187499995 0.5100235890625 0.524115328125 0.5686486796875 0.5571138828125 0.5623298078125 0.5578159796875 0.53740536875 0.5272747640625 0.542320046875
0 0.46478814062499996 0.452100596875 0.46584128593749996 0.4598236625 0.48550000000000004 0.49914108749999997 0.505860809375 0.49633269999999996 0.5069139546875 0.479482375 0.498839840625 0.4812376171875 0.48304266093750003 0.4510474515625 0.46478814062499996 0.452100596875
0 0.4398637015625 0.6816862796875001 0.42160918281250004 0.5963815078125 0.38790853125 0.60234933125 0.40300361406249996 0.7174932203125 0.5518481546875 0.6823883765625001 0.5525502515625 0.6697506328125 0.53745516875 0.638156271875 0.53745516875 0.6567618390625001 0.4398637015625 0.6816862796875001
0 0.37246239999999997 0.5226613343750001 0.3840469984375 0.59673255625 0.42196023125000004 0.5893605375 0.41634345625 0.5623298078125 0.3952805484375 0.5644360984375 0.3875574828125 0.5209060921875001 0.37246239999999997 0.5226613343750001
0 0.5746663046875 0.400496475 0.573613159375 0.39347550625 0.5511460578125 0.3769762296875 0.5062118578125 0.3804867140625 0.5051587125 0.3952307484375 0.5142859718749999 0.40681534687500004 0.5746663046875 0.400496475
0 0.42933224843750006 0.38856082812500004 0.42898120000000006 0.395581796875 0.442321040625 0.41348526718749995 0.50375451875 0.40892163750000005 0.5027013734375 0.4029538140625 0.4440762828125 0.40611325000000004 0.43494902343749997 0.3861034890625 0.42933224843750006 0.38856082812500004
0 0.55746493125 0.3769762296875 0.607313809375 0.371710503125 0.6069627609375 0.3667958234375 0.58554880625 0.3524028375 0.5378062171875 0.35801961250000003 0.5378062171875 0.3632853390625 0.55746493125 0.3769762296875
0 0.5356999265625 0.35801961250000003 0.579229934375 0.353104934375 0.5795809828125 0.3499454984375 0.5620285609375 0.33765880312499996 0.5206048437499999 0.341871384375 0.5192006499999999 0.3485413046875 0.5356999265625 0.35801961250000003
0 0.5862509031250001 0.400496475 0.641365509375 0.3945286515625 0.6431207515625 0.38645453750000003 0.6139837296875 0.370306309375 0.5655390453125 0.3769762296875 0.5655390453125 0.381539859375 0.5862509031250001 0.400496475
0 0.6041543734375 0.4394628515625 0.6034522765625 0.44753696718749997 0.6424186546875 0.48369495625000003 0.7143835859375 0.4714082609375 0.716138828125 0.461929953125 0.67295986875 0.430686640625 0.6041543734375 0.4394628515625
0 0.7326381046875 0.468950921875 0.7986352125 0.4580684203125 0.799337309375 0.4503453546875 0.7459779453125 0.42015518749999997 0.6866507578125 0.4310376890625 0.6838423703125 0.43840970625000003 0.7326381046875 0.468950921875
0 0.8116240046875 0.5251186734375 0.8878015171874999 0.5103746375 0.89166305 0.5001942328125 0.8179428765625 0.4598236625 0.7480842359375 0.47246140625 0.74632899375 0.478780278125 0.8116240046875 0.5251186734375
0 0.6550563984375 0.48615229531250004 0.65610954375 0.49633269999999996 0.7084157624999999 0.5440752890625 0.7940715828125 0.528278109375 0.7968799703125 0.51915085 0.7298297171875 0.47246140625 0.6550563984375 0.48615229531250004
0 0.730180765625 0.5482878703125 0.727372378125 0.557766178125 0.8133792468750001 0.633943690625 0.9116728109375 0.6090192515624999 0.9137791015625 0.597434653125 0.8165386828125 0.531086496875 0.730180765625 0.5482878703125
0 0.9355441062500001 0.6072640093749999 0.999785971875 0.5897115859375 0.999785971875 0.5595214203125 0.9222042640625 0.5142361703125 0.8393568312499999 0.5286291578125 0.8376015890625 0.5388095625 0.9355441062500001 0.6072640093749999