0 0.7020569921875001 0.42065170937499996 0.6994154703125 0.41144446874999996 0.6840046 0.43203396562499996 0.621357771875 0.4305283734375 0.6198754265625 0.437658346875 0.6886645546875 0.4418659609375 0.7020569921875001 0.42065170937499996
0 0.6209236 0.42108913125 0.619821590625 0.410604215625 0.602930040625 0.42772276875 0.5471811859375 0.42549216875000007 0.5469334328125 0.43109754687499996 0.6070530749999999 0.4351004921875 0.6209236 0.42108913125
0 0.543597571875 0.4046673375 0.5113158999999999 0.40275990781250004 0.4847241078125 0.4178293609375 0.486508871875 0.42684768125000006 0.5356356765625 0.4297742859375 0.543914075 0.423603821875 0.543597571875 0.4046673375
0 0.5201593875 0.4046200875 0.544207409375 0.40516117500000004 0.5419304734375 0.386151775 0.5198263015625 0.3987967921875 0.5201593875 0.4046200875
0 0.5419023078125 0.38057539687499997 0.55497324375 0.37222741406250004 0.51487884375 0.3703042328125 0.49692836875 0.38000197812500003 0.49811821093750003 0.3860141921875 0.5382996125 0.388765128125 0.5425113125000001 0.38636969374999997 0.5419023078125 0.38057539687499997
0 0.5308638875 0.3923363234375 0.5295431265625 0.3877327046875 0.49065432031249995 0.38400900937500004 0.46705455 0.395695353125 0.46913014999999997 0.4021724046875 0.5141620890625 0.40329766093749997 0.5308638875 0.3923363234375
0 0.5010331515625001 0.41109380624999997 0.4991323875 0.400971809375 0.4592849046875 0.3987437109375 0.42990492343750003 0.4138272484375 0.42980217343750005 0.4208122203125 0.4788560609375 0.42569925625 0.5010331515625001 0.41109380624999997
0 0.4461629484375 0.4703549921875 0.4429983359375 0.4594086328125 0.3940155171875 0.453277959375 0.3483408640625 0.47862240468749995 0.3489055828125 0.487827921875 0.40300443750000003 0.4966434421875 0.4461629484375 0.4703549921875
0 0.3810973953125 0.4606780171875 0.378289328125 0.4492913609375 0.3358905921875 0.4444827765625 0.28604391093750003 0.46462623281250004 0.2881185546875 0.47286740937499994 0.3334521875 0.48260419062500004 0.3810973953125 0.4606780171875
0 0.3860387109375 0.5076914828125 0.3844259 0.4961792015625 0.3265318953125 0.48574846562499996 0.2677716203125 0.516899290625 0.271083396875 0.5254132609375 0.32987832968749997 0.54058315 0.3860387109375 0.5076914828125
0 0.3108570921875 0.5550697984374999 0.3084055671875 0.54324285 0.2511624375 0.5275070375 0.16998419375 0.5714874203125 0.16918615312500002 0.5792248875 0.2310200671875 0.6041458796875 0.3108570921875 0.5550697984374999
0 0.11169176875 0.561098559375 0.15826133125 0.5787618484375 0.23828619374999999 0.5353055140625 0.23658963125 0.52299639375 0.1890964 0.5118753140625001 0.10561000312499999 0.5488342625 0.11169176875 0.561098559375
0 0.3209959015625 0.48673314375 0.318019128125 0.48140652656249994 0.269267225 0.47364030156250003 0.21042319843750001 0.5039942890625 0.2121413 0.5126757609375 0.2609769546875 0.5212388234375 0.3209959015625 0.48673314375
0 0.659100628125 0.49188177499999997 0.6553700953125 0.4793836140625 0.6446343171875 0.47688660625 0.6271828109375 0.51014083125 0.6080802265624999 0.5085232109375 0.6071553562500001 0.5227191359375001 0.6339319921875 0.5283640296875001 0.659100628125 0.49188177499999997
0 0.6273455 0.5423493734375 0.6253342703125 0.5308789671875 0.6075322359374999 0.5263049093750001 0.5881711828125 0.5682190671875 0.5368612625 0.5591104203125 0.539226628125 0.5854479625 0.5922139765625001 0.595185946875 0.6273455 0.5423493734375
0 0.41126222500000004 0.6556952546875 0.522936809375 0.698741371875 0.57946215625 0.611833396875 0.57782780625 0.6039487640625001 0.539960053125 0.588593440625 0.541949740625 0.6036914953125 0.4996251328125 0.660909478125 0.42304970624999994 0.6375378781250001 0.4227362421875 0.6307228765625 0.408139490625 0.6451473140624999 0.41126222500000004 0.6556952546875
0 0.30157853437500004 0.620093475 0.38599551718749997 0.6490860203125 0.41908945937500003 0.6190215546875 0.414417328125 0.593732103125 0.380799340625 0.6226431875 0.3255698453125 0.6030703500000001 0.323496403125 0.58717545625 0.30160127812500004 0.6088121125 0.30157853437500004 0.620093475