0 0.26057800625 0.471051315625 0.34542284687499997 0.44910017968749993 0.3439429953125 0.4412076359375 0.2632910671875 0.4626654890625 0.23147425156249998 0.43652143906249996 0.23196753593750002 0.44540055 0.26057800625 0.471051315625
0 0.3631054125 0.4447272015625 0.4316718828125 0.427215621875 0.4316718828125 0.420063003125 0.372231165625 0.4365880171875 0.3438673375 0.4205562875 0.3441139796875 0.4343682390625 0.3631054125 0.4447272015625
0 0.42934891875 0.36359028125 0.42934891875 0.367555096875 0.460166346875 0.3612474359375 0.459805909375 0.3569221828125 0.43187198281250005 0.3480914578125 0.40321718124999995 0.3527771484375 0.42934891875 0.36359028125
0 0.457453675 0.386838515625 0.5030490515625 0.376746259375 0.50286883125 0.37025837968749997 0.4682668078125 0.36016612187499997 0.42933952968750005 0.3670144390625 0.4309614984375 0.376205603125 0.457453675 0.386838515625
0 0.433313734375 0.41297964374999996 0.4329532953125 0.418566428125 0.4405224890625 0.42289168125 0.49566946562499997 0.40685220156249996 0.49566946562499997 0.40018410312499997 0.45800372031250003 0.3855863734375 0.43079066875 0.39117315937499997 0.433313734375 0.41297964374999996
0 0.5077065734375 0.4057427203125 0.557086546875 0.3927669609375 0.5556447953125 0.38663951875 0.513834015625 0.372942884375 0.470941921875 0.38555820625 0.47058148437499997 0.39132520937500004 0.5077065734375 0.4057427203125
0 0.32307795625 0.5292256734375 0.38185924375 0.5857461421875 0.4236843921875 0.56935520625 0.42085836875 0.538834153125 0.38468526718749996 0.5540946796874999 0.3462513484375 0.5122695328125 0.321947546875 0.5179215796875 0.32307795625 0.5292256734375
0 0.39871734375 0.6089195359375 0.49028050468749995 0.6925698296875 0.58240886875 0.62644088125 0.5846696875 0.611745559375 0.5976693953125001 0.602137078125 0.558670271875 0.575007253125 0.5603658859375 0.60100666875 0.48519366249999996 0.636614565625 0.4230211453125 0.5891373703125 0.42358635 0.579528890625 0.396456525 0.5913981890625 0.39871734375 0.6089195359375
0 0.6129068765625 0.6003203781249999 0.6903399203125 0.5517127734375 0.6926007390625 0.5409738843749999 0.6637753 0.52401774375 0.6609492765625 0.538713065625 0.6106460578124999 0.5686689140625 0.5665600921875 0.5443651125 0.5609080453125 0.5720601421875 0.6129068765625 0.6003203781249999
0 0.6299841046875 0.73866858125 0.57515925 0.6855393390625 0.5779852734375 0.646540215625 0.517508371875 0.6878001578124999 0.5180735765625 0.7092779375 0.5576379046875 0.73866858125 0.6299841046875 0.73866858125
0 0.7526335234375 0.7002346609375001 0.7161969703125 0.73866858125 0.7599811843750001 0.73866858125 0.77976335 0.7200168265625 0.7769373265625 0.7036258906249999 0.7481118859375 0.689495771875 0.7526335234375 0.7002346609375001
0 0.7901561625 0.69966945625 0.8562851125 0.621671209375 0.8608067500000001 0.61375834375 0.833676925 0.5979326125 0.8285900828124999 0.61375834375 0.7794172734375 0.6612355375 0.7624611328124999 0.6521922625000001 0.7579394953125 0.6753656546875 0.7901561625 0.69966945625
0 0.600644240625 0.4526698484375 0.6491075375 0.47249574218749996 0.689860765625 0.454872725 0.6902279109375 0.446061215625 0.62450874375 0.4221967140625 0.5731082765625 0.44055402343749994 0.572373984375 0.4489983859375 0.5914655859375 0.45817704062500003 0.600644240625 0.4526698484375
0 0.7047281078125 0.4484455875 0.7447470421875 0.43082257031250004 0.74401275 0.42311249999999995 0.678660728125 0.40365375156249994 0.6357046234375 0.4194410390625 0.6379075000000001 0.42935398593749996 0.7047281078125 0.4484455875
0 0.7418098718749999 0.5136188875000001 0.750254234375 0.5059088171874999 0.767142959375 0.51545461875 0.8042247250000001 0.48902009218750003 0.8034904328125 0.4809428765625 0.71684393125 0.4504697421875 0.6643420265625 0.4758028296875 0.671317803125 0.47763856093749996 0.66984921875 0.4893872390625 0.7418098718749999 0.5136188875000001
0 0.8574595374999999 0.5677653281249999 0.9198743890625 0.588325515625 0.9573233015625 0.54463511875 0.9580575937500001 0.5332535859374999 0.8335950343749999 0.49396894375 0.7877017609375 0.5284806859375 0.860763853125 0.5549152109375 0.8574595374999999 0.5677653281249999
0 0.9598960968749999 0.5338077703125 0.9885335 0.49966317499999996 0.9907363765625 0.4901173734375 0.8776553500000001 0.45633992343749996 0.8449793390625 0.4853444734375 0.8413078765625001 0.49342168906249995 0.9598960968749999 0.5338077703125
0 0.8104662109375 0.48259434062500006 0.8471808296875001 0.4601984234375 0.8471808296875001 0.44991832968749995 0.767142959375 0.42568668125000003 0.727124025 0.44624686875 0.7245540015625 0.45432408437499994 0.8104662109375 0.48259434062500006