0 0.16979342343749998 0.526681365625 0.251807328125 0.5012418671875001 0.24687130625 0.4944073765625 0.17169189375 0.5126326875 0.1451133140625 0.4951667640625 0.14283515 0.5050388078125 0.16979342343749998 0.526681365625
0 0.26540073125 0.49752050781249996 0.3310877921875 0.48005458437500004 0.3310877921875 0.4717013171875 0.2650210375 0.490306321875 0.24793480781250002 0.4762576453125 0.25059266562500004 0.489546934375 0.26540073125 0.49752050781249996
0 0.32990067968750003 0.4207483640625 0.3318480640625 0.427564209375 0.3659272859375 0.4194501078125 0.36755010625 0.41490621250000004 0.3422341125 0.4067921109375 0.310102275 0.415555340625 0.32990067968750003 0.4207483640625
0 0.36221411406250004 0.4424941546875 0.405381128125 0.43210810468750005 0.405056565625 0.424967696875 0.375196675 0.41620446875 0.334626171875 0.425616825 0.335924428125 0.4308098484375 0.36221411406250004 0.4424941546875
0 0.33525240312500004 0.4628419609375 0.3362260953125 0.4699823703125 0.344340196875 0.472903446875 0.39724413125 0.4576489375 0.3969195671875 0.45050852812500003 0.36381403749999996 0.44044704375 0.3355769671875 0.44693832499999997 0.33525240312500004 0.4628419609375
0 0.334535375 0.4451814640625 0.35108813906249997 0.44323407968749995 0.35206183125 0.43869018281249994 0.332587990625 0.43154977499999997 0.334535375 0.4451814640625
0 0.4100286984375 0.456216640625 0.4531957140625 0.4438832078125 0.45222202187500005 0.4377164921875 0.41522172343749997 0.4250584953125 0.376274040625 0.4383656203125 0.3759494765625 0.44323407968749995 0.4100286984375 0.456216640625
0 0.5117242453124999 0.501487984375 0.515950340625 0.507827125 0.5575069312500001 0.4912749234375 0.55715475625 0.4814140375 0.50468075625 0.4645096609375 0.45748937187500005 0.483527084375 0.4588980703125 0.4912749234375 0.5117242453124999 0.501487984375
0 0.565930453125 0.52914066875 0.5757913390625 0.5231537015625001 0.59938703125 0.5323102390625001 0.6039653 0.535127634375 0.6416479703125 0.5171667359375001 0.6412957968749999 0.5055449765625 0.5782565609375 0.48441450625 0.533178225 0.5066015 0.5328260499999999 0.517518909375 0.565930453125 0.52914066875
0 0.5675788328125 0.48527398593750004 0.6052615046875001 0.468369609375 0.605613678125 0.46203046875 0.55102663125 0.44759131406249997 0.5151048312500001 0.459917421875 0.5147526578125 0.468369609375 0.5675788328125 0.48527398593750004
0 0.6496494625 0.507742575 0.6834582140625 0.48872515156249996 0.6848669125 0.48238601093750005 0.6186581062500001 0.46442511093750005 0.588018925 0.4799207890625 0.5866102265625 0.48907732656249997 0.6496494625 0.507742575
0 0.6432537125 0.5449039703125 0.6446624109375 0.55476485625 0.7108712171875 0.57695185 0.7478495406250001 0.5494822390625 0.7485538890625001 0.53750830625 0.6643841828125 0.51039086875 0.6242362906250001 0.5378604796875 0.6432537125 0.5449039703125
0 0.6747663453125 0.5150536875 0.75506213125 0.5382972046875001 0.7821795687499999 0.5132928156250001 0.7811230453125 0.504488453125 0.7032924796875 0.4861753796875 0.6765272171875 0.506953675 0.6747663453125 0.5150536875
0 0.22751500937500002 0.5711965515624999 0.2761058328125 0.60988924375 0.3049003953125 0.5923425578125 0.30445048125 0.573896040625 0.277455578125 0.5833442578125 0.24371195 0.5540997796875 0.22751500937500002 0.559498759375 0.22751500937500002 0.5711965515624999
0 0.288273825 0.6256819140625 0.3571108265625 0.6810214640625001 0.42144867656249996 0.6423287703125 0.4187491875 0.6153338671874999 0.43899536406250006 0.5991369265625 0.42009893125 0.5892387953125 0.4232483375 0.6099348874999999 0.36071014687499997 0.641428940625 0.307620171875 0.609484971875 0.3103196625 0.6004866718749999 0.2905234 0.6112846328125 0.288273825 0.6256819140625
0 0.3762738296875 0.695707046875 0.43132719531249997 0.7398407375 0.5273293453125001 0.7407754375 0.5814727375000001 0.692977128125 0.57578475 0.6633900515625 0.5751029265625001 0.67477766875 0.5596333859375 0.6647679656250001 0.55688831875 0.666089540625 0.4970496171875 0.712430790625 0.42461329687499993 0.66428988125 0.42191380624999997 0.6480929390625 0.3762738296875 0.6825124390624999 0.3762738296875 0.695707046875
0 0.6028658671875 0.6720231625 0.6627045671875 0.6184832734375 0.6586553312500001 0.6040859921874999 0.6361595796875 0.595087690625 0.63525975 0.6108347171874999 0.5979168015625 0.643678515625 0.565073003125 0.6283814046875 0.5637232578125 0.650427240625 0.6028658671875 0.6720231625