0 0.6440053875 0.438892509375 0.645021809375 0.44465692187499994 0.5959223828125 0.454740946875 0.5785294734375 0.443067571875 0.566573471875 0.4447002484375 0.5670335 0.452702475 0.58974915 0.46961868593749995 0.662516921875 0.452864965625 0.6596221953125 0.4458864046875 0.6440053875 0.438892509375
0 0.571633071875 0.44036079531250005 0.554138521875 0.42811097968749995 0.5434980281249999 0.4304626765625 0.5441346109375 0.4367695546875 0.5614798984375 0.4495211796875 0.5719377156250001 0.4441110046875 0.571633071875 0.44036079531250005
0 0.4941285203125 0.49052085468750006 0.568252459375 0.47471673281250004 0.5664769203125 0.4659954828125 0.545760321875 0.45003438593749995 0.5490674546875 0.46609342500000006 0.49857788750000004 0.475709334375 0.487391721875 0.461752815625 0.4808812765625 0.4632574 0.47955852187500003 0.46586809218749997 0.4941285203125 0.49052085468750006
0 0.4710150640625 0.49602285312500005 0.46993821875 0.4858708046875 0.46052805625 0.467559459375 0.45576058125 0.4681623484375 0.45947428125 0.48652715312500006 0.40559373593750003 0.4978108375 0.4019137265625 0.4809854359375 0.3915514328125 0.4822182265625 0.3923675921875 0.5138133234375 0.4710150640625 0.49602285312500005
0 0.49176149531249996 0.507164346875 0.49183264531250004 0.50756785625 0.40360956562499994 0.526333528125 0.404804159375 0.567490584375 0.40724413281249994 0.577283403125 0.5108554140625 0.5514060875 0.5100227921875 0.5406166140625001 0.49176149531249996 0.507164346875
0 0.544002203125 0.6091772843750001 0.5137849578125 0.5518405109375 0.4023498421875 0.578708628125 0.40522096875 0.6429863984375 0.40768267812500003 0.6586024296875 0.544583265625 0.620747625 0.544002203125 0.6091772843750001
0 0.6385591984375 0.509919290625 0.6006727875 0.4804140140625 0.5185626546875 0.5013122859375 0.5184450593750001 0.5089203390625 0.5418304234375 0.543900740625 0.639739803125 0.5199248171875 0.6385591984375 0.509919290625
0 0.6484300328125 0.5195597734375 0.5462753484375 0.544284259375 0.5465234875 0.555621484375 0.5836571890625 0.61064781875 0.710451753125 0.5783686390625 0.7084056828125 0.5667647984374999 0.6484300328125 0.5195597734375
0 0.6794624796875001 0.513504278125 0.67856213125 0.523293090625 0.7490758484375 0.570682709375 0.8614199625 0.5392006125 0.86078899375 0.5273472499999999 0.7761399671875 0.48916192968749994 0.6794624796875001 0.513504278125
0 0.757811325 0.4845146234375 0.703143303125 0.4591356796875 0.6233144265624999 0.47642168281249997 0.622613696875 0.4873425796875 0.66464560625 0.5155332515625 0.758892121875 0.493954109375 0.757811325 0.4845146234375
0 0.1028827328125 0.6180890421874999 0.031504064062499997 0.6849535359375001 0.039293256250000005 0.69933836875 0.18133742656250001 0.6658293703125 0.22005252656250002 0.6023897859375 0.216274834375 0.5925503765625 0.1028827328125 0.6180890421874999
0 0.11327247031250001 0.6075024531250001 0.11888159375 0.616143471875 0.22541489375 0.5897714578125 0.250941478125 0.5508356796875 0.248645196875 0.542777796875 0.1567298453125 0.5610276921875 0.11327247031250001 0.6075024531250001
0 0.1399967546875 0.5753591671875 0.135536115625 0.5682665578125 0.0388593203125 0.5876478453125 0.011703684374999999 0.6090698531250001 0.016215221874999998 0.6357054234375 0.08929775 0.6204844406250001 0.1399967546875 0.5753591671875
0 0.25825218125 0.53437196875 0.167185890625 0.5524721515625 0.1693659578125 0.558215965625 0.256619675 0.5416635015625 0.25943347499999997 0.5394164328125 0.25825218125 0.53437196875
0 0.1366346984375 0.5695319484375 0.1469567453125 0.5668364343750001 0.1744459953125 0.5406864812500001 0.17015216718749998 0.5312299015625 0.164591565625 0.5327940250000001 0.1383178 0.557562375 0.05301172656249999 0.5752305171875001 0.05134641250000001 0.579025996875 0.0553743171875 0.585319446875 0.134437534375 0.56700116875 0.1366346984375 0.5695319484375