0 0.35319131718749996 0.5148960921875 0.3822950703125 0.5484394015625 0.40350628125 0.5435065625 0.403012996875 0.5348740921874999 0.4027663546875 0.5289546859375001 0.3874745515625 0.5319143890625 0.3652767734375 0.50256399375 0.3536846 0.5067569062499999 0.35319131718749996 0.5148960921875
0 0.39117418125 0.56521105625 0.39487381093749996 0.5701438953125 0.430883540625 0.6147860953125 0.4782388015625 0.5980144390625 0.4802119375 0.587408834375 0.47922536875 0.573843525 0.43310331875 0.585682340625 0.40424620625 0.54868604375 0.38895440468750003 0.553372240625 0.39117418125 0.56521105625
0 0.4442022078125 0.6320510328125 0.4498749734375 0.6369838734375 0.5036429250000001 0.7072768375 0.615618384375 0.6575044859375 0.6153717421875 0.6486253750000001 0.6018064328125 0.63382685625 0.6003265812499999 0.64147275625 0.528553765625 0.674276140625 0.47897872656249996 0.62149475625 0.47922536875 0.6041804890625 0.44395556562499994 0.6177457984375 0.4442022078125 0.6320510328125
0 0.640529225 0.6515357500000001 0.7221677203125 0.611826390625 0.7238942140625 0.601467428125 0.6975035218750001 0.5837092046875 0.6970102375 0.5965345875 0.6378161625 0.6246517734375 0.604272853125 0.599987575 0.6022997171875 0.620458859375 0.640529225 0.6515357500000001
0 0.32137450156249997 0.4700072515625 0.3857480578125 0.45866172031249997 0.3845148484375 0.45446880624999997 0.32063457500000003 0.4648277703125 0.3055894140625 0.4443564859375 0.30583605625 0.451509103125 0.32137450156249997 0.4700072515625
0 0.40003543906249994 0.45617435781250004 0.45550081249999996 0.4465877515625 0.45604861718749995 0.4413835921875 0.40085714843750003 0.4508332484375 0.3841490609375 0.4341251609375 0.3844229640625 0.4409727375 0.40003543906249994 0.45617435781250004
0 0.5022012859375 0.3956417796875 0.5016534796875 0.3919440875 0.48083684531250004 0.3831791890625 0.4456403015625 0.38797249375 0.46180058281249997 0.40194155 0.5022012859375 0.3956417796875
0 0.492066871875 0.4160475578125 0.532741478125 0.40892607812500004 0.533289284375 0.40454362968749996 0.5068576375 0.394957021875 0.4690590140625 0.4015306953125 0.4689220625 0.40522838749999995 0.492066871875 0.4160475578125
0 0.5283590296875 0.4327556453125 0.5717726671875 0.4249494078125 0.5723204734375 0.4193343953125 0.541369425 0.4074196109375 0.500968721875 0.4149519453125 0.5012426249999999 0.41906049218749997 0.5283590296875 0.4327556453125
0 0.45933545468750003 0.43617943437499995 0.4679634015625 0.444533478125 0.5175398578125 0.435357725 0.516033390625 0.428921003125 0.48795832656250004 0.41536280000000003 0.45933545468750003 0.420019153125 0.45933545468750003 0.43617943437499995
0 0.609023484375 0.49342517656249996 0.6617498265624999 0.47973002343750004 0.6620237296875 0.472334640625 0.6153232546875 0.45151800625 0.5639664296875 0.4635697421875 0.56410338125 0.47041731875000004 0.609023484375 0.49342517656249996
0 0.6740754640625 0.4753475734375 0.7199542296875 0.4631588875 0.72009118125 0.45631130937500003 0.6692821609374999 0.4390554171875 0.6257315718750001 0.4489159265625 0.626827184375 0.45576350468750004 0.6740754640625 0.4753475734375
0 0.753781259375 0.509722409375 0.8015773453125 0.49383603125000003 0.8021251515625 0.48561893906250003 0.735977559375 0.46329583906250005 0.69009879375 0.47726489531249994 0.6906466 0.48342771406249996 0.753781259375 0.509722409375
0 0.687496715625 0.535880153125 0.7409078140625 0.5171177921875 0.7429620875 0.5071203296875 0.6807860906250001 0.4800039265625 0.6253207171875 0.494657740625 0.6242251046875 0.5036965421875 0.687496715625 0.535880153125
0 0.7065055890624999 0.53396283125 0.7065055890624999 0.5432755359375 0.7906212218750001 0.5883325921875 0.8493734312500001 0.560942284375 0.8518385593750001 0.551492628125 0.8508798984375 0.551218725 0.7628200609375 0.5143787609375 0.7065055890624999 0.53396283125
0 0.8655063234375 0.5569706890624999 0.9126176515625 0.533688928125 0.9157675375000001 0.5247870781249999 0.8257903765625001 0.4939729828125 0.7773095328124999 0.511091925 0.777446484375 0.51835035625 0.8655063234375 0.5569706890624999