0 0.3447295734375 0.4524516453125 0.343676428125 0.44788801562499997 0.2818919015625 0.459121565625 0.261882140625 0.4398139 0.2594248015625 0.44753696718749997 0.2769772234375 0.46614253437500003 0.3447295734375 0.4524516453125
0 0.41774765 0.43911180312500003 0.4166945046875 0.4303355921875 0.3636861890625 0.4429733359375 0.343676428125 0.42858035 0.3419211859375 0.4359523671875 0.3594736078125 0.4496432578125 0.41774765 0.43911180312500003
0 0.478830078125 0.425069865625 0.477425884375 0.41839994531249997 0.4475867671875 0.40576220156250004 0.417045553125 0.41102792812500005 0.41915184375000003 0.4268251078125 0.42476861875000005 0.4289313984375 0.42301337656250004 0.4317397859375 0.42792805468750006 0.434899221875 0.478830078125 0.425069865625
0 0.49006362968749995 0.422261478125 0.533944684375 0.41383631562499995 0.5332425875 0.40751744375000004 0.5034034703125 0.3966349421875 0.46022451093749994 0.40365591093750003 0.46057555937499994 0.40962373437500005 0.49006362968749995 0.422261478125
0 0.45061489843749997 0.4063736203125 0.4925440359375 0.39872771875 0.49328396249999995 0.394041521875 0.46812647968750004 0.38442248437500004 0.4279238375 0.3910818171875 0.42767719531250004 0.39576801562499997 0.45061489843749997 0.4063736203125
0 0.42052457812500005 0.3935482375 0.4284171203125 0.3915751015625 0.462207071875 0.3859023359375 0.461467146875 0.3824493484375 0.43976265156250005 0.3733235953125 0.40399956406250004 0.3789963609375 0.419044725 0.3876288296875 0.42052457812500005 0.3935482375
0 0.3475185515625 0.52698155 0.32729390937499997 0.5057703390625 0.326800625 0.49787779531250004 0.312495390625 0.5028106359375 0.3134819578125 0.5104565359375 0.34529877343750004 0.5452330562500001 0.3662633421875 0.5393136484375 0.36503013125 0.522048709375 0.3475185515625 0.52698155
0 0.3517114640625 0.5494259703125 0.3514648234375 0.558798365625 0.395120453125 0.6086200453124999 0.44642198593750004 0.5893819703125 0.4429689984375 0.5632379203125 0.396846946875 0.5814894265625 0.3679898359375 0.5494259703125 0.367249909375 0.5449864140625 0.3517114640625 0.5494259703125
0 0.40868576250000005 0.61167840625 0.409918971875 0.623270578125 0.4765123078125 0.6997295921875 0.5810885078125 0.6419167125 0.5828150015625 0.6330376015625 0.5680164828125001 0.6239118484375 0.4952570984375 0.66016821875 0.444942134375 0.6130595999999999 0.44617534374999995 0.5980144390625 0.40868576250000005 0.61167840625
0 0.60377956875 0.6327909593750001 0.6834449296875 0.592588315625 0.6836915718750001 0.58173606875 0.65878073125 0.566444265625 0.6570542374999999 0.5797629328125 0.603532928125 0.608373403125 0.56900305 0.585682340625 0.5682631234375 0.6071401937500001 0.60377956875 0.6327909593750001
0 0.7475718437500001 0.5666909078125 0.7991200187499999 0.5380804390625 0.7996133015625 0.5279681171874999 0.7187147328125 0.495164734375 0.664453496875 0.5183490796875 0.6639602124999999 0.5257483390625 0.7475718437500001 0.5666909078125
0 0.8136718953125 0.53216103125 0.8558476734375 0.5097166109375 0.8585607359375 0.5005908578125 0.7761823140625 0.4722270296875 0.7322800421875 0.49294495625 0.730553546875 0.49985093125 0.8136718953125 0.53216103125
0 0.7108221890624999 0.49368488125 0.753244609375 0.4751867328125 0.754971103125 0.4682807578125 0.692324040625 0.44780947343750005 0.648668409375 0.4613747828125 0.6489150515625 0.46803411562499997 0.7108221890624999 0.49368488125
0 0.5862679890625 0.481599425 0.5855280625 0.488998684375 0.6466952734375 0.5176091546875 0.6962703125 0.4981244375 0.6989833734374999 0.4897386109375 0.6375695203125 0.464581128125 0.5862679890625 0.481599425
0 0.5709761859375 0.481599425 0.6220310765625 0.46630762187499997 0.6222777171875 0.45989493125 0.5756623828125 0.4394236453125 0.524114209375 0.4512624609375 0.525840703125 0.45940164687499996 0.5709761859375 0.481599425
0 0.6333766078124999 0.46112814062499996 0.6770322375 0.44780947343750005 0.6772788796875 0.441890065625 0.6277038421875 0.4256116953125 0.586021346875 0.43597065781250005 0.585034778125 0.44410984375 0.6333766078124999 0.46112814062499996