0 0.3673671328125 0.5167198468749999 0.3683958015625 0.5240392078125 0.38138272500000003 0.530144440625 0.397789459375 0.4975164046875 0.4136645609375 0.4976177828125 0.41285101874999997 0.48187126406249997 0.3892065125 0.47959633437500004 0.3673671328125 0.5167198468749999
0 0.3934893234375 0.4636000671875 0.3994066375 0.475830321875 0.41528173749999997 0.4759317 0.43523440625000004 0.4353413828125 0.48100761875 0.4457022234375 0.47938053593749996 0.4142091875 0.42432212031249994 0.40748577499999994 0.3934893234375 0.4636000671875
0 0.6042151921875 0.333221403125 0.48949655312499996 0.303627478125 0.4370395046875 0.3884381234375 0.4412407265625 0.408373490625 0.4776224046875 0.41165730156249997 0.475958234375 0.396496828125 0.5158759390625 0.3386392421875 0.591426096875 0.355078109375 0.5920615984375 0.36291922187500003 0.6062082390625 0.3474026671875 0.6042151921875 0.333221403125
0 0.6264156078124999 0.3384982609375 0.597199990625 0.37292647031250004 0.5999497046875 0.399130278125 0.633603921875 0.3664107453125 0.6945870671875001 0.38209789843749997 0.694621690625 0.3956214078125 0.7234787609375 0.3752384609375 0.7186692453125 0.364252003125 0.6264156078124999 0.3384982609375
0 0.5810782359375 0.5270298 0.5839000609375 0.5385960937500001 0.6342087890625 0.5418934875 0.6800110515625 0.5131257 0.67857583125 0.5057509203125 0.621069871875 0.49947740625000003 0.5810782359375 0.5270298
0 0.6453967234375 0.5335421640625 0.6488970515625 0.5414242375 0.69339515625 0.5459370234375001 0.742093221875 0.5207498828125 0.7385379359375001 0.5124767703125 0.6886752015625001 0.5095154578125001 0.6453967234375 0.5335421640625
0 0.6400595625000001 0.49840362968749996 0.693325390625 0.5028804796874999 0.754390846875 0.46638491562500006 0.75178885 0.4563827765625 0.692780034375 0.4479279015625 0.6352762046875 0.4899043484375 0.6400595625000001 0.49840362968749996
0 0.7118310218749999 0.444452934375 0.7763017 0.4577228703125 0.8567246296875 0.40574639218749997 0.8552407921875 0.39518834375 0.79172974375 0.377397153125 0.71079318125 0.43423096875 0.7118310218749999 0.444452934375
0 0.7876058890625 0.447361396875 0.78931589375 0.45669137031249996 0.8421716625 0.46959986249999996 0.9278915828125 0.42126532812499995 0.9236641359375 0.41388420625 0.870924621875 0.39896556250000004 0.7876058890625 0.447361396875
0 0.707616275 0.5052584140625 0.7571915437500001 0.5118489890625 0.81919760625 0.47920885625 0.82172773125 0.4716755453125 0.7624990875 0.4616565140625 0.702160753125 0.49765112499999997 0.707616275 0.5052584140625
0 0.327764621875 0.5866161828124999 0.3320762015625 0.5926283328124999 0.34320343750000004 0.57089504375 0.4079906796875 0.5721896671875 0.408222878125 0.5671146703125001 0.339683678125 0.5660322015625 0.327764621875 0.5866161828124999
0 0.4068597515625 0.584324225 0.408379915625 0.5951407515625 0.42082518125 0.57605855625 0.47829226562500005 0.5746001859375001 0.4784375984375 0.568907103125 0.422433875 0.5673234796875 0.4068597515625 0.584324225
0 0.4893794140625 0.5705208078124999 0.4819039015625 0.577874378125 0.4845583390625 0.5945193015625 0.5158920250000001 0.5954731515625 0.54126366875 0.5786711921875 0.5399990953125 0.571915665625 0.4893794140625 0.5705208078124999
0 0.526457975 0.5876852484375 0.52728320625 0.593557078125 0.5685881453125 0.595945890625 0.5972239578125 0.5799457734375 0.597857078125 0.573238690625 0.548294828125 0.5726406625 0.526457975 0.5876852484375
0 0.50859525625 0.6018561578125 0.507770025 0.5959843296875 0.48446646250000003 0.596107953125 0.4862806359375 0.6135012640624999 0.49113345781250006 0.6143949828124999 0.50859525625 0.6018561578125
0 0.49687498750000003 0.6126426203124999 0.5375184046875 0.6148092546874999 0.5583362484375 0.601483621875 0.5603742656249999 0.59804571875 0.5195136828125 0.594333865625 0.49604975468749996 0.606770790625 0.49687498750000003 0.6126426203124999
0 0.5122870828125 0.6281248671874999 0.5323949625 0.6164747515625 0.531965640625 0.6111775765624999 0.49078599218749996 0.611922634375 0.47618243125 0.629102125 0.5122870828125 0.6281248671874999