0 0.08550699218749999 0.4717973875 0.08330356093749999 0.48172019375 0.11880675624999999 0.46137130624999995 0.21296268437500002 0.49853929687500004 0.2169033625 0.4914102140625 0.12131265625000001 0.454091421875 0.08550699218749999 0.4717973875
0 0.20932348906249998 0.510204475 0.20676473281250002 0.5215494890625 0.233862075 0.5107340625 0.30360521406249996 0.5361684609374999 0.30539999687499997 0.5288421921875 0.23229555624999998 0.49963863750000004 0.20932348906249998 0.510204475
0 0.30786495625 0.53992889375 0.3031181515625 0.5632761921875 0.33274461093749996 0.573727353125 0.373157990625 0.564446834375 0.37480405 0.5575118375 0.3192750390625 0.536083753125 0.30786495625 0.53992889375
0 0.3204389640625 0.5751854625 0.3223479046875 0.5701124203125 0.30266458125 0.5632285203125 0.297857159375 0.5806078953125 0.3204389640625 0.5751854625
0 0.2790728265625 0.5978939796875 0.3050346265625 0.6061256453125 0.33351284375 0.6013229515625 0.336734825 0.5968464953125 0.2991470484375 0.5857878578125 0.294684221875 0.5933439609375 0.2790728265625 0.5978939796875
0 0.29974295 0.580118228125 0.297248996875 0.584212621875 0.34100833124999996 0.5998178546874999 0.37971571875 0.595861 0.3794759890625 0.5894156703125 0.3335918203125 0.5722113656250001 0.29974295 0.580118228125
0 0.386657496875 0.5647192375000001 0.34777168125 0.5725552765625 0.344024621875 0.5776644156249999 0.3902670171875 0.5958235328125 0.432865165625 0.58975341875 0.4323387171875 0.5816729203125 0.386657496875 0.5647192375000001
0 0.26684311250000003 0.3611053984375 0.19475355156250002 0.4041986875 0.1937906046875 0.4172799703125 0.21131226406249998 0.42694867500000006 0.2148068 0.4211366734375 0.261508334375 0.392265065625 0.2936346359375 0.40800026093749997 0.30010735 0.38561120937500004 0.26684311250000003 0.3611053984375
0 0.47685455781249997 0.397184890625 0.45409964843750006 0.38243466718749997 0.45872719999999995 0.35408433906250003 0.3853332046875 0.2841654328125 0.2836097984375 0.34268195625 0.28204730312500004 0.36146756562500004 0.3038160109375 0.37776194687500003 0.30297785 0.366139171875 0.37095129843749997 0.3308523203125 0.44588821875000006 0.393930196875 0.44158123906249996 0.41531101875000004 0.47685455781249997 0.397184890625
0 0.6340390046875 0.340493428125 0.6609482140625 0.3296163875 0.660860275 0.3148054078125 0.6368229328125 0.2722789734375 0.44541835 0.2521615421875 0.411548578125 0.26667319218749996 0.4105537109375 0.29178640312500004 0.4551934828125 0.33649774374999997 0.4698562578125 0.3013086265625 0.5411088312500001 0.2649405734375 0.5964725265624999 0.2702113203125 0.6351218125 0.3301911984375 0.6340390046875 0.340493428125
0 0.659702325 0.372028328125 0.697928640625 0.440754103125 0.7255166578125001 0.4347948828125 0.72769943125 0.41769179375 0.6789252515624999 0.33938372499999997 0.6375232046875 0.348513034375 0.6356230140625 0.37758599375 0.659702325 0.372028328125
0 0.52804371875 0.524391590625 0.4697893578125 0.5371155078125 0.4523442734375 0.52736634375 0.4508552625 0.5415333312499999 0.49761731249999996 0.5664257187499999 0.5620136140625 0.5562320171875 0.5618355968750001 0.5471668921874999 0.52804371875 0.524391590625
0 0.6271091703125 0.5086996171875 0.6095305640625 0.5108795890625 0.603562128125 0.5028167875 0.5413924 0.5136319703125001 0.5397323609375 0.5205831734374999 0.5854590468749999 0.5542017796875001 0.6642236890625 0.5417228578125 0.6643837984375 0.5343041921875 0.635285159375 0.5046019515625 0.6271091703125 0.5086996171875
0 0.7022445359375 0.49243130781250005 0.653654221875 0.5037443078125 0.6867373390625 0.5397517656249999 0.7921602171875 0.52418830625 0.792029540625 0.51364095625 0.769218628125 0.47127765625 0.7028555390625 0.4807226625 0.7022445359375 0.49243130781250005
0 0.509271190625 0.5641586125 0.5083279218750001 0.5711938156249999 0.5447160328125 0.59152926875 0.6053247078124999 0.5850576796875 0.6074667421875 0.576313928125 0.573147415625 0.5537498515625 0.509271190625 0.5641586125
0 0.5924058203125 0.5508818718749999 0.5919081562499999 0.5575562296875 0.6267160765625001 0.583229234375 0.6982111468750001 0.5740289234375 0.7005547921875 0.5653063609375 0.67048988125 0.5391126765625 0.5924058203125 0.5508818718749999
0 0.70019998125 0.5357125046875 0.69760144375 0.54298140625 0.7217778578125 0.57283679375 0.8163940375 0.56280519375 0.815819465625 0.552756721875 0.797383215625 0.520650915625 0.70019998125 0.5357125046875