0 0.5118429640625 0.48478073593750004 0.4828037296875 0.485720221875 0.48063009062499995 0.50209075625 0.5083474234375001 0.50056171875 0.5255572515625 0.54245084375 0.523321809375 0.55310705625 0.5517915328125 0.5513542218749999 0.555511715625 0.542385665625 0.5286393656249999 0.47847433125 0.5133468984375 0.4782731046875 0.5118429640625 0.48478073593750004
0 0.340724678125 0.38581042656250003 0.3574643421875 0.4101499171875 0.3606350515625 0.3982327609375 0.45824528750000004 0.390491603125 0.48975473437500006 0.45842875625 0.4847744515625 0.47252208281249997 0.5232089578125 0.47288277343749996 0.527782565625 0.45907420312499997 0.489170871875 0.3545948015625 0.344830653125 0.3726323265625 0.340724678125 0.38581042656250003
0 0.5637268203125 0.3926935015625 0.6865325046875 0.38155277656250003 0.6922987171874999 0.462060971875 0.7037883171875 0.4615916515625 0.707979290625 0.3286566578125 0.5259578 0.35216973125 0.525167021875 0.3687841015625 0.55611201875 0.4722681203125 0.5637268203125 0.3926935015625
0 0.21924342968750002 0.41572080937500006 0.299263109375 0.406660284375 0.338070965625 0.459487003125 0.35028869687499997 0.43062895625 0.31042365625 0.37975461093749996 0.194898875 0.396100259375 0.18977579218750001 0.40696023124999997 0.20987072968749998 0.43046549062499995 0.21924342968750002 0.41572080937500006
0 0.0064106734375 0.41989893437500003 0.0042771109375 0.43199896718749997 0.0409621578125 0.42813007656249996 0.045069820312499995 0.4270720484375 0.134027265625 0.49266259687499997 0.1395779046875 0.48544265312499996 0.0436042734375 0.41718910625000005 0.0064106734375 0.41989893437500003
0 0.13099851406250002 0.501753071875 0.1256725171875 0.515785440625 0.1602223140625 0.5118965125 0.22003526875 0.5527425828125 0.22458968124999998 0.5471292984375 0.15820729375 0.49906497187500004 0.13099851406250002 0.501753071875
0 0.21050310625000002 0.590629303125 0.22134304062500001 0.5978876343749999 0.28088621406250003 0.59983156875 0.283975925 0.5903953765625001 0.233457203125 0.555465696875 0.2264619015625 0.5567274828125 0.21050310625000002 0.590629303125
0 0.23917743281249998 0.59782414375 0.23570108437499998 0.6054098406249999 0.276660853125 0.6318812046875 0.330428746875 0.63423265625 0.3335184578125 0.624796465625 0.2969310703125 0.5998089984375 0.23917743281249998 0.59782414375
0 0.20682384531250003 0.6013873953125 0.19529585625 0.6182472890625 0.21384340468750002 0.6282905359375001 0.2602289390625 0.6270232640625 0.26376666718749997 0.6221218687500001 0.221647834375 0.5961590593749999 0.21194777031249998 0.596587459375 0.2117248171875 0.6018951046875001 0.20682384531250003 0.6013873953125
0 0.42826278125000006 0.6272438890625 0.4509814828125 0.6540635 0.5145104 0.6556408375 0.5168276828125 0.64856369375 0.498989915625 0.6243870406250001 0.43015335156249995 0.622586753125 0.42826278125000006 0.6272438890625
0 0.5172727453125 0.6318883640624999 0.534581921875 0.6570412046875 0.6037441625 0.661037703125 0.6052071765625 0.6527405374999999 0.5967437953125 0.625939275 0.5182681265625 0.6242216703125 0.5172727453125 0.6318883640624999
0 0.6273337953125 0.66270194375 0.704976078125 0.667124309375 0.7080214921875 0.6316584421875 0.6329010953124999 0.6291066078124999 0.6209438625 0.6302063999999999 0.6273337953125 0.66270194375
0 0.6887782921875 0.5911930984375 0.6885152625 0.6007712453125 0.6076805453125 0.5982812125 0.6160019703125 0.6279091546875 0.7070453046875 0.63112985 0.7077099453125 0.5849067328124999 0.692417478125 0.5847055046875 0.6934554671875001 0.59094841875 0.6887782921875 0.5911930984375
0 0.514628096875 0.6246492265625 0.593632359375 0.6253906453125 0.596336278125 0.6201639953125 0.58323495625 0.5832768781250001 0.5221260453125 0.5821262546875 0.5209678249999999 0.58869484375 0.49666756875000007 0.5951039703125 0.514628096875 0.6246492265625
0 0.43226265625 0.582321790625 0.40173868125 0.581573621875 0.40133285 0.5879184140625 0.395579296875 0.598310753125 0.418561871875 0.6216122546875 0.49050987343749997 0.6239611734375 0.49307099218749995 0.61550116875 0.47921981249999995 0.59701795625 0.4729359796875 0.5962664109375 0.4450758453125 0.5945620921875 0.44102829843749997 0.58921436875 0.43226265625 0.582321790625