0 0.528597946875 0.7042613953125 0.46918974843749994 0.64012754375 0.45096223281250003 0.6455282890625 0.45062468593749994 0.658355059375 0.5215094687499999 0.740716425 0.5491882890625 0.7397037859375 0.6379630390625 0.6826584140625 0.6362753062500001 0.6705067359375 0.6011704625000001 0.6458658359375 0.600157821875 0.6651059906250001 0.528597946875 0.7042613953125
0 0.7318009890625 0.6202122953125 0.7348389078124999 0.60806061875 0.705134809375 0.5911832890625 0.7020968890625 0.6046851531249999 0.6457266109375001 0.6323639734375 0.6072463 0.60434760625 0.60420838125 0.626288134375 0.654502821875 0.6691565500000001 0.7318009890625 0.6202122953125
0 0.4408358359375 0.609073259375 0.39931760625 0.5618167374999999 0.38547819687499996 0.56485465625 0.3864908359375 0.5753186 0.43746037031249996 0.633714159375 0.4722276671875 0.61919965625 0.46952729531250004 0.5952338484374999 0.4408358359375 0.609073259375
0 0.48437934531250004 0.4595401234375 0.42834661250000006 0.47270443906250004 0.40674363125 0.45751484375 0.40404325781250006 0.4696665203125 0.42463360000000006 0.4828308375 0.48437934531250004 0.4662910546875 0.48437934531250004 0.4595401234375
0 0.334171115625 0.4993706203125 0.3071673890625 0.47101670625000003 0.305142109375 0.4774300921875 0.330458103125 0.50679664375 0.40674363125 0.48688139531249996 0.40235552500000005 0.48148065000000007 0.334171115625 0.4993706203125
0 0.855680584375 0.550340153125 0.7638679140625 0.5094970171875 0.7091853687499999 0.5385260234375 0.7243749640625 0.54763978125 0.7993103046875001 0.5925334765625 0.8533177578125001 0.5604665515625 0.855680584375 0.550340153125
0 0.8631066093750001 0.550340153125 0.9069876656250001 0.5236739734375 0.9080003046874999 0.514560215625 0.8178753671875001 0.482493290625 0.773656765625 0.5040962718750001 0.772644125 0.5132100296875 0.8631066093750001 0.550340153125
0 0.729100615625 0.449751271875 0.68319428125 0.4656159609375 0.683869375 0.4740546265625 0.7500285046874999 0.5020709921875001 0.7942471062500001 0.4811431046875 0.7962723859375 0.4740546265625 0.729100615625 0.449751271875
0 0.6210857109375 0.4902568625 0.621760803125 0.497345340625 0.68690729375 0.5314375453125 0.7409147468749999 0.5078092843750001 0.7405771999999999 0.49903307343750003 0.6771184421875 0.47101670625000003 0.6210857109375 0.4902568625
0 0.49518083593749995 0.4625780421875 0.5515511140625 0.4470509 0.550200928125 0.44029996718750003 0.5123957109374999 0.420722265625 0.48876745 0.4264605578125 0.48876745 0.45683975 0.49518083593749995 0.4625780421875
0 0.5626901515625 0.446038259375 0.6082589406250001 0.431186209375 0.6092715796875 0.424435278125 0.5691035359375001 0.40823304218749995 0.5221845625 0.41970962656250005 0.524209840625 0.42713565156250005 0.5626901515625 0.446038259375