0 0.7433991171875001 0.4681356359375 0.744664390625 0.4593333046875 0.71069004375 0.48260485 0.6322151953125 0.45419937343749994 0.6300530953125001 0.46193290468750003 0.712661909375 0.4911952265625 0.7433991171875001 0.4681356359375
0 0.6385629125000001 0.450362678125 0.64001240625 0.43662478125000004 0.6103592546875001 0.450123434375 0.5525849765624999 0.428480703125 0.551961584375 0.43560610468750005 0.6187409046875 0.459027009375 0.6385629125000001 0.450362678125
0 0.5851592921875 0.3637877109375 0.557021915625 0.3566224203125 0.5284246375 0.3629849390625 0.5276886000000001 0.3672623203125 0.5578390109375 0.37623189375 0.5581845671875 0.372282165625 0.5851592921875 0.3637877109375
0 0.557524196875 0.3848879015625 0.5599410578125 0.3758730765625 0.5217587796875 0.3656580828125 0.4864088265625 0.37269617187500004 0.48566383750000003 0.37914365625 0.5302061124999999 0.39317140781250004 0.557524196875 0.3848879015625
0 0.5510860296875 0.42206363593749996 0.5555000531250001 0.40056003125000006 0.5288774765625 0.3926227328125 0.4900827828125 0.4038821265625 0.48950162031250005 0.4105248515625 0.5430408140625 0.4313096734375 0.550958175 0.4276605765625 0.5510860296875 0.42206363593749996
0 0.5187112015625 0.3974940578125 0.5188547625 0.3917175828125 0.47722538437499995 0.375411975 0.434379965625 0.385412440625 0.4324096609375 0.3913909078125 0.48047081562500005 0.4086210390625 0.5187112015625 0.3974940578125
0 0.6499744953125 0.5457203421875 0.658224578125 0.5382848421875 0.6324283890625 0.52480970625 0.5925729 0.568852340625 0.557867490625 0.550497190625 0.5569423546875 0.5771566765625 0.5919576046875 0.596297696875 0.6499744953125 0.5457203421875
0 0.37629351718750004 0.5971956671875 0.38840632343750003 0.6079005828125 0.3893777578125 0.622737028125 0.47539202812500003 0.6966438515625 0.5738973671875 0.621292128125 0.57767666875 0.6040344984375 0.5516845578125 0.5898458468750001 0.551410178125 0.5994670234374999 0.4853363359375 0.6413448625 0.41355359687500004 0.599320775 0.41750875781249996 0.5735680750000001 0.37629351718750004 0.5971956671875
0 0.28080584375 0.5426339265625 0.3629440546875 0.593566425 0.4172080578125 0.5699457265625 0.4139913 0.5418634765625 0.3679548765625 0.5622324484375001 0.320453903125 0.5280063765625 0.31891941562500004 0.5131206703125 0.285610428125 0.5265517562500001 0.28080584375 0.5426339265625
0 0.09711171406249999 0.6173266125 0.15916518125 0.7013852234375 0.20030842187500003 0.677481890625 0.197823684375 0.65400259375 0.18014389375 0.66153363125 0.1352961125 0.6099514078125 0.12314018593750001 0.5861134078125 0.09435984375 0.5933028171875 0.09711171406249999 0.6173266125
0 0.33149389375 0.4654809765625 0.3815007140625 0.44995437968749996 0.3901644578125 0.4562405890625 0.409983384375 0.44876080468749996 0.409987859375 0.4402845765625 0.3603829328125 0.41751727499999997 0.29283391718749996 0.4355631640625 0.2924316921875 0.4443731421875 0.33149389375 0.4654809765625
0 0.34603804375 0.4230346265625 0.3490965078125 0.4133513953125 0.307679815625 0.3938803125 0.2408805375 0.4075692109375 0.2394770625 0.41518594374999995 0.277807765625 0.4362297796875 0.34603804375 0.4230346265625
0 0.20793671875 0.504573571875 0.2297581421875 0.4913576953125 0.2331074453125 0.504302253125 0.31129714375 0.4819067453125 0.31085811093750004 0.470074778125 0.3179673390625 0.46885401250000003 0.26787314375000004 0.43904148281250005 0.1704256125 0.4621284296875 0.1665954046875 0.472923965625 0.20793671875 0.504573571875
0 0.11036414531250001 0.5458905875 0.10819236562500001 0.5328013796875 0.18812026875 0.5049010875 0.1419257765625 0.4674676875 0.0019120718750000002 0.503450828125 0.005798843749999999 0.52028070625 0.04138715 0.565855590625 0.11036414531250001 0.5458905875
0 0.26076791093749996 0.4378771890625 0.252999746875 0.4277159109375 0.2120449546875 0.410516159375 0.13019972500000002 0.4276798390625 0.12930375624999998 0.4379208125 0.16392673124999999 0.463431396875 0.26076791093749996 0.4378771890625
0 0 0.505345953125 0.1278165265625 0.47324146562499997 0.12986710625 0.46393921562499996 0.0958182640625 0.43375210781250007 0.002150434375 0.45358994687500004 0 0.4781695265625 0 0.505345953125
0 0.172315121875 0.7064186375 0.18571016093749998 0.7141983625 0.428959171875 0.73547989375 0.451864684375 0.7177711171875 0.451834334375 0.695926896875 0.39430312500000003 0.6544909578125 0.39465881875000003 0.69480763125 0.3422824296875 0.7275986359375 0.22050136718750002 0.7159734375 0.20478624375 0.6903301359375 0.172315121875 0.7064186375