0 0.33376536562500003 0.455453140625 0.3981035046875 0.446802634375 0.396121096875 0.44157628750000005 0.3362884296875 0.45094766875000003 0.3195280734375 0.43328621875 0.3189874171875 0.437791690625 0.33376536562500003 0.455453140625
0 0.41270123437499995 0.4439191328125 0.4685690875 0.4334664375 0.46838886874999996 0.42950162187499996 0.41540451718750004 0.4361697203125 0.3977430671875 0.42265330468749995 0.3968419734375 0.4300422796875 0.41270123437499995 0.4439191328125
0 0.4781206875 0.43130381093750003 0.5305643812499999 0.424275275 0.52930285 0.41634564375 0.5022700171875 0.403369884375 0.4712723703125 0.408055575 0.4712723703125 0.41985991250000004 0.4781206875 0.43130381093750003
0 0.473975653125 0.38949303125 0.4802833140625 0.38985346875000004 0.48190528437499996 0.385888653125 0.49073600937500006 0.38462712187500003 0.49055579062500004 0.3869699671875 0.49812498281249995 0.385528215625 0.49830520156249997 0.38336558906249996 0.507316146875 0.38228427656249997 0.5071359265625001 0.38516777812499997 0.5152457765625 0.3839062453125 0.5157864328125 0.380842525 0.49488104374999997 0.3707502671875 0.45991858125 0.375796396875 0.47361521562500003 0.385347996875 0.473975653125 0.38949303125
0 0.5064150515625 0.4048116359375 0.5464236437500001 0.3970622234375 0.5473247375 0.393998503125 0.5202919046875001 0.3831853703125 0.482445940625 0.3876908421875 0.481544846875 0.39309740937500004 0.5064150515625 0.4048116359375
0 0.542098390625 0.42175221093750004 0.5849904828125 0.4143632359375 0.586792671875 0.40877645156250003 0.5547137109375 0.3965215671875 0.5127227125 0.40300944687499995 0.5127227125 0.40841601406250005 0.542098390625 0.42175221093750004
0 0.621214478125 0.4832068484375 0.6761812359375 0.4704113078125 0.67726255 0.463202553125 0.6284232328125 0.4404949734375 0.5765201953125 0.45184876406249996 0.5757993203125 0.4574355484375 0.621214478125 0.4832068484375
0 0.6875350250000001 0.4657256171875 0.735293028125 0.45509270312499994 0.7361941234375 0.446442196875 0.6853723984375 0.429141184375 0.6394165843749999 0.43869278593749994 0.6401374609375 0.4446400078125 0.6875350250000001 0.4657256171875
0 0.768813740625 0.5012287359375 0.8162113062499999 0.4864507890625 0.8187343703125001 0.47743984375000004 0.752233603125 0.4527498578125 0.7035745062500001 0.4664464921875 0.70429538125 0.47401568593750004 0.768813740625 0.5012287359375
0 0.882171415625 0.5495273968750001 0.929893375 0.5268198171875 0.9327768765625001 0.5181693109375 0.84248721875 0.48518925625 0.7933235078124999 0.50321114375 0.7933235078124999 0.51060011875 0.882171415625 0.5495273968750001
0 0.804821471875 0.58052504375 0.8655552343749999 0.5543933062499999 0.8684387375 0.5444812671875 0.7792303921875 0.5055539890625 0.7193977234375 0.5262791609375 0.7190372859374999 0.5345692296875 0.804821471875 0.58052504375
0 0.6983481578124999 0.5255582859375 0.7578203890624999 0.507356178125 0.7572797328124999 0.499426546875 0.6929415921875 0.47005087031250004 0.6368935203125 0.4839277234375 0.6365330828125 0.4931188875 0.6983481578124999 0.5255582859375
0 0.6498692796875 0.6419796812499999 0.7343919343749999 0.6032326218749999 0.7360139046875 0.5916986140625 0.7102426046875 0.5760195718750001 0.7084404156249999 0.5906173 0.6487879671875 0.6144061921875 0.6154474734375001 0.589896425 0.612744190625 0.610441378125 0.6498692796875 0.6419796812499999
0 0.5357907296875 0.6610828828125 0.4891140390625 0.6095402828125 0.490195353125 0.593500803125 0.4536109203125 0.6053952484375 0.45469223281250004 0.6167490390625 0.5143446828125 0.698027753125 0.6257199499999999 0.6499093125 0.626440825 0.637113771875 0.6111222203125 0.6259402015625 0.6102211265624999 0.6291841406249999 0.5357907296875 0.6610828828125
0 0.44405931875000004 0.5734965078125 0.41468364218750003 0.540876890625 0.41486386093750005 0.5365516375 0.4008067875 0.5392549203125 0.40170788281250003 0.550428490625 0.44189669218749994 0.6025117468750001 0.49055579062500004 0.585210734375 0.49055579062500004 0.5601603093749999 0.44405931875000004 0.5734965078125
0 0.399725475 0.5212330328125 0.378820084375 0.4954617328125 0.378820084375 0.489874946875 0.36584432499999997 0.49365954375000004 0.3662047640625 0.5008682984374999 0.3928771578125 0.53709229375 0.41486386093750005 0.5313252890625 0.41486386093750005 0.516727559375 0.399725475 0.5212330328125