0 0.4978461671875 0.414347515625 0.47008048437500005 0.4008010015625 0.45925772187499997 0.4049317671875 0.4609551734375 0.4106862515625 0.4987716375 0.428617853125 0.523164990625 0.416418171875 0.524518590625 0.40483772343749996 0.4978461671875 0.414347515625
0 0.582031821875 0.4227452515625 0.55484098125 0.44030515000000003 0.524721740625 0.4262018453125 0.5251987734375 0.41933679531249995 0.508318303125 0.4270528265625 0.5076373640625 0.43296155625 0.555105078125 0.4531285890625 0.5901421203125 0.43513078437499997 0.5915340921875 0.429246884375 0.582031821875 0.4227452515625
0 0.593157809375 0.4167266703125 0.5821010453125 0.4139675578125 0.58141183125 0.420113296875 0.5977625984375 0.42756598749999997 0.629398715625 0.4118224234375 0.629801259375 0.40709047343749993 0.6178709390625 0.4021651515625 0.593157809375 0.4167266703125
0 0.6401815953125001 0.44281070937499994 0.6050783421875 0.46270460468749997 0.6041024562499999 0.4702641359375 0.6605984171875 0.49691625000000006 0.696162153125 0.47063132812499997 0.6958950453125 0.4646894921875 0.6401815953125001 0.44281070937499994
0 0.710178925 0.470171603125 0.6799810500000001 0.495694703125 0.67674528125 0.50341261875 0.7487267328125 0.535114203125 0.7764058921875 0.5035706390625 0.7778061421875 0.497449728125 0.710178925 0.470171603125
0 0.3969922140625 0.4891347203125 0.3967905625 0.5017045953125 0.42296036875 0.5201786875 0.4790146703125 0.49152440625000005 0.47844433906250006 0.4874703859375 0.4302640796875 0.5080941234374999 0.3969922140625 0.4891347203125
0 0.405721746875 0.5245600078125 0.3988597078125 0.5172013703125 0.3974429046875 0.5237963031249999 0.33131825937500003 0.5554211234374999 0.29679813125 0.531434825 0.2975971984375 0.535734134375 0.3358485578125 0.5683935421874999 0.405481725 0.5314333343750001 0.405721746875 0.5245600078125
0 0.41644217968749997 0.5301549796875 0.347029471875 0.5675974874999999 0.34742599375 0.5766287453125 0.40325154999999996 0.622478775 0.47512014843749995 0.5758673171875001 0.47394637968750003 0.56870731875 0.41644217968749997 0.5301549796875
0 0.434752996875 0.522251596875 0.43424285781250005 0.5300646921875 0.4899089015625 0.5668917390625 0.5453048390624999 0.5299089578125 0.5452581890625 0.5244494203125 0.489647071875 0.4928449 0.434752996875 0.522251596875
0 0.56123425625 0.5290414234374999 0.5074560124999999 0.5672671984375001 0.5072242671875 0.5739035140625 0.5765346375 0.6209363437500001 0.628910375 0.5753052828125 0.6305890171875 0.5680075921875 0.56123425625 0.5290414234374999
0 0.41469129374999997 0.6278615656250001 0.41485080625000004 0.636884546875 0.48813468593750003 0.699243353125 0.55867828125 0.6362119046875 0.5585022171875 0.627662946875 0.4864056484375 0.57887171875 0.41469129374999997 0.6278615656250001
0 0.37818553593750004 0.6403501734375 0.377772459375 0.6317929375 0.322633859375 0.5812208921875001 0.22901515 0.6322934250000001 0.22923259687500003 0.639657328125 0.28025321718749996 0.7062219921875 0.37818553593750004 0.6403501734375
0 0.1816505203125 0.581992853125 0.2212434375 0.6305982296875 0.31385616562499996 0.58115166875 0.31148078749999997 0.574424309375 0.306760125 0.5669031515625 0.30471505625 0.571103140625 0.21574853749999998 0.618066728125 0.18013515468750002 0.5710241203125 0.1816505203125 0.581992853125