0 0.276019503125 0.452337196875 0.34641903749999997 0.4449139015625 0.3460234625 0.4365585890625 0.27881795 0.4466496484375 0.2658205296875 0.42429856718750003 0.261170971875 0.43350075468749993 0.276019503125 0.452337196875
0 0.36193313437499997 0.44044839218750004 0.42058005156249995 0.43463172656250004 0.42043249375 0.42684504843750004 0.36277765 0.43493626250000006 0.34566909218749997 0.41681483750000003 0.344009096875 0.42728497968749996 0.36193313437499997 0.44044839218750004
0 0.431019975 0.43156720625 0.4828711109375 0.4228940125 0.48254931562500003 0.4184320375 0.4561526265625 0.402602034375 0.42340282656249995 0.4072755375 0.42292602031250004 0.4269757296875 0.431019975 0.43156720625
0 0.4460176234375 0.3998483265625 0.4195192953125 0.385957734375 0.42257164999999997 0.407231978125 0.4466309984375 0.40404776406250004 0.4460176234375 0.3998483265625
0 0.4070493078125 0.3747470703125 0.4230908359375 0.38142197968749997 0.42415668906250004 0.3875898671875 0.4277439296875 0.3880556859375 0.4677262890625 0.3832055875 0.4673609328125 0.3795747859375 0.44567541562499996 0.36927025625 0.4070493078125 0.3747470703125
0 0.45548235000000004 0.4047894625 0.49857043437500004 0.39899085 0.4992250125 0.39180185 0.47250888281250003 0.382067134375 0.43445141249999997 0.38729593281249997 0.4329656578125 0.394441371875 0.45548235000000004 0.4047894625
0 0.49179506406250006 0.42225042031250004 0.5368806375 0.41544521406249996 0.5369520578125 0.408781290625 0.506793890625 0.3958101703125 0.467307565625 0.40179754218749997 0.465544753125 0.40892846250000003 0.49179506406250006 0.42225042031250004
0 0.57074064375 0.48500768125000004 0.62337821875 0.4719305921875 0.6236540984375 0.46666648125 0.5791155734375 0.4418289421875 0.5274108140625 0.4530101828125 0.5269316546875 0.46215311249999996 0.57074064375 0.48500768125000004
0 0.63327854375 0.4685599734375 0.677794303125 0.45672415468749994 0.6789158796875 0.4512265453125 0.6329932390625 0.4315950375 0.589803515625 0.439333059375 0.5890618171875001 0.44818441093750006 0.63327854375 0.4685599734375
0 0.707886940625 0.502752353125 0.753976753125 0.48738737343749994 0.7549374296875 0.47965877656250006 0.694461371875 0.45676418124999996 0.6499601328125 0.4683229421875 0.64983063125 0.47609509843750003 0.707886940625 0.502752353125
0 0.644986040625 0.5261265203125001 0.7001304828125 0.507624421875 0.70106211875 0.5004499421874999 0.6414160578125 0.47232027656250003 0.58804895 0.4834143953125 0.5856303796875 0.49245568593750005 0.644986040625 0.5261265203125001
0 0.743017259375 0.5798825187500001 0.7970813296875 0.5554895921874999 0.7982162484375 0.5444362953125 0.718547021875 0.5060892171875 0.6658815859375 0.524999053125 0.6637400734375001 0.5340548625 0.743017259375 0.5798825187500001
0 0.8077390531249999 0.548269196875 0.85498291875 0.526574853125 0.8550833796875 0.5193568125 0.77560526875 0.4879652375 0.732326165625 0.5029218796875 0.7316425468750001 0.510664996875 0.8077390531249999 0.548269196875
0 0.3133065109375 0.4895800640625 0.31232520468749997 0.5023415078125 0.3396103046875 0.536272403125 0.36744410312500003 0.5299183843749999 0.365734865625 0.514828371875 0.345609403125 0.517211240625 0.32719891093750003 0.48687053437500005 0.3133065109375 0.4895800640625
0 0.3671991078125 0.5345931796875 0.34823859375 0.5385996484375 0.3472736171875 0.5510494375 0.38697981875 0.604381840625 0.44161313281250003 0.5875569781250001 0.44018023125 0.561231121875 0.393976559375 0.5722475796875 0.364690875 0.5407119125000001 0.3671991078125 0.5345931796875
0 0.48969625624999996 0.6574903562500001 0.4416267359375 0.6093618390625 0.44494166562500004 0.589988721875 0.403624915625 0.6031542625 0.40101270937500005 0.6164318625 0.462446459375 0.694772671875 0.573359484375 0.6480771890625 0.575991721875 0.6344173671875 0.559492846875 0.6201381968749999 0.5575232703124999 0.6284669484375 0.48969625624999996 0.6574903562500001
0 0.5651178890625 0.5859385625 0.5621250843750001 0.6064783734375 0.595747059375 0.637752328125 0.6781569640625 0.6010612046875 0.6805287921875001 0.5923702640624999 0.6570080843749999 0.5731238375000001 0.654697971875 0.5879503546875 0.5972494125 0.6090857046875 0.5651178890625 0.5859385625