0 0.4663744296875 0.4530272015625 0.46665186875 0.46051804687500003 0.48635001562499997 0.498527146875 0.506880478125 0.49603019843749996 0.5071579171875 0.481048509375 0.4985573171875 0.4807710703125 0.482188434375 0.44914306093749995 0.4663744296875 0.4530272015625
0 0.49162134999999996 0.502966165625 0.49162134999999996 0.5121216421875 0.5240816765625 0.5684416953125 0.556542003125 0.562892921875 0.5570968796875 0.5373685625 0.530462765625 0.5434722140625 0.5063256 0.5026887265625 0.49162134999999996 0.502966165625
0 0.5351792234375 0.57676485625 0.53406946875 0.5875849640624999 0.5820663609375 0.67913973125 0.70663633125 0.648621475 0.7091332796875001 0.6358592953125 0.6805570953125 0.602289215625 0.675285759375 0.628923328125 0.5909443999999999 0.64723428125 0.5551548093750001 0.5753776625 0.5351792234375 0.57676485625
0 0.3873044046875 0.6017343375 0.4047830421875 0.7168713921875 0.550715790625 0.6838561890625 0.550715790625 0.67053913125 0.5357341015625 0.64556965 0.536011540625 0.659441584375 0.4405726328125 0.6819141171875 0.42059704687500005 0.595908125 0.3873044046875 0.6017343375
0 0.372322715625 0.5223868734375 0.3828653859375 0.596463003125 0.4222616796875 0.590636790625 0.4167129046875 0.5612282890625 0.3984019515625 0.5638639578125 0.38785928125 0.520444803125 0.372322715625 0.5223868734375
0 0.429863921875 0.39550351250000004 0.44082530468750003 0.4132787265625 0.503631059375 0.4091311765625 0.5027422984375 0.4043911203125 0.4449728546875 0.40735365625000003 0.43445585312499996 0.387356540625 0.430308303125 0.38720841250000004 0.429863921875 0.39550351250000004
0 0.5062973421875 0.3957997671875 0.516073709375 0.4064648953125 0.5748800421875 0.40068795 0.5728062671874999 0.3929853578125 0.5520685171874999 0.3763951578125 0.50644546875 0.379653946875 0.5062973421875 0.3957997671875
0 0.5868783109375 0.3995029359375 0.6407964609375 0.3943184984375 0.6424258546875 0.387356540625 0.614726146875 0.370766340625 0.56465929375 0.375506396875 0.5642149140625 0.38113521562499997 0.5868783109375 0.3995029359375
0 0.5585860953124999 0.3768395390625 0.60613479375 0.3715069734375 0.6068754265625 0.3663225375 0.58539704375 0.35343550625 0.538440853125 0.35624991562499997 0.5387371078125 0.3636562546875 0.5585860953124999 0.3768395390625
0 0.53444143125 0.35832369062499997 0.5796200984375 0.3535836328125 0.5797682265625 0.3495842109375 0.5616967578125001 0.338030321875 0.5196287515625 0.340696603125 0.51992500625 0.3470660546875 0.53444143125 0.35832369062499997
0 0.6421296015625 0.48289831406249994 0.7161929921875 0.4722331859375 0.7182667671875 0.461716184375 0.6717549578125 0.43135019375 0.6048016515625 0.43920091406250006 0.60406101875 0.4477922671875 0.6421296015625 0.48289831406249994
0 0.733153509375 0.46934471406249995 0.798107103125 0.4587536484375 0.79944024375 0.4498660421875 0.7468552359375 0.42112944687500004 0.6861232562499999 0.4298689265625 0.6855307484375001 0.4374233921875 0.733153509375 0.46934471406249995
0 0.8114385140625 0.52481819375 0.8865387921875 0.51030176875 0.8908344687499999 0.50096978125 0.8169192046875 0.46097555 0.74744774375 0.4714925515625 0.74537396875 0.48097266562499996 0.8114385140625 0.52481819375
0 0.710267921875 0.54451905625 0.7949964406250001 0.5292619968750001 0.7960333281249999 0.5178562343750001 0.732190684375 0.47519572187500003 0.65501663125 0.48586085 0.655312884375 0.49571128125 0.710267921875 0.54451905625
0 0.810549753125 0.6344320125 0.9109797109375 0.6095467140624999 0.9155716421875001 0.5963634296875 0.8176598390625 0.5319282796875 0.7296725296875 0.5483703515625 0.7283393890625 0.5591836078125 0.810549753125 0.6344320125
0 0.9380869125 0.6071766843749999 0.9989670203125 0.59029023125 1 0.557850465625 0.918682303125 0.5145974453125 0.838101334375 0.5292619968750001 0.8351387984375 0.5397789984375 0.9380869125 0.6071766843749999