0 0.08143295625 0.5727874859375001 0.1697146859375 0.5424765687499999 0.16776085624999998 0.5380847140625 0.0824091953125 0.5660666828124999 0.059271892187499994 0.5454130578124999 0.058663995312499995 0.5532650671875 0.08143295625 0.5727874859375001
0 0.1870039421875 0.535918375 0.257981465625 0.5095451625 0.25558931406249996 0.50477228125 0.186218978125 0.524692871875 0.162735953125 0.51332361875 0.16641885781250002 0.5269451546874999 0.1870039421875 0.535918375
0 0.22957169843749997 0.450852021875 0.24646125468750002 0.4566127671875 0.2478943703125 0.4605619265625 0.25300893750000003 0.46338592968750003 0.29734869375 0.4477408453125 0.2966927515625 0.44440518593749995 0.26834067031250003 0.43859608437500003 0.22957169843749997 0.450852021875
0 0.2684611734375 0.506342271875 0.322592978125 0.4856781328125 0.32000029531249996 0.4780375140625 0.284932775 0.4699816671875 0.2530718046875 0.4817545515625 0.25603625 0.4993891890625 0.2684611734375 0.506342271875
0 0.27883925625 0.47016969375000006 0.24782822499999999 0.46220659218750004 0.2527313890625 0.4826890671875 0.2806056109375 0.47427308593750006 0.27883925625 0.47016969375000006
0 0.2616826 0.45805010937499996 0.26066610625000003 0.46419524687499997 0.28698773125 0.47247808750000003 0.3283472046875 0.4600410046875 0.3344982921875 0.45613305468750004 0.33187596406250003 0.45187817187499996 0.33289813437500004 0.451384003125 0.2996082 0.4461423875 0.2616826 0.45805010937499996
0 0.3293697875 0.481616059375 0.3780015234375 0.46471501093749995 0.3774823640625 0.4603130609375 0.33950644375 0.4528508765625 0.2997680109375 0.4672267953125 0.29899836875 0.47332716562500005 0.3293697875 0.481616059375
0 0.42603166718749996 0.5242492578125 0.4756374734375 0.5026120390625 0.4727340390625 0.49200609218749997 0.425991546875 0.48231214375000003 0.379191390625 0.5038069015625 0.3788914546875 0.51192661875 0.42603166718749996 0.5242492578125
0 0.4830213609375 0.496145884375 0.5233019859375 0.476553221875 0.5213596359375 0.4694580234375 0.4758397375 0.4596252484375 0.4352710703125 0.47408870781249995 0.43592140312499994 0.4843989125 0.4830213609375 0.496145884375
0 0.50565929375 0.54904064375 0.5514208578125 0.520965975 0.5501004796875 0.5103563953125 0.4893113359375 0.4972527359375 0.44310697499999996 0.5189950718749999 0.443771175 0.5284935734375 0.50565929375 0.54904064375
0 0.5560202046875 0.5117417718749999 0.5926656828125 0.48980013749999995 0.59156670625 0.482356725 0.534312071875 0.4701628734375 0.49978811562500003 0.48935299062500004 0.49989677656250003 0.49917957968750004 0.5560202046875 0.5117417718749999
0 0.6002472140624999 0.5735775624999999 0.6412887296875 0.540048134375 0.6417557359375 0.5301812906250001 0.56448563125 0.513023759375 0.5229811890625 0.5399330203125 0.52195864375 0.5501279515624999 0.6002472140624999 0.5735775624999999
0 0.64898211875 0.531726490625 0.6820588843750001 0.5042495859375 0.68342359375 0.49894782187500003 0.6094202921874999 0.4830080578125 0.5776277265624999 0.5040318625 0.57627709375 0.51367125625 0.64898211875 0.531726490625
0 0.140537884375 0.602181746875 0.14134902656249998 0.6096452875 0.1857978078125 0.6471828078125 0.21540046249999997 0.629980225 0.20831860781249997 0.6137215265625 0.1844797 0.6225375421875 0.15541063593749999 0.59564616875 0.140537884375 0.602181746875
0 0.218067925 0.6348020812499999 0.1993265265625 0.6439221093749999 0.199757221875 0.6583540328125 0.26080960000000003 0.7019591390625 0.3166559953125 0.665194278125 0.312621328125 0.638823540625 0.258209496875 0.666993246875 0.21824301875000002 0.6414423765625 0.218067925 0.6348020812499999
0 0.44490686718749994 0.6260607359375 0.44592125468750005 0.6488398281250001 0.4895664796875 0.668116478125 0.5533053359375 0.6126959609375 0.5523267625 0.598426565625 0.5281129453125 0.5916075609375 0.5290991828125 0.6057113953125 0.4825425265625 0.6430973703125 0.44490686718749994 0.6260607359375
0 0.4515696125 0.6717063546875 0.385384925 0.7257768421875 0.3217550765625 0.6896461890625 0.3173374203125 0.6731633421875001 0.279301515625 0.7028764625 0.2810737546875 0.714879915625 0.34287938906250004 0.75160456875 0.40048812656250005 0.748321934375 0.4710451546875 0.68340475 0.4643391140625 0.667548359375 0.4533386703125 0.6636532093749999 0.4515696125 0.6717063546875