0 0.465347365625 0.6958135859375 0.57588136875 0.6511786093749999 0.5785562046875 0.6387281421875 0.5628602703125 0.6278415625 0.5618474 0.6348879703125 0.49071496875 0.659583121875 0.44324341875 0.6086558609375 0.446262415625 0.5922716046875001 0.4057887703125 0.6018114921875 0.40514966250000006 0.6136472828125 0.41373035625 0.6243077484375 0.465347365625 0.6958135859375
0 0.66011905625 0.5821921796875 0.6581566578125 0.5961327859375001 0.599301775 0.6179703203125 0.5685578828125 0.5929980078125 0.5642614140625 0.6166377749999999 0.5729592718750001 0.6134373921875 0.5891051953125 0.6269815984375 0.5882575953125 0.6338398 0.6016915359375 0.6444233125000001 0.6838420234375 0.6110067531250001 0.6826410171874999 0.5992652265625 0.66011905625 0.5821921796875
0 0.3658983265625 0.5492712609375 0.3730392078125 0.56103729375 0.36990654375 0.5657149031250001 0.3771456625 0.5735281828125001 0.38075748125 0.571863503125 0.388303784375 0.584655340625 0.3870507640625 0.5904877328125 0.39422539375 0.5990381250000001 0.446249809375 0.5845256937500001 0.4465290390625 0.5615248015625001 0.39696466406250003 0.5705580234375 0.37208067499999997 0.535204684375 0.37238162343750003 0.5317648359375 0.3560454625 0.5345445375 0.356392634375 0.544725859375 0.3623080046875 0.5506902390625 0.3658983265625 0.5492712609375
0 0.372587340625 0.52658356875 0.3732044953125 0.5110397625 0.3572952546875 0.5145995671875 0.3381854078125 0.489654765625 0.3371533640625 0.48164178125 0.3217355296875 0.485244578125 0.3230132765625 0.49327905781250003 0.349423721875 0.5309942000000001 0.372587340625 0.52658356875
0 0.2906782125 0.446875303125 0.3586488484375 0.43970000468750003 0.357380346875 0.43438975781250005 0.2922414265625 0.4403272953125 0.2769431015625 0.4199248875 0.275444378125 0.42573578593750006 0.2906782125 0.446875303125
0 0.372709190625 0.437463946875 0.43246413125 0.430807790625 0.43119562812499995 0.42549754531249995 0.37894076875 0.43132436875 0.35791452343749997 0.41413459531249996 0.35794225625 0.42230729843750003 0.372709190625 0.437463946875
0 0.44416266562500006 0.430098190625 0.49260912343749996 0.42393817343749995 0.49476509999999996 0.4176896109375 0.46682541093749996 0.4031135828125 0.4347212390625 0.4050089296875 0.4340395953125 0.42128984531249997 0.44416266562500006 0.430098190625
0 0.5056375328125 0.42359250625 0.5482454703124999 0.41766443750000004 0.5501926078125 0.41238794062500006 0.5200200921875 0.39786415 0.47930405 0.40197706406249994 0.47811551718749995 0.40707234843749995 0.5056375328125 0.42359250625
0 0.46999805937500005 0.4036387375 0.5110887843749999 0.3980730984375 0.51159244375 0.395146153125 0.486493715625 0.382056596875 0.4468249734375 0.3855183890625 0.44755907656250005 0.3912770484375 0.46999805937500005 0.4036387375
0 0.424471975 0.372173884375 0.43828059843749995 0.381304675 0.43865227031250004 0.3855461203125 0.44241155625 0.3878556890625 0.44593738906249997 0.3871738234375 0.4806920625 0.3832821078125 0.4810789953125 0.378859446875 0.45977029218750004 0.37055798906250004 0.424471975 0.372173884375
0 0.58162505 0.4889179890625 0.633102815625 0.47782390937499997 0.6336832140624999 0.47118991718750003 0.5865939171875 0.446273071875 0.5377021640625 0.4561078921875 0.53888468125 0.46240095156249994 0.58162505 0.4889179890625
0 0.6452620171875 0.474678771875 0.6894209171875 0.4651726328125 0.6925228375 0.4580164921875 0.6443094984375 0.4374578203125 0.6010166875 0.44555422812499995 0.6002335765625 0.45167531875 0.6452620171875 0.474678771875
0 0.65419399375 0.5338900703125 0.7104598578125 0.5190059671875 0.710048196875 0.5095617546875 0.64819820625 0.47790666562500006 0.5961215531249999 0.49018626875000004 0.5948992718749999 0.4984971921875 0.65419399375 0.5338900703125
0 0.7510385703125 0.59287003125 0.8066900640625001 0.5680288124999999 0.80786010625 0.5574850625 0.7286541625 0.5176267515624999 0.672772225 0.533782365625 0.6722870546874999 0.5421577796875 0.7510385703125 0.59287003125
0 0.819448153125 0.56369815 0.8659472718749999 0.5449885578125 0.870471178125 0.5357285671875001 0.789425578125 0.499918240625 0.7404601796875 0.5156886359375 0.7410868015625 0.5226758125 0.819448153125 0.56369815
0 0.7186847078125 0.513288359375 0.7664031875 0.49988471562500003 0.7663969500000001 0.4914663078125 0.70550526875 0.46583707968750004 0.6590490531250001 0.47613256562500006 0.659537453125 0.4818697296875 0.7186847078125 0.513288359375