0 0.5233176265624999 0.68624328125 0.67095348125 0.67035296875 0.6330712359375 0.5657537734375 0.6310560140625 0.5651509156250001 0.6192907 0.5693085250000001 0.6285919625 0.6473968359375 0.527194271875 0.6618953609375 0.5145409640625 0.582146359375 0.5227883515625 0.6784484859375 0.5233176265624999 0.68624328125
0 0.3614187953125 0.640416696875 0.34580469687500004 0.7020490765625 0.34768358906249996 0.7127048031250001 0.49072281562500003 0.6979067171875 0.488230965625 0.587912396875 0.47106604531249996 0.5912207546875 0.47426354687499994 0.5965730406249999 0.473031953125 0.6694736078125 0.37526668750000003 0.6822047640625 0.3614187953125 0.640416696875
0 0.27511509218749997 0.6350689093749999 0.271194940625 0.6256182671875 0.1580809671875 0.640774096875 0.0784796609375 0.74693194375 0.085758346875 0.7594527281250001 0.22439432187500002 0.74205043125 0.27511509218749997 0.6350689093749999
0 0.20868488125 0.565083946875 0.20396089375 0.5574653546875 0.11567794218750001 0.569651396875 0.047348159375 0.63748006875 0.05218433593750001 0.647332628125 0.1572144546875 0.6310667328124999 0.20868488125 0.565083946875
0 0.224549028125 0.5543985484375 0.176051725 0.6212656875 0.1816752328125 0.6323880109375 0.2870749265625 0.6166203875 0.3192111453125 0.55122955625 0.31697851250000003 0.541763078125 0.224549028125 0.5543985484375
0 0.3463158125 0.4940506078125 0.3440831796875 0.48458412968750003 0.2678702515625 0.49492362031250003 0.2349335328125 0.5381998296875 0.2383072390625 0.547746825 0.3239543046875 0.5365889968750001 0.3463158125 0.4940506078125
0 0.2527775984375 0.5051912656249999 0.2515091671875 0.49639992812499995 0.17553712187499998 0.5081055390625 0.129855240625 0.5541925 0.133904084375 0.56277529375 0.21754223125 0.55140825625 0.2527775984375 0.5051912656249999
0 0.48391631406249996 0.392668934375 0.4834018140625 0.41373957343749995 0.42539085 0.42346089375 0.425786009375 0.42762103749999997 0.4889222421875 0.41818034531250003 0.48684101875 0.39198403593750003 0.48391631406249996 0.392668934375
0 0.419485571875 0.41012075625 0.418106265625 0.4032578625 0.362759603125 0.4108174640625 0.3489247890625 0.43406764375 0.35234096875 0.4390486453125 0.41274552187499997 0.4304280078125 0.419485571875 0.41012075625
0 0.35064499374999997 0.41887535 0.349333065625 0.4133541171875 0.29346519843749996 0.42083642968749996 0.274244309375 0.44520551093750005 0.2755173921875 0.45242552187499996 0.3369453375 0.44193250156249997 0.35064499374999997 0.41887535
0 0.366777084375 0.3952201 0.36576440468750004 0.389476909375 0.3145390421875 0.39834013125 0.3001548890625 0.41559622812499997 0.30197851249999996 0.42018126875000006 0.35606080156250003 0.4121678359375 0.366777084375 0.3952201
0 0.3785167578125 0.3763999796875 0.37604668124999996 0.3700678046875 0.33111465 0.378159728125 0.3187095015625 0.3932057515625 0.3210448203125 0.3968546 0.367694653125 0.390828484375 0.3785167578125 0.3763999796875