0 0.4786470921875 0.4092430578125 0.5171498140625 0.3622255359375 0.5818168874999999 0.386025003125 0.5939730515625 0.3784396765625 0.5937524921875 0.3658038578125 0.500150665625 0.3337318984375 0.44776131093749993 0.389769359375 0.4486409734375 0.3999359609375 0.4786470921875 0.4092430578125
0 0.691917253125 0.39779616875 0.6156060812499999 0.37068893125 0.5819394203125 0.39304490312499996 0.583384509375 0.41549020312499996 0.614932946875 0.3924689984375 0.6682946609375 0.41225258125 0.6670622265625 0.42210494687500005 0.689631834375 0.407666915625 0.691917253125 0.39779616875
0 0.44241318749999997 0.42532400625 0.4808370609375 0.4341330671875 0.4818856953125 0.4137508515625 0.43776625625000004 0.40047688125 0.404042678125 0.439686740625 0.4052488296875 0.4484432359375 0.4147930875 0.4521387609375 0.44241318749999997 0.42532400625
0 0.4013616015625 0.4671194890625 0.4161401515625 0.4689681390625 0.418358178125 0.45523644843750005 0.39756369999999996 0.450683990625 0.3724311984375 0.4792108328125 0.3728863453125 0.4851716234375 0.3827693453125 0.48815903125000004 0.4013616015625 0.4671194890625
0 0.571251215625 0.5443550484374999 0.529841009375 0.5398090609375 0.5052268609375 0.551712990625 0.505661775 0.5565058656249999 0.544620084375 0.5614459078125 0.5707681265625 0.5502177109375 0.571251215625 0.5443550484374999
0 0.5198612046875 0.538226990625 0.4704916703125 0.5338199312499999 0.46649388593749996 0.5529745015625 0.49487897187499996 0.5558744890625 0.5184560234375 0.5449253390625 0.5198612046875 0.538226990625
0 0.535356875 0.5606709203125 0.4963863078125 0.5550285859375 0.47594914531250004 0.5647520859374999 0.47591177812499996 0.5693190359375 0.5128536953125 0.5727721734375 0.5351738546875 0.5636012296875 0.535356875 0.5606709203125
0 0.6120657578124999 0.48123654687500006 0.6134922281249999 0.4891734 0.662869340625 0.500722484375 0.7169129843750001 0.47776724843749996 0.7163181187500001 0.47051838593750006 0.665976009375 0.45734696250000006 0.6120657578124999 0.48123654687500006
0 0.67294226875 0.4942240921875 0.672391165625 0.5028979703124999 0.7168256640624999 0.5130112296875 0.771263359375 0.4925078921875 0.7702145984375 0.486086546875 0.7251621640625 0.4741107203125 0.67294226875 0.4942240921875
0 0.7467018015625 0.46717800781249996 0.7456477687499999 0.4738702265625 0.792508884375 0.48616573750000003 0.86609356875 0.46251815625 0.8647637187500001 0.45340877187500006 0.8195613749999999 0.43686926406250004 0.7467018015625 0.46717800781249996
0 0.6803873265625 0.457915003125 0.7321421953125 0.47153010625 0.80585065 0.4415577984375 0.805346271875 0.432785259375 0.750111175 0.41431335156250004 0.6797740734375 0.449612703125 0.6803873265625 0.457915003125
0 0.7014656953125 0.5117572406249999 0.6585834796875 0.5033731546875 0.61696804375 0.52060848125 0.6164910828125 0.5268222890625001 0.6584123890625 0.5338181328125 0.70204421875 0.518069709375 0.7014656953125 0.5117572406249999
0 0.64799331875 0.50707054375 0.6479714375000001 0.4991091734375 0.5976661062499999 0.4880446296875 0.5599840281249999 0.513290134375 0.5605012578124999 0.5160911359375 0.60666493125 0.5246521140625 0.64799331875 0.50707054375