0 0.77530183125 0.505940246875 0.8658052609375 0.484094590625 0.8907717234374999 0.5071885703125 0.8913958859375001 0.4981382265625 0.8661173421875 0.47473216718750005 0.7709327 0.5003227921875 0.77530183125 0.505940246875
0 0.6835500796875 0.531530871875 0.7462783187500001 0.514054346875 0.7762380734375001 0.5256013359375 0.773741428125 0.5171751546875 0.7550165796874999 0.505628165625 0.6813655140625 0.5234167703125 0.6835500796875 0.531530871875
0 0.6850845265625 0.585333590625 0.6828041828125 0.5739318718749999 0.6761911859375 0.575300078125 0.6755070828124999 0.577580421875 0.6383374796875 0.583965384375 0.6385655140625001 0.590806415625 0.6643333984375001 0.5969633437499999 0.6980824859375 0.591262484375 0.6850845265625 0.585333590625
0 0.6111797218749999 0.5506747390625 0.6476696343749999 0.5634462078125 0.681321440625 0.5551346171875 0.6790915015625 0.5334433921875 0.6697663015625 0.5299971234374999 0.6111797218749999 0.544390365625 0.6111797218749999 0.5506747390625
0 0.680915996875 0.5563509468750001 0.6569948328125 0.5604053828125 0.6576029984375 0.565473425 0.6831459359375 0.5739877375 0.680915996875 0.5563509468750001
0 0.6355063296875 0.5644598171874999 0.6004354703125 0.5731768515625 0.5994218625000001 0.5770285640624999 0.6290192343750001 0.586961928125 0.6750370671875 0.5780421734375001 0.6756452328125 0.5727714078125 0.64625058125 0.561418990625 0.6355063296875 0.5644598171874999
0 0.5519849765625 0.565473425 0.5886776109375 0.5758122343750001 0.6355063296875 0.5644598171874999 0.6344927218749999 0.55777 0.59901641875 0.5460121390625 0.5521876984375 0.5606081046875 0.5519849765625 0.565473425
0 0.54807295 0.5101292546875 0.5428932703125 0.511683159375 0.48591679374999996 0.49329529687499996 0.48617577812499996 0.48915155312499997 0.43826374218749997 0.511683159375 0.4403356140625 0.52022963125 0.49808904218750005 0.536545621875 0.5475549828124999 0.5186757265625 0.54807295 0.5101292546875
0 0.38931576875 0.5417253015625 0.4437024046875 0.5564873890625 0.48643476249999995 0.538358509375 0.48539882656250005 0.53395578125 0.431012190625 0.5168628390625 0.389574753125 0.5349917171875 0.38931576875 0.5417253015625
0 0.47063673906250003 0.47982812968750005 0.42868133437499994 0.468432834375 0.4232426703125 0.470763690625 0.39397748125 0.46299417031249995 0.387243896875 0.45729652343750005 0.3476193484375 0.48371288906250004 0.3468423953125 0.4930363125 0.41987587968750006 0.5150499515625 0.472449628125 0.4883746015625 0.47063673906250003 0.47982812968750005
0 0.3035920703125 0.5204886140625 0.3719638421875 0.538358509375 0.41081143906250006 0.517639790625 0.41081143906250006 0.51194214375 0.34010881249999997 0.4896695203125 0.3035920703125 0.5132370625 0.3035920703125 0.5204886140625
0 0.3419217 0.4430524046875 0.341662715625 0.4347649171875 0.267593296875 0.40912550156250005 0.229004684375 0.4479731 0.2274507796875 0.46040433125 0.3243107890625 0.4883746015625 0.37015095468750003 0.457814490625 0.3704099375 0.4526348109375 0.3419217 0.4430524046875
0 0.1943008296875 0.49329529687499996 0.280542496875 0.5160858875 0.3139514296875 0.49070545625 0.3142104140625 0.48371288906250004 0.22123516406250002 0.45729652343750005 0.1937828625 0.48474882499999994 0.1943008296875 0.49329529687499996
0 0.760336903125 0.3766921484375 0.7252539453125 0.391908853125 0.732016925 0.41346585156250004 0.7544192953125 0.40416675468749996 0.79288374375 0.4417858296875 0.8119046234375 0.4346001640625 0.8097911921875 0.42361032187500003 0.760336903125 0.3766921484375
0 0.726944690625 0.383455128125 0.7514604921875 0.3745787171875 0.749769746875 0.3602073859375 0.6779130859375 0.2908868421875 0.6005615046874999 0.33273277968750004 0.60436568125 0.3695064828125 0.57477764375 0.3881046765625 0.594643896875 0.4020533234375 0.5933758390625 0.3796509515625 0.674531596875 0.334423525 0.726944690625 0.383455128125
0 0.5608289984375 0.26256686406249996 0.594643896875 0.293422959375 0.6014068765625 0.323010996875 0.651283853125 0.2896187828125 0.6517065390625 0.2739793921875 0.6356444625 0.2592245625 0.5004294234375 0.2603298421875 0.5608289984375 0.26256686406249996
0 0.43360044062499997 0.26087611875 0.41500224531249996 0.283278490625 0.41500224531249996 0.29680445 0.43402312656250003 0.3086396640625 0.435713871875 0.2908868421875 0.47965206250000003 0.2604996828125 0.43360044062499997 0.26087611875
0 0.320320528125 0.370774540625 0.320320528125 0.3796509515625 0.346527075 0.39444497031250003 0.3507539375 0.38091901093749997 0.4035897171875 0.3340008390625 0.43233238125 0.34921754374999997 0.43444581250000003 0.32385636875 0.3900637578125 0.29891788125 0.320320528125 0.370774540625