0 0.7733870281249999 0.5498758593749999 0.77538048125 0.5411968234375 0.75594373125 0.503036775 0.6508488 0.5120604109375 0.6511672265625 0.5220733015625 0.6697165187499999 0.5429420078125 0.6747210453125 0.5290051015625 0.7443089781250001 0.5243720234375 0.75729773125 0.5505121640625 0.7733870281249999 0.5498758593749999
0 0.6548835265624999 0.553525025 0.6548558484375 0.544489609375 0.6259356406250001 0.514151009375 0.5423853171874999 0.52049008125 0.5421748609375 0.5269364328125 0.5570241593749999 0.5385853 0.5567724609375 0.5334467703125 0.613626628125 0.53143098125 0.634633175 0.5541222796875 0.6548835265624999 0.553525025
0 0.5555997374999999 0.5545427890625 0.5557700484375 0.544384521875 0.520470215625 0.5187098265625 0.45690607656250004 0.524636615625 0.4558505015625 0.5332494734375001 0.4713203484375 0.5426922375000001 0.4736837453125 0.5345415375 0.518054753125 0.5324085984375 0.5470004453125 0.5560366796875 0.5555997374999999 0.5545427890625
0 0.42951168281249996 0.4475619671875 0.3588285765625 0.461032471875 0.3582815375 0.46938766718749997 0.4208544359375 0.507165234375 0.48921319218750003 0.49768437499999996 0.491312421875 0.489718646875 0.42951168281249996 0.4475619671875
0 0.2518262078125 0.39446531875 0.2470196703125 0.407279375 0.3379701453125 0.458512328125 0.4113215109375 0.4443545484375 0.413367028125 0.4301274421875 0.325567134375 0.3699563828125 0.2518262078125 0.39446531875
0 0.35349136875 0.3626079125 0.3522643859375 0.3735060671875 0.4355213625 0.4423697265625 0.539676771875 0.42160281875 0.5405864234375 0.408564740625 0.46162011875 0.32193346875 0.35349136875 0.3626079125
0 0.6062412312500001 0.47548242343749997 0.5572594125 0.4256293203125 0.458176353125 0.4452066515625 0.4561693359375 0.451336221875 0.51649139375 0.499252528125 0.6036342875 0.48961053593750004 0.6062412312500001 0.47548242343749997
0 0.7195271828124999 0.3694471015625 0.687548628125 0.2894801703125 0.62145439375 0.2769259 0.4944046015625 0.30803232187499996 0.49496171093749997 0.324570759375 0.572448784375 0.4130251734375 0.718287184375 0.3817322734375 0.7195271828124999 0.3694471015625
0 0.7238946109375 0.39064009843749997 0.5818281109375001 0.4162998671875 0.5814603593750001 0.431517465625 0.6289304078125 0.48666125468750004 0.750602828125 0.4729194546875 0.7521997546875 0.4625496359375 0.7238946109375 0.39064009843749997
0 0.372986903125 0.5383203203125 0.415921021875 0.557468371875 0.41743930156250003 0.5514841765625 0.37175718125 0.52953605625 0.3317853609375 0.53429710625 0.32843092500000004 0.5401890890625001 0.372986903125 0.5383203203125
0 0.2629719828125 0.504333934375 0.26062160156249997 0.511097615625 0.31496973906250003 0.53642620625 0.36029164062499996 0.532840071875 0.3611226453125 0.5241876171875 0.30594240781250004 0.49963851249999996 0.2629719828125 0.504333934375
0 0.218376953125 0.5103637578125 0.21609275156250002 0.5180653171875 0.2711536484375 0.5393516468749999 0.30679300625 0.5368368453125 0.3073869734375 0.5334682953125001 0.25306486875 0.50536566875 0.218376953125 0.5103637578125
0 0.132940075 0.4772378609375 0.13073506875000002 0.48449028125 0.2015217328125 0.5127174265625001 0.23457147968749997 0.5065042765625 0.2362221171875 0.5023958375 0.1687029953125 0.47034535312500003 0.132940075 0.4772378609375
0 0.191133034375 0.5083385453125 0.12356129687499999 0.47789965156249997 0.09488415781250001 0.4855784671875 0.0917146921875 0.49173461874999996 0.15752892031250001 0.5176956765625 0.1890994359375 0.5133056671875 0.191133034375 0.5083385453125
0 0.26064615625 0.535646475 0.20691911406250002 0.512048265625 0.17726395156250002 0.5160813484375 0.1738699171875 0.5221979 0.229313775 0.5426255484375 0.2592596875 0.5395699421875 0.26064615625 0.535646475
0 0.2208342328125 0.45545607187500003 0.1763851265625 0.465911115625 0.1734537953125 0.47465632968750004 0.24586029531250003 0.50525306875 0.2889229328125 0.4987214890625 0.2920788328125 0.4900158734375 0.2208342328125 0.45545607187500003