0 0.5178524578125 0.66866784375 0.5164665890625 0.6557330796875 0.5007600921875001 0.6298635546875 0.50537965 0.6464939640625 0.40421132968749995 0.678368915625 0.3848091859375 0.592907090625 0.3510864109375 0.5998364281249999 0.3769559359375 0.7139395125 0.5178524578125 0.66866784375
0 0.6693739609375 0.6247820421875 0.66706418125 0.6132331468750001 0.6393468343750001 0.5827440640625 0.6384229218749999 0.6072277203125 0.554346965625 0.6312494234375 0.5169285453125 0.567961478125 0.515542678125 0.56426583125 0.496140534375 0.5684234328125 0.5506513187500001 0.6631243734375001 0.6693739609375 0.6247820421875
0 0.48505359531250003 0.5596462734375 0.5178524578125 0.5499452015624999 0.51877636875 0.541629996875 0.516004634375 0.5273093671875 0.49059706406250003 0.531928925 0.4651894953125 0.49173877031249996 0.45086886562500006 0.4940485484375 0.449944953125 0.5037496203125 0.48505359531250003 0.5596462734375
0 0.4236134734375 0.44461927812499996 0.4236134734375 0.4533964375 0.444863440625 0.489890946875 0.4651894953125 0.4861953 0.462879715625 0.4691029359375 0.457336246875 0.47095075781249995 0.44116779375000004 0.4418475421875 0.4236134734375 0.44461927812499996
0 0.470732965625 0.3974997859375 0.528015484375 0.38918458125 0.5275535296875 0.3845650234375 0.5063035625000001 0.36562483437500004 0.45964602499999996 0.372554171875 0.46103189375 0.3841030671875 0.470732965625 0.3974997859375
0 0.5414122031249999 0.3873367578125 0.5949990765625001 0.38040742031249997 0.5954610328125 0.373016128125 0.5622002140625 0.35869549843750004 0.5178524578125 0.3647009234375 0.5183144125 0.368858525 0.5414122031249999 0.3873367578125
0 0.509537253125 0.3651628796875 0.5580426125 0.359619409375 0.5589665234375001 0.353613984375 0.5372546015624999 0.3425270453125 0.490135109375 0.346222690625 0.49059706406250003 0.35084225 0.509537253125 0.3651628796875
0 0.561218 0.4352067421875 0.5986364203125001 0.4675436484375 0.667929790625 0.45414692968750003 0.6697776140625 0.4444458578125 0.623120078125 0.41672850937500006 0.5602940875 0.4259676265625 0.561218 0.4352067421875
0 0.6111675296875 0.4778800953125 0.6656783140625 0.5245376312500001 0.7442108015625 0.5055974437499999 0.7451347125 0.4949724609375 0.684618503125 0.4557062171875 0.6111675296875 0.4691029359375 0.6111675296875 0.4778800953125
0 0.6813848124999999 0.53839630625 0.762689034375 0.6063038093750001 0.8518465046875001 0.5767386375 0.8546182390625001 0.567037565625 0.7636129453125 0.5060594 0.6827706796874999 0.5259235 0.6813848124999999 0.53839630625
0 0.8740203828125 0.5730429921875 0.949781134375 0.5467115109375 0.953014825 0.5365484828125 0.85554215 0.4861953 0.7839389999999999 0.5046735328125 0.7820911781250001 0.51160286875 0.8740203828125 0.5730429921875
0 0.7600044375 0.5011683625 0.82665630625 0.484144725 0.8295416687499999 0.4754886375 0.7626012625 0.43999868124999997 0.6982576828125 0.4524057390625 0.69594939375 0.460773290625 0.7600044375 0.5011683625
0 0.6844079437499999 0.452117203125 0.745000553125 0.43913307343749997 0.7447120171875 0.429322840625 0.695083784375 0.403643115625 0.6385306828124999 0.4140304203125 0.6385306828124999 0.4206667546875 0.6844079437499999 0.452117203125