0 0.511238021875 0.5879566359374999 0.5416522359375 0.587765221875 0.5766553609375 0.5891590875 0.577396953125 0.5834144640625001 0.5354794921875 0.5826415593750001 0.510898959375 0.5821742765625 0.511238021875 0.5879566359374999
0 0.4345831109375 0.5811677328125 0.43350016875 0.58635945 0.4972587875 0.5885859499999999 0.4977030578125 0.5810276578125 0.4345831109375 0.5811677328125
0 0.3956965140625 0.6278856109375 0.395905784375 0.6322208078125 0.404452103125 0.64568325 0.43619532968749997 0.6455294453125 0.4282688140625 0.6349739078125001 0.428824009375 0.6294031046875 0.3956965140625 0.6278856109375
0 0.43002696875 0.6300589750000001 0.43073139843749997 0.60988675625 0.38065478124999996 0.608318371875 0.3797645265625 0.6131561578125 0.392738096875 0.6289371484374999 0.43002696875 0.6300589750000001
0 0.3589386296875 0.5874728984375001 0.3746304171875 0.60803735625 0.43160149687500005 0.608403871875 0.4313693578125 0.5995596562500001 0.4228001703125 0.5815881984375 0.3599169390625 0.5801135828125 0.3589386296875 0.5874728984375001
0 0.3353201796875 0.6330987546875 0.3491651359375 0.6445822828125001 0.394441703125 0.6441797593749999 0.39517071718749996 0.63879535625 0.382741475 0.6280825796875 0.3352847296875 0.6289499562499999 0.3353201796875 0.6330987546875
0 0.3130969984375 0.6136404609375 0.3298968875 0.6282927671875 0.3787945046875 0.6274757078125 0.380692228125 0.6196075125 0.36847454218750003 0.6080004812500001 0.313130734375 0.6075104625 0.3130969984375 0.6136404609375
0 0.2824805734375 0.5875442921875 0.3043463875 0.6068817234375 0.3600378359375 0.6077445390625 0.36284868124999997 0.5995475734375 0.3456845734375 0.5798333453125 0.28349661875 0.5791043234375 0.2824805734375 0.5875442921875
0 0.231339828125 0.50272128125 0.26895195312500003 0.5412205218749999 0.3469245546875 0.5395165046875 0.34813309531250003 0.5302622578125 0.322489871875 0.4912956046875 0.23172583125 0.491667559375 0.231339828125 0.50272128125
0 0.12831635 0.4992036203125 0.1787971140625 0.5368241796875 0.2523327875 0.535407909375 0.2557520734375 0.526230865625 0.21495226562499997 0.49027643750000005 0.1317973984375 0.48825797968750007 0.12831635 0.4992036203125
0 0.15862389999999998 0.429955353125 0.21864104062499998 0.48605913906250003 0.31123543593749997 0.48398035000000006 0.3123976578125 0.4760525515625 0.2732850359375 0.4171372625 0.1692565296875 0.4170460109375 0.15862389999999998 0.429955353125
0 0.0340647046875 0.4288652328125 0.10159837499999999 0.48523150312499996 0.197272371875 0.48370294375 0.19544763125 0.472572021875 0.1376103578125 0.4174297328125 0.035792596875 0.417415684375 0.0340647046875 0.4288652328125
0 0.043024215625 0.3117446203125 0.13367173906250002 0.4034477109375 0.24703169218749998 0.40253675937500005 0.25182374531249996 0.3920795875 0.1851449 0.2985573734375 0.0465052625 0.3007989796875 0.043024215625 0.3117446203125
0 0.0033817656250000002 0.394431390625 0.0029323109375 0.40730208125 0.0214687953125 0.412770525 0.10859105 0.406886421875 0.11573519843749999 0.398240984375 0.015955803125 0.29691254375 0.007457604687499999 0.30692148750000003 0.0033817656250000002 0.394431390625
0 0.6445033234374999 0.31819240625 0.640854340625 0.3080577484375 0.49114916875 0.310835715625 0.50051276875 0.41523794374999995 0.5057165484375 0.3378635921875 0.602430521875 0.33373549062499996 0.61136576875 0.3930902046875 0.6062571875 0.41042446874999994 0.622504690625 0.41799690937499995 0.6445033234374999 0.31819240625
0 0.3127397125 0.31214113125 0.33692295781250003 0.37903337812500004 0.34888370156250004 0.3374206703125 0.4439937078125 0.3362387296875 0.45566569062499995 0.4031944375 0.45197545625 0.40856955 0.4740518171875 0.40683866562500004 0.4596383390625 0.3037611765625 0.3127397125 0.31214113125