0 0.123462934375 0.47418471406249996 0.1242077765625 0.4820249203125 0.1469811 0.4609706390625 0.22491992500000002 0.4844136984375 0.2260108609375 0.48013688906249996 0.1458877140625 0.45426789687499997 0.123462934375 0.47418471406249996
0 0.2241938609375 0.49275467968750003 0.22363513125 0.5034158890625 0.2440302734375 0.494661059375 0.3050883734375 0.509418265625 0.305072046875 0.50421663125 0.24461920625000003 0.48342356718749996 0.2241938609375 0.49275467968750003
0 0.29998837031250003 0.5571137328125 0.283201925 0.563168365625 0.3221788875 0.5747458234375 0.3458656109375 0.5693417515625 0.34728998906249997 0.5642156218750001 0.3064168484375 0.5502273296875 0.30135234375 0.5531401640625 0.29998837031250003 0.5571137328125
0 0.3067278390625 0.5167274921875 0.30403131562499996 0.5295881234375 0.3360929 0.5408031624999999 0.367149253125 0.5326070609375 0.370135140625 0.5252513078125001 0.31776656875 0.5100827031249999 0.3067278390625 0.5167274921875
0 0.328979984375 0.5386967968749999 0.3053210109375 0.532545034375 0.3007760625 0.5531099625 0.3278286453125 0.54412616875 0.328979984375 0.5386967968749999
0 0.31196702656249997 0.5490735421874999 0.31309061250000003 0.5552000031250001 0.3512182546875 0.5664440187500001 0.3808641046875 0.55759613125 0.379710315625 0.552045953125 0.3381400875 0.5403325859375 0.31196702656249997 0.5490735421874999
0 0.3487094671875 0.5371303859375 0.3494241046875 0.545546871875 0.38956873281250004 0.5568965921875 0.42227842656250003 0.5502318015625 0.42376320781250004 0.5439531078125001 0.3789315984375 0.5283127000000001 0.3487094671875 0.5371303859375
0 0.42015858437500003 0.4969571796875 0.420600184375 0.5050704234375 0.4677683453125 0.52574513125 0.515065065625 0.510887915625 0.5160792703125 0.502562034375 0.46707655625 0.48381370781250005 0.42015858437500003 0.4969571796875
0 0.477609209375 0.5199043609375 0.48117505625 0.5290481375 0.517953825 0.54397758125 0.5632951859374999 0.533351871875 0.565113409375 0.5262238546875 0.5244969828125 0.5073371703125 0.477609209375 0.5199043609375
0 0.48512127187500004 0.47580249218750004 0.48462294375 0.4853111390625 0.531199725 0.5062437859375 0.5917509203125 0.49208120781250003 0.59288593125 0.48145019843750003 0.54664136875 0.4541784546875 0.48512127187500004 0.47580249218750004
0 0.5424208890625 0.5016310828125 0.54248374375 0.5114580703125 0.5773373562499999 0.5300427390625 0.6343704578125 0.516851515625 0.6353393609375 0.50939005625 0.5983165296874999 0.48809131250000004 0.5424208890625 0.5016310828125
0 0.564459571875 0.4504893515625 0.5656598875000001 0.460664884375 0.607627640625 0.48684569375000003 0.6845865359375 0.4683422265625 0.6839474 0.4584850375 0.6423269671875 0.42567698906249996 0.564459571875 0.4504893515625
0 0.6204568453125 0.48462872187499995 0.621975503125 0.4942430765625 0.6541301421875 0.514708821875 0.727843984375 0.49747994999999995 0.726386953125 0.49220281093749996 0.6928356875 0.4653073609375 0.6204568453125 0.48462872187499995
0 0.195392828125 0.41381145156250004 0.1947120671875 0.4212880109375 0.2096966140625 0.4275630296875 0.23829193124999998 0.4001684265625 0.2592821328125 0.40762498437500005 0.2627512484375 0.391048725 0.2345109984375 0.37858929375 0.195392828125 0.41381145156250004
0 0.30123925625000003 0.31823235625 0.24538116875 0.36413449999999997 0.2452024109375 0.3785717421875 0.2641001203125 0.3873632984375 0.2641593 0.3807209609375 0.30367376562500004 0.35447646875 0.3505537875 0.375136075 0.356219871875 0.34971805625 0.30123925625000003 0.31823235625
0 0.503543078125 0.3227670734375 0.4209539953125 0.25574047499999997 0.3903657671875 0.25500421093750003 0.361723921875 0.2777734609375 0.3203145015625 0.30709689375 0.3192864203125 0.32120069375 0.35970653750000003 0.34383320781250004 0.3588837421875 0.32645415624999996 0.41994469062500006 0.28602546093750003 0.48638033593749996 0.34151500156250003 0.4999205046875 0.3312451890625 0.503543078125 0.3227670734375
0 0.5909550484375 0.391491090625 0.51954550625 0.3371855390625 0.4829565234375 0.357226840625 0.482339840625 0.380020165625 0.5196724374999999 0.36232929375 0.566874478125 0.398897046875 0.5661345375 0.413015946875 0.5898351374999999 0.40183395781250003 0.5909550484375 0.391491090625