0 0.6334573031249999 0.5890150328125 0.704161109375 0.5815170546874999 0.719232546875 0.6066193125 0.7217826828125 0.59609089375 0.7064283687499999 0.5742219265624999 0.6310565203125 0.5829405234375 0.6334573031249999 0.5890150328125
0 0.5475813656249999 0.60235330625 0.60570363125 0.59342878125 0.6323340046875 0.6130262375 0.631509415625 0.6038315890625 0.6134270296875 0.5833529656249999 0.547601446875 0.5909519296875 0.5475813656249999 0.60235330625
0 0.5098209125000001 0.62804623125 0.54442106875 0.623579865625 0.5473833531250001 0.6046166093750001 0.53995074375 0.5964728515625 0.4799046296875 0.6013194140625 0.4806039046875 0.6082224734375 0.5098209125000001 0.62804623125
0 0.5457850828125 0.6236113546875 0.5196190328125 0.6244532109375001 0.51973563125 0.6310734859375 0.54388210625 0.6453624796875 0.5457850828125 0.6236113546875
0 0.496230446875 0.6531960015625 0.5185988390625 0.665937840625 0.5609034125 0.663550784375 0.5595245 0.6594293109375 0.541983196875 0.6451963468749999 0.496232559375 0.649195353125 0.496230446875 0.6531960015625
0 0.4893339359375 0.65050524375 0.53363664375 0.6451619140625 0.5334143234375001 0.6397500359375 0.509131921875 0.6270146921875 0.4612795421875 0.6311777203125 0.4616593875 0.6367773296875 0.4893339359375 0.65050524375
0 0.4514009328125 0.63274874375 0.49896847031249997 0.6278649984375 0.499827228125 0.6220258546874999 0.471397371875 0.6030133796875 0.420474390625 0.60847330625 0.4190524390625 0.6147850265625 0.4514009328125 0.63274874375
0 0.3158324484375 0.5408955 0.37324535625 0.5726052328125 0.4295413734375 0.56191590625 0.4307704015625 0.5543580875 0.3836482140625 0.521845265625 0.321875790625 0.5334749765625 0.3158324484375 0.5408955
0 0.30929292343750003 0.583192515625 0.361619859375 0.5724398390625 0.36075342187500004 0.5661182 0.3097326546875 0.53922623125 0.25758886406250003 0.5511305359375 0.25727902187499996 0.5579170671875 0.30929292343750003 0.583192515625
0 0.22992088281249998 0.4942007828125 0.30105130468749997 0.5313691703125001 0.36455289375 0.51620001875 0.3619853859375 0.506606634375 0.2938730609375 0.46090134843749997 0.227561171875 0.4854772859375 0.22992088281249998 0.4942007828125
0 0.10396255624999999 0.42498101874999994 0.202658403125 0.4813112640625 0.2696077328125 0.4559393890625 0.270054871875 0.4443385421875 0.172478853125 0.3784536125 0.107216546875 0.4105028203125 0.10396255624999999 0.42498101874999994
0 0.037280718750000004 0.4555432078125 0.1392631671875 0.501123825 0.19003799375 0.4806137515625 0.1878634953125 0.4702577578125 0.0891139 0.41941502656249996 0.041552940625 0.44544317656250004 0.037280718750000004 0.4555432078125
0 0.16242836875 0.5143219375 0.23739705937500002 0.5479047703125 0.28999223281250003 0.5366814328125 0.2868995 0.5247248328125 0.2200216609375 0.4877110578125 0.164808103125 0.5038179515625 0.16242836875 0.5143219375
0 0.64528540625 0.4695164796875 0.617261890625 0.471555884375 0.614593534375 0.49692195000000006 0.63502333125 0.489277925 0.6578715609375 0.5258586890625 0.6731814328125 0.5254016734375 0.6740003046874999 0.5160419140625 0.64528540625 0.4695164796875
0 0.6188941828125001 0.4631655171875 0.63953571875 0.45823470312500003 0.6410342578125 0.44623972187499994 0.5969256390625 0.37546267968749997 0.5325775484374999 0.39228866875 0.5316920015625 0.41781071093750005 0.4884311484375 0.429744878125 0.5086106171875 0.455762528125 0.5106383015625 0.43258598125000003 0.5897558046875 0.41121366249999997 0.6188941828125001 0.4631655171875
0 0.53658846875 0.35671043125 0.5313628765625 0.38050542656249997 0.5791029828125 0.36357376874999997 0.5820556109374999 0.3503586609375 0.5308824234375 0.2627954328125 0.4592412515625 0.2551803 0.37321555625 0.29391280468750003 0.368708625 0.314626871875 0.3855618875 0.3273292015625 0.39361221875 0.31231451093749996 0.4807800515625 0.27592750312500003 0.53658846875 0.35671043125
0 0.2476841453125 0.35299206562499996 0.2461466140625 0.3654327515625 0.270978078125 0.38961182656250004 0.2736242109375 0.36963318749999996 0.34840166875 0.3465338203125 0.37371783125 0.3703061859375 0.385395003125 0.3497703171875 0.346757659375 0.303724125 0.2476841453125 0.35299206562499996