0 0.28230456249999997 0.5360406531249999 0.2823383046875 0.54598399375 0.30721325781250003 0.526773371875 0.383045925 0.54485438125 0.3854933765625 0.5375379062500001 0.307661525 0.5147636343750001 0.28230456249999997 0.5360406531249999
0 0.38378215312499997 0.5536542859375 0.3809685515625 0.5651558609375 0.4083733484375 0.5549020640625 0.46784300625 0.5706478234375 0.46697601093749996 0.563342596875 0.4015948515625 0.5428625140625 0.38378215312499997 0.5536542859375
0 0.4423505171875 0.6339508406250001 0.470249484375 0.64211431875 0.4994204203125 0.6357391328124999 0.4998491125 0.628222759375 0.464007859375 0.6218823812500001 0.4648257015625 0.62561641875 0.4423505171875 0.6339508406250001
0 0.4662340109375 0.6147521703125001 0.4647489828125 0.6212605046874999 0.50568449375 0.632166871875 0.5406538421875 0.6249255484375 0.5402420375 0.619166884375 0.49859660625 0.605909353125 0.4662340109375 0.6147521703125001
0 0.5343921359375 0.586608325 0.47731070156250005 0.569253453125 0.470345253125 0.5729932578125 0.466736434375 0.598543840625 0.4962255671875 0.606846440625 0.53247265 0.59284974375 0.5343921359375 0.586608325
0 0.4844242296875 0.6030670921875 0.467270265625 0.5976749234375001 0.46551276093749994 0.6151468796875 0.4841744078125 0.6085389671875 0.4844242296875 0.6030670921875
0 0.5099974671874999 0.6011841640625 0.50564731875 0.6090441703125 0.55121420625 0.6219580687499999 0.5940179203125 0.611510771875 0.595414903125 0.6033923953125 0.5437741390624999 0.5892603859375 0.5099974671874999 0.6011841640625
0 0.4108290640625 0.40780501874999997 0.3604879015625 0.45530444374999995 0.3626815859375 0.4704516734375 0.37746333125 0.4774631125 0.3791765671875 0.4679360390625 0.419052315625 0.4344763125 0.44392865 0.446769534375 0.450547103125 0.421396721875 0.4108290640625 0.40780501874999997
0 0.633492403125 0.3916567203125 0.5998310390625 0.3741962890625 0.6021553234375 0.35768488593750003 0.513262815625 0.3028425734375 0.4305595609375 0.388417840625 0.4316346359375 0.40126789531249996 0.45019230625000006 0.4103691328125 0.454202715625 0.39972345 0.51610079375 0.35587429375 0.5900259453125 0.3957714125 0.59077373125 0.417390071875 0.633492403125 0.3916567203125
0 0.6850469593749999 0.5263662890624999 0.63250103125 0.5437622125 0.623563240625 0.5403410859375 0.6085088187500001 0.5465016453125 0.6079905734375 0.557452853125 0.6640454874999999 0.5803913625 0.7335992984375 0.5596449546875 0.734193925 0.54782070625 0.6850469593749999 0.5263662890624999
0 0.6749802703125 0.5760696890625 0.6736871328125 0.5807950359375 0.72196105625 0.6021730703125 0.7912093437500001 0.584918828125 0.790930928125 0.5730182 0.7419531484374999 0.5546576171875001 0.6749802703125 0.5760696890625
0 0.7888292546875 0.49145987187499995 0.7833836296875 0.48834427031249994 0.7030477984375 0.5116662671875 0.7012963734375 0.5216298625 0.7607071140625 0.5514598953125 0.8574997359375001 0.5260587859375 0.85617909375 0.5109879375 0.8115718640624999 0.48289290625000003 0.7888292546875 0.49145987187499995
0 1 0.42652460937500003 0.9902115203124999 0.41186905156250003 0.9081460281249999 0.43987820624999996 0.9097340062500001 0.45189340624999996 0.83689540625 0.47499160468749996 0.889562040625 0.5165477390625 1 0.48272791093749995 1 0.42652460937500003
0 0.769972196875 0.5461124171875 0.7673095390625 0.5564361515625 0.8144812765625 0.58035693125 0.9095824296874999 0.5592064546875 0.909625965625 0.5486535781249999 0.8645058328124999 0.5213933953125001 0.769972196875 0.5461124171875
0 1 0.48829430625 0.9042563250000001 0.5094759453125 0.902390328125 0.5207491015625 0.9448313765625 0.5534930984375 0.998435859375 0.5397086843750001 1 0.509842615625 1 0.48829430625