0 0.65338283125 0.42497993437500003 0.65329676875 0.421422846875 0.6279580218749999 0.4217213046875 0.60473593125 0.41109365625 0.592731734375 0.41132857187500005 0.5921633328125 0.41842981874999996 0.6245643828125 0.43366216562500004 0.6339819265625 0.433085803125 0.6513876765625 0.4289451421875 0.65338283125 0.42497993437500003
0 0.7254431203125 0.43853414687500003 0.7258021234375 0.4434293421875 0.6821819265625 0.44711242812499996 0.6509278515625 0.429826009375 0.6343091578125 0.43131372187499994 0.6334419625 0.438557903125 0.6770721640625 0.45976408125 0.736305346875 0.4527979359375 0.7388197843750001 0.4445454625 0.7254431203125 0.43853414687500003
0 0.7885140890625 0.43237573749999997 0.7472532203125 0.436692603125 0.7288461828125 0.430297184375 0.7269474312499999 0.43722706093749997 0.75191575 0.44966298125000004 0.8067135609375 0.44217496875 0.808305765625 0.43583233750000006 0.789321825 0.42853795312500004 0.7885140890625 0.43237573749999997
0 0.8546952453125 0.426271615625 0.8192259515625 0.429800678125 0.791233503125 0.42086755625 0.79107839375 0.429753809375 0.8216643328125001 0.4428803828125 0.872286790625 0.4369491296875 0.8730007093750001 0.42999857343750003 0.8548795421875001 0.4242007421875 0.8546952453125 0.426271615625
0 0.8726000078125 0.45295472812500004 0.8169032296875001 0.46101964687499997 0.8147134375 0.4676481453125 0.8912106 0.49861327656250004 0.9551073984375 0.487580353125 0.9558239046875 0.480481690625 0.8726000078125 0.45295472812500004
0 0.8781301453125 0.49260713125000005 0.7949501984375 0.462562396875 0.73512578125 0.4711478640625 0.732595834375 0.4802889640625 0.804553034375 0.515026734375 0.8743972687499999 0.5027642796875 0.8781301453125 0.49260713125000005
0 0.8992325843750001 0.5007383328125 0.82739188125 0.5151131062500001 0.8252087328125001 0.5246539140625 0.9326713812499999 0.5779533359375 0.9985784515624999 0.55692099375 0.9993727640625 0.5402977953125 0.8992325843750001 0.5007383328125
0 0.48548370937499996 0.4784236421875 0.4842839625 0.488620340625 0.5194048328124999 0.52533570625 0.6109161171874999 0.5119471703125 0.6120742640625 0.5041338609375 0.5704307015625 0.47036993281250006 0.48548370937499996 0.4784236421875
0 0.49245980468750006 0.469008946875 0.4663002234375 0.44573293124999996 0.45947865156249995 0.44629503593750003 0.4576335953125 0.4544369421875 0.484074228125 0.4811237421875 0.56261739375 0.4692117859375 0.5637398796875 0.463441384375 0.49245980468750006 0.469008946875
0 0.463967825 0.48179455000000004 0.36875281718749997 0.4927343203125 0.36928520625 0.5012583140625 0.38517255 0.5471744234375 0.4954936734375 0.5293459796875 0.49428625937500004 0.5204696156249999 0.463967825 0.48179455000000004
0 0.45691869062499996 0.475881509375 0.4489313046875 0.465183859375 0.45085534843749997 0.4720292046875 0.3631547640625 0.481737790625 0.3636812125 0.4906022671875 0.364995603125 0.4933499140625 0.4564593421875 0.48268525156250003 0.45691869062499996 0.475881509375
0 0.229890446875 0.50665869375 0.336341434375 0.495915046875 0.3323311625 0.47200388593750003 0.333126775 0.48496011875 0.2287008609375 0.496760878125 0.229890446875 0.50665869375
0 0.33939985156249997 0.49630901875 0.225428490625 0.5086243374999999 0.21330697656250003 0.55916036875 0.21547047031250002 0.571799890625 0.348944525 0.5543755828125 0.3478143703125 0.5410729234375 0.33939985156249997 0.49630901875
0 0.348245725 0.55538515 0.20282500625000002 0.5743038671875 0.181866234375 0.6628315 0.18596565468749998 0.681635396875 0.3668128453125 0.6428997703125 0.3626896515625 0.6254578125 0.348245725 0.55538515
0 0.409575446875 0.6320662015625 0.5445540734375001 0.606494046875 0.5496239562499999 0.589212553125 0.502972440625 0.530157696875 0.3861583421875 0.54923515625 0.409575446875 0.6320662015625
0 0.5323194625000001 0.5269234843749999 0.533837646875 0.5375082124999999 0.5876155578125 0.5980498109375 0.6988667640624999 0.5737664312499999 0.699427146875 0.5611744562500001 0.62945035 0.5115895109374999 0.5323194625000001 0.5269234843749999