0 0.3096801671875 0.46852914375 0.389200753125 0.45262502656250003 0.3874002875 0.44512308437500003 0.3102803234375 0.45652603750000004 0.28717434218750004 0.435220521875 0.286274109375 0.44512308437500003 0.3096801671875 0.46852914375
0 0.40570502656249996 0.44872401718750005 0.47262234843749995 0.43402021093750004 0.4741227375 0.42681834687500003 0.41350704531250004 0.43732106562500006 0.387100209375 0.42471780312499996 0.3889006765625 0.4364208328125 0.40570502656249996 0.44872401718750005
0 0.47590774218750004 0.371795946875 0.4747675703125 0.37544449687500003 0.5110250359374999 0.372252015625 0.5112530703125 0.36472688125 0.48274877343749995 0.355833540625 0.45424447656250005 0.3615344 0.47590774218750004 0.371795946875
0 0.5078325546875 0.39437135 0.5504749828125 0.38479390625 0.5513871203125 0.379093046875 0.5171819640625 0.3688315 0.47545167343749994 0.37612860000000004 0.4763638109375 0.382741596875 0.5078325546875 0.39437135
0 0.5404414703125 0.41033375625 0.5055522109374999 0.393231178125 0.47545167343749994 0.3989320375 0.47681987968749995 0.424699921875 0.4834328765625 0.429032575 0.5418096765625 0.41671871875 0.5404414703125 0.41033375625
0 0.47590774218750004 0.399844175 0.4934663890625 0.39596759062500003 0.4936944234375 0.390494765625 0.4756797078125 0.382285528125 0.47590774218750004 0.399844175
0 0.5513871203125 0.41489444375 0.6040630609375001 0.405317 0.6033789578125 0.3971077625 0.5616486671875001 0.38296963125 0.5151296546874999 0.391862971875 0.5187782046875 0.40007220937500004 0.5513871203125 0.41489444375
0 0.3571233125 0.5323661953125 0.4031330640625 0.5840723921875 0.443884559375 0.573994065625 0.43950267812500005 0.5481409671875 0.4136495796875 0.55821929375 0.376841778125 0.5214114921874999 0.37596540156249997 0.511771353125 0.3606288171875 0.5174677984375 0.3571233125 0.5323661953125
0 0.4210987765625 0.605105421875 0.4960289453125 0.6975631140624999 0.5893630125 0.6506769859375 0.5884866359375 0.6340258375000001 0.6235416859375 0.6195656296875 0.5832283796875 0.590207025 0.58059925 0.61167824375 0.5034781421875001 0.644980540625 0.4456373109375 0.595903471875 0.4425699953125 0.58494876875 0.42328971718749997 0.592397965625 0.4210987765625 0.605105421875
0 0.635810953125 0.4679525421875 0.6866407734375 0.48986194843749997 0.7374705953125 0.4727726109375 0.7379087828124999 0.46094153281250005 0.6704278140625 0.4342120578125 0.6125869828125 0.4521777703125 0.6121487953125 0.4631324734375 0.626609003125 0.4705816703125 0.635810953125 0.4679525421875
0 0.74579616875 0.46663797812499996 0.796187803125 0.4526159578125 0.7975023671875 0.4407848796875 0.730021396875 0.417560909375 0.6800679515625 0.43465024531249996 0.680944328125 0.43947031406250003 0.74579616875 0.46663797812499996
0 0.78128940625 0.5363098875000001 0.7869858515625 0.5336807593749999 0.8088952578124999 0.5441972734375 0.8557813859375001 0.520096928125 0.8584105140625 0.50519853125 0.7642000703125 0.47145804687500004 0.702415546875 0.49599658125 0.703291921875 0.5060749078125 0.78128940625 0.5363098875000001
0 1 0.5621629859375 0.8895218703125 0.5174677984375 0.8334337921875001 0.5542756 0.9039820781250001 0.5836342046875 0.90135295 0.5954652828125 0.9806649984375 0.6305203328125 1 0.6064199859375 1 0.5621629859375
0 0.8649833359375 0.5104567890625 0.912307653125 0.48723281875 0.913184028125 0.4767163046875 0.8202881484375 0.44735769999999997 0.7712110796875 0.467076165625 0.7729638328124999 0.47759268125 0.8649833359375 0.5104567890625
0 0.9981925234375 0.5555901640625 1 0.5038839671875001 0.9478008890625 0.48548006718750003 0.9026675140625 0.5144004828125001 0.9035438906250001 0.5257933734375 0.9981925234375 0.5555901640625