0 0.313927421875 0.5080932328125 0.38000221875 0.4979944640625 0.38000221875 0.49251227656249996 0.31594717499999997 0.502033971875 0.30152036249999997 0.48529887031249996 0.2997891453125 0.491935203125 0.313927421875 0.5080932328125
0 0.37913660937500004 0.4818364359375 0.39414049375000004 0.49712885625 0.45329042187499996 0.486453015625 0.45098213125 0.48010521875 0.39644878437500003 0.4887613046875 0.37913660937500004 0.4726032765625 0.37913660937500004 0.4818364359375
0 0.45617578437499995 0.435959175 0.45704139218749995 0.4425955078125 0.49657085624999997 0.436536246875 0.4983020734375 0.43191966718749997 0.47695039218749996 0.423552115625 0.43972921875 0.4290343046875 0.45617578437499995 0.435959175
0 0.46367772656249995 0.482124971875 0.5104205953125 0.4740459578125 0.51099766875 0.467986696875 0.48474087031249996 0.45442549374999996 0.45329042187499996 0.4604847546875 0.45357895781249996 0.4746230296875 0.46367772656249995 0.482124971875
0 0.4544445671875 0.45990768125 0.47695039218749996 0.4567337828125 0.47723892812499996 0.4512515953125 0.45357895781249996 0.44288404375 0.4544445671875 0.45990768125
0 0.4861835515625 0.4561567109375 0.527155696875 0.449231840625 0.5277327703125 0.4440381890625 0.5034957265625 0.4330738125 0.46367772656249995 0.4425955078125 0.46454333437499995 0.4460579421875 0.4861835515625 0.4561567109375
0 0.521673509375 0.4731803484375 0.566396625 0.463658653125 0.5658195515625 0.458465 0.5355232484375 0.4460579421875 0.49685939218749997 0.45413695781249996 0.49685939218749997 0.4590420734375 0.521673509375 0.4731803484375
0 0.603906334375 0.5329073484375 0.6555543203124999 0.51992321875 0.6572855375 0.5129983484375 0.6096770593749999 0.48991545 0.5594717546875 0.5008798265625 0.5577405375 0.510690059375 0.603906334375 0.5329073484375
0 0.66449894375 0.5141524937499999 0.7138386390625 0.5023225078125 0.712107421875 0.49424349375 0.665076015625 0.4766427828125 0.6215070453125 0.487607159375 0.6200643640625 0.496263246875 0.66449894375 0.5141524937499999
0 0.7493285968750001 0.547622696875 0.7937631765625001 0.5323302765625 0.7966485390625 0.523962725 0.7297081328125 0.50001421875 0.6849850156249999 0.5144410296874999 0.6844079437499999 0.5222315078124999 0.7493285968750001 0.547622696875
0 0.6820996546875 0.574456565625 0.737787146875 0.55397049375 0.737787146875 0.546180015625 0.6763289296874999 0.5173263921875 0.6194872921875 0.5349271015625 0.61891021875 0.5435831890625 0.6820996546875 0.574456565625
0 0.791743421875 0.630144059375 0.8480079875 0.59955921875 0.8491621328125 0.590037521875 0.75856175625 0.5525278124999999 0.7017201171874999 0.5735909578125 0.7011430453124999 0.584555334375 0.791743421875 0.630144059375
0 0.8601265093749999 0.594654103125 0.9097547421875 0.570417059375 0.9103318140625 0.561760971875 0.8205970453125 0.5300219859374999 0.7738541765625 0.549065378125 0.7741427125 0.5591641453125 0.8601265093749999 0.594654103125
0 0.3475377 0.5541698515625 0.3739091234375 0.5885468859375 0.39886779375 0.5866632125 0.398396875 0.5701810734375 0.38003106249999996 0.5725356640625 0.3607234125 0.5414550578124999 0.34612494531250004 0.545693321875 0.3475377 0.5541698515625
0 0.421942790625 0.6587137125 0.4751565578125 0.641289734375 0.4737438015625 0.6125637187499999 0.42900656406250004 0.6243366765625 0.39933871249999997 0.590430559375 0.38379840781249996 0.5951397421875 0.3814438171875 0.60644178125 0.421942790625 0.6587137125
0 0.437012175 0.6723703421875 0.4878713515625 0.7406534953125 0.5359050171875 0.7406534953125 0.614548371875 0.70298003125 0.610781025 0.687910646875 0.5990080671875 0.6766086078125 0.5961825578125 0.6822596265625 0.523661140625 0.7171075796874999 0.4746856390625 0.6657774859375001 0.47186012968749996 0.6469407546875 0.4379540125 0.660597384375 0.437012175 0.6723703421875
0 0.6936626453125 0.6403478984375 0.6357396953125 0.662010140625 0.601362659375 0.63893514375 0.59806623125 0.6638938125 0.6385652046875 0.693561665625 0.7219177421875 0.65212085625 0.723801415625 0.641760653125 0.697429990625 0.6243366765625 0.6936626453125 0.6403478984375