0 0.2766716234375 0.4655283671875 0.3438890234375 0.4505244828125 0.3438890234375 0.44422285156249997 0.2799724765625 0.458326503125 0.26016735 0.438821453125 0.25896703906249996 0.447823784375 0.2766716234375 0.4655283671875
0 0.35679236406250003 0.449924328125 0.41650782187499996 0.4379212203125 0.41650782187499996 0.430419278125 0.35829275156249996 0.44092199687500006 0.34118832499999996 0.4250178796875 0.340288090625 0.43702098749999996 0.35679236406250003 0.449924328125
0 0.42847659218749995 0.435645571875 0.47841612031249997 0.42492795625 0.47704791406249997 0.41854299375000004 0.44877165156250004 0.40508896562499996 0.4195086 0.4109142296875 0.4198086765625 0.42951904531249996 0.42847659218749995 0.435645571875
0 0.4186711140625 0.410789825 0.4421586546875 0.40645717187499997 0.44261472343749997 0.40372075937499996 0.41616273593750003 0.39026673125 0.4186711140625 0.410789825
0 0.4168468390625 0.38570604375 0.41707487343749994 0.389126559375 0.42300376718750005 0.392775109375 0.46154157656250006 0.38661818124999997 0.4617696109375 0.38114535625 0.4391942078125 0.37339218750000003 0.40134050156249995 0.37932108124999997 0.4168468390625 0.38570604375
0 0.4517360984375 0.40668520625 0.49278228593750006 0.40030024375 0.4932383546875 0.39459938437500003 0.4661022640625 0.384109803125 0.42984479843749995 0.390494765625 0.4287046265625 0.395055453125 0.4517360984375 0.40668520625
0 0.4877655296875 0.422875646875 0.5326883015625 0.41375427187499997 0.5313200953125 0.40668520625 0.5012195578124999 0.39573955625 0.46108550781249996 0.40508896562499996 0.46108550781249996 0.40942161875 0.4877655296875 0.422875646875
0 0.5678055953125 0.4801122765625 0.6223058124999999 0.4652900421875 0.622533846875 0.45936114687499996 0.5737344890625 0.437469846875 0.5247070984375 0.4518360125 0.5247070984375 0.46027328437500004 0.5678055953125 0.4801122765625
0 0.6325673593750001 0.46232559375 0.676349959375 0.44841549687500004 0.6765779937499999 0.440206259375 0.62823470625 0.42401581874999994 0.5844521046875 0.43701377812500003 0.5855922765625 0.441574465625 0.6325673593750001 0.46232559375
0 0.64510925 0.5186500859375001 0.697785190625 0.49812699218749995 0.6989253625 0.4901457890625 0.63918035625 0.46369380156249995 0.5887847578125001 0.48102441406249996 0.5855922765625 0.4903738234375 0.64510925 0.5186500859375001
0 0.707818703125 0.4933382703125 0.752969509375 0.47646372656249997 0.753425578125 0.4666582484375 0.6934525375 0.445223015625 0.648529765625 0.45844900937500005 0.6487578 0.46962269531249995 0.707818703125 0.4933382703125
0 0.664492171875 0.5252630828125 0.7463565125 0.5665373046875 0.8008567281250001 0.5378049734375 0.802224934375 0.5279994953125 0.71853631875 0.4960746828125 0.665860378125 0.5165977765624999 0.664492171875 0.5252630828125
0 0.8143107562499999 0.5341564234375 0.85626908125 0.5081605046875 0.8571812187500001 0.5004073359375 0.7755449125 0.4719030390625 0.7299380375 0.4917420296875 0.73130624375 0.49995126718750005 0.8143107562499999 0.5341564234375
0 0.3108403171875 0.5072898171875 0.3420117453125 0.5442876796875 0.368522025 0.5381699234374999 0.366482771875 0.5227298703125001 0.3487121453125 0.52622573125 0.3251150828125 0.49359769375000007 0.312296925 0.500006771875 0.3108403171875 0.5072898171875
0 0.351916684375 0.5597277328125 0.397362878125 0.6066305359374999 0.44543096875000004 0.5874033 0.44630493437499996 0.5638062374999999 0.39532362656250003 0.57895496875 0.367648059375 0.54195710625 0.351334040625 0.5454529671875 0.351916684375 0.5597277328125
0 0.4090157484375 0.6118743281250001 0.40843310625000007 0.6235271984375 0.47572843125000003 0.698979534375 0.5814782296875001 0.64421104375 0.5811869078125 0.6308102421874999 0.5666208203124999 0.619157371875 0.5680774296875 0.6267317375 0.49641227656250003 0.659359775 0.44543096875000004 0.6077958234375 0.446887578125 0.596434275 0.4090157484375 0.6118743281250001
0 0.601288109375 0.6319755296875 0.6828582015625 0.5911904828125001 0.6837321671875001 0.580411578125 0.6578045312499999 0.5638062374999999 0.6578045312499999 0.580411578125 0.6004141453125 0.6060478921875 0.5686600734375 0.578663646875 0.5654555328125 0.603134675 0.601288109375 0.6319755296875