0 0.2216427625 0.5071517375 0.14819264999999998 0.5230106359375 0.1404928421875 0.5033982625 0.13386239687499998 0.5041905484375 0.1314277296875 0.5341196 0.1328495703125 0.544275434375 0.242628596875 0.5171718624999999 0.24129974375000002 0.5087903453125 0.22925901406250002 0.48273350156249994 0.21742184999999997 0.4860226484375 0.2216427625 0.5071517375
0 0.2858241984375 0.492668184375 0.27109685781250004 0.4747585015625 0.2544268125 0.47919052500000003 0.2566195765625 0.48708196875 0.2708549578125 0.5125789968750001 0.3586642296875 0.49062999218750003 0.356378478125 0.4809642296875 0.34370441875 0.4682845140625 0.344355334375 0.48070474062499996 0.2858241984375 0.492668184375
0 0.3892982359375 0.47256700937499996 0.36885085625 0.455846696875 0.35972166250000004 0.459883521875 0.3578989640625 0.467540609375 0.38418261875000004 0.4852894484375 0.45721239843749995 0.46989737500000006 0.45319882187499994 0.4612117609375 0.4407339859375 0.4525242609375 0.437650290625 0.46158182812500004 0.3892982359375 0.47256700937499996
0 0.43616120937499997 0.543502671875 0.525465834375 0.516137725 0.5259577953125001 0.508550378125 0.47871155312499997 0.4812249921875 0.398280403125 0.49967374218750005 0.398815084375 0.5098760703125 0.43616120937499997 0.543502671875
0 0.513166228125 0.6039626984375001 0.612909425 0.56359635 0.6131689140625001 0.5515732078125 0.5408981296875 0.5135497609375 0.4516864921875 0.5426890265625001 0.45091368281250005 0.5534046765625 0.513166228125 0.6039626984375001
0 0.301094378125 0.588833840625 0.301045996875 0.5963979390625 0.339994278125 0.6690827859375 0.47807506406250005 0.6133633125 0.47560333593750004 0.6001489140625 0.4210078765625 0.551413590625 0.301094378125 0.588833840625
0 0.27015000312500004 0.5330766437500001 0.267906971875 0.5412005578125 0.29187408125 0.5826450875 0.40802783593749997 0.5498698546874999 0.40616241718749996 0.5397372671875 0.3683959609375 0.5065774937499999 0.27015000312500004 0.5330766437500001
0 0.2433938609375 0.5402612453125 0.11432980781249999 0.57282348125 0.1071030953125 0.6301363421875 0.1090615046875 0.6420432484374999 0.26135819531250004 0.594474709375 0.259049196875 0.5843653671875 0.2433938609375 0.5402612453125
0 0.0978306484375 0.6484142046875 0.0814513640625 0.7517540312500001 0.0900257046875 0.7625917078125 0.122983225 0.7549150140625 0.2911595640625 0.6878327468750001 0.2876147 0.67111620625 0.260283175 0.5994238234375 0.0978306484375 0.6484142046875
0 0.5535233484375001 0.44724059687500006 0.6045910984375 0.43281035 0.605180884375 0.428772428125 0.5526135828125 0.4400756546875 0.51731111875 0.42910334375000003 0.515795340625 0.43586113437499996 0.5535233484375001 0.44724059687500006
0 0.6122111078125 0.46606989375 0.666938684375 0.45011217343750004 0.6665617234375001 0.44291931093750003 0.616733915625 0.4300369 0.5652880703125 0.4423498890625 0.5659174734375 0.44926238749999997 0.6122111078125 0.46606989375
0 0.6913537375 0.4929097546875 0.7491106046875 0.47358766875 0.7467710953125 0.46462771875 0.6823202140625 0.447970390625 0.62647118125 0.4629183484375 0.6260210140625 0.4696202921875 0.6913537375 0.4929097546875
0 0.6944898203125 0.450805353125 0.7611277671875001 0.46841659687500004 0.80863455625 0.452303034375 0.8076968671874999 0.44460528750000006 0.7430633531249999 0.4295603375 0.69377665 0.4422944375 0.6944898203125 0.450805353125
0 0.822137309375 0.44999258124999997 0.8612448765625 0.436723409375 0.8622138890625 0.42972713906250004 0.7931213421875001 0.416251546875 0.7544907328125 0.428427184375 0.7534379515625 0.43382504062500005 0.822137309375 0.44999258124999997
0 0.6856215703124999 0.41921402968750004 0.7388986453124999 0.4316485390625 0.77708021875 0.4210992375 0.7790729562500001 0.41324791406249994 0.7233831656249999 0.40574826406250003 0.6856506265625 0.414671228125 0.6856215703124999 0.41921402968750004
0 0.6281322390625 0.4334465484375 0.6793618640625 0.4475911640625 0.7225073531249999 0.4349117765625 0.72431745625 0.42867282968750003 0.672694640625 0.4172201609375 0.6273062421875 0.4278800234375 0.6281322390625 0.4334465484375