0 0.6238484171875001 0.47244719375 0.7062332390625 0.459821896875 0.7046794765625 0.45280727968749995 0.6886644421875 0.43566676875 0.6886265625 0.44803235781249995 0.6335585859374999 0.4574254328125 0.6239249265625 0.44232866406250004 0.611613528125 0.4425981265625 0.6108533359375 0.4490700703125 0.6238484171875001 0.47244719375
0 0.5186499609374999 0.47610244843749994 0.5198058109375 0.484454809375 0.597688925 0.47325707499999997 0.58910573125 0.4443485921875 0.5810607109375 0.44545025000000005 0.580281203125 0.46079866562499994 0.526153059375 0.47192739218749996 0.5238955484375001 0.45553001093749995 0.52036114375 0.456153221875 0.5186499609374999 0.47610244843749994
0 0.6197423671875 0.4886990640625 0.5306146390625 0.49902746875000004 0.527255746875 0.5374887 0.52814916875 0.547947153125 0.635771465625 0.5346745515625 0.635574009375 0.524568725 0.6197423671875 0.4886990640625
0 0.4207704609375 0.499699146875 0.49751478593750004 0.4874346328125 0.5036282015625 0.466392278125 0.5022192015625 0.45840145000000004 0.49205918125 0.458291565625 0.487175125 0.47911715 0.434855390625 0.4861242640625 0.4309342328125 0.472872284375 0.41885516875000006 0.49243138125 0.4207704609375 0.499699146875
0 0.5043088828125 0.5115882609375 0.5018872953125 0.505043559375 0.4156703859375 0.513908025 0.39051748124999996 0.5563705765625 0.3938878078125 0.565600046875 0.49526383437500004 0.553745725 0.5043088828125 0.5115882609375
0 0.49593959375 0.566756184375 0.49201946718749995 0.5563377078125 0.3857310453125 0.5668228140625 0.3490217890625 0.629652278125 0.352197253125 0.6439230515625 0.4841856625 0.6298779203125 0.49593959375 0.566756184375
0 0.5235670453125 0.5504283125 0.5206068765625 0.6102730390625 0.5219772625 0.6255212375 0.667126990625 0.60948498125 0.66479770625 0.5944058625 0.6376753046875 0.535910653125 0.5235670453125 0.5504283125
0 0.73925000625 0.47087164687499994 0.6444509843749999 0.48462113437500004 0.6425316249999999 0.49616498125 0.6640164703125 0.5339025625 0.7806632687499999 0.516959865625 0.77998773125 0.5075214234375001 0.73925000625 0.47087164687499994
0 0.7959114671874999 0.5155894796875 0.6726087328125 0.53403536875 0.6700315796874999 0.5437177765625 0.7094683421875 0.606633053125 0.863905959375 0.5909365171875 0.8620846953125 0.573131253125 0.7959114671874999 0.5155894796875
0 0.24317933749999998 0.558342290625 0.1569355234375 0.5682762671875 0.08644168437500001 0.6189364609375 0.0892982953125 0.6276607515625 0.1876503359375 0.617239621875 0.246882128125 0.5662582328125 0.24317933749999998 0.558342290625
0 0.2956030765625 0.5210850406249999 0.2923889984375 0.5140716375000001 0.22037812343750002 0.5224846750000001 0.17126343593749999 0.5598175921874999 0.1733495328125 0.5660411765625 0.2550621234375 0.5565766062499999 0.2956030765625 0.5210850406249999
0 0.0045876765625 0.569762340625 0.006785715624999999 0.582228034375 0.011541046874999999 0.586662675 0.056590015625000004 0.5823446078125001 0.11914782500000001 0.54461873125 0.113433040625 0.538375840625 0.049582074999999996 0.5463387796875 0.0045876765625 0.569762340625
0 0.13629607500000002 0.535333184375 0.0771229859375 0.5698256749999999 0.079114890625 0.5773841515625 0.15629625625000002 0.5683889875 0.20565491093750002 0.5343087625 0.2047160984375 0.5252463125 0.13629607500000002 0.535333184375
0 0.1390538109375 0.5790094265625 0.1341288484375 0.5716385578125001 0.058808921874999996 0.579975928125 0.011199765625 0.6071562515625 0.0164976 0.63720176875 0.0653636421875 0.630233221875 0.1390538109375 0.5790094265625