0 0.2841735640625 0.46942937812499996 0.2358610578125 0.46762891093750003 0.23646121406249998 0.46162735781249997 0.2187566296875 0.4697294546875 0.2196568625 0.479331940625 0.286274109375 0.48323295 0.323483740625 0.46312774531249995 0.321683275 0.45592588125000005 0.3105804015625 0.4538253375 0.2841735640625 0.46942937812499996
0 0.3084798578125 0.47543093125 0.306679390625 0.48413318437499997 0.37929819062500003 0.48893442656249997 0.40570502656249996 0.4661285234375 0.40540494843749997 0.46012696875000003 0.3958024625 0.45922673593749996 0.37689756874999997 0.47423062031249996 0.329785371875 0.473030309375 0.3288851390625 0.4655283671875 0.3084798578125 0.47543093125
0 0.400303628125 0.4808323296875 0.3991033171875 0.49163512656249997 0.47802374687500004 0.494635903125 0.4939278640625 0.47062968749999995 0.4918273203125 0.46432805625 0.47802374687500004 0.46432805625 0.46542048437499994 0.48233271718750004 0.41290689062499997 0.47843170781250005 0.41350704531250004 0.46912929999999997 0.400303628125 0.4808323296875
0 0.47712351406250003 0.4610272015625 0.48462545625000003 0.460727125 0.4852256125 0.464628134375 0.49542825312499994 0.4661285234375 0.5071312828125001 0.44962425 0.50563089375 0.443022540625 0.4936277875 0.443622696875 0.48552568906250004 0.4553257265625 0.47832382500000004 0.45562580468749997 0.47712351406250003 0.4610272015625
0 0.3174821875 0.5399476328125 0.3204829640625 0.5489499624999999 0.42160914375 0.558252371875 0.4498164453125 0.517141728125 0.44681566874999995 0.5087395531250001 0.36339407343749996 0.5021378453125 0.3174821875 0.5399476328125
0 0.2586669625 0.4949359796875 0.198651425 0.5291448359375 0.20135212500000002 0.5384472437500001 0.29107535156250003 0.54534903125 0.3369872375 0.5090396312500001 0.336687159375 0.502437921875 0.2586669625 0.4949359796875
0 0.23706136875 0.6239693843749999 0.364594384375 0.6395734234375 0.414407278125 0.570855634375 0.4117065796875 0.55945268125 0.3063793140625 0.54955011875 0.234960825 0.6092655765625 0.23706136875 0.6239693843749999
0 0.180046609375 0.5393474765625 0.086422371875 0.5930613828125 0.089873265625 0.6032640234375 0.2043529015625 0.6176677515625 0.2781720109375 0.5606529921875001 0.2763715453125 0.54955011875 0.180046609375 0.5393474765625
0 0.1777960265625 0.5378470890625 0.23976206718749998 0.5042383890625 0.23706136875 0.4949359796875 0.1620419484375 0.490434815625 0.0900233046875 0.5237434375000001 0.0913736546875 0.5315454578125001 0.1777960265625 0.5378470890625
0 0 0.585559440625 0.000300078125 0.59576208125 0.057614915625 0.6014635578124999 0.156940628125 0.547749653125 0.1533396953125 0.5363467 0.061816003125 0.5297449921874999 0 0.55795229375 0 0.585559440625
0 0.7264880687499999 0.551350584375 0.7285886125000001 0.5405477875 0.7078832515625 0.504538465625 0.61605948125 0.4997372234375 0.618460103125 0.54114794375 0.7264880687499999 0.551350584375
0 0.7534950593749999 0.5525508953125 0.8720257437500001 0.560352915625 0.8747264421875001 0.5507504296875 0.8294147125 0.5123404859375 0.7315893890625 0.5057387765625 0.7288886890625 0.515641340625 0.7534950593749999 0.5525508953125
0 0.9110358421875 0.5669546234375 0.9989586031250001 0.5717558671875 0.999558759375 0.5387473218750001 0.969550990625 0.519842428125 0.8624232578125 0.5141409515625 0.8585222484375 0.5234433593750001 0.9110358421875 0.5669546234375
0 0.7651980890625001 0.5543513609375 0.7630975453125 0.564554003125 0.8051084203125001 0.6281704718750001 0.9620490484375 0.6431743546875001 0.9644496703125001 0.6284705484375 0.8921309484375 0.5630536140625 0.7651980890625001 0.5543513609375
0 0.618160025 0.5441487203125 0.615759403125 0.5522508171875 0.6208607234375 0.6122663546875 0.761897234375 0.62306915 0.7636977 0.6122663546875 0.7330897765625 0.5516506624999999 0.618160025 0.5441487203125
0 0.7105839515625 0.47453069843750006 0.7090835625 0.48143248437499997 0.7264880687499999 0.5090396312500001 0.729788921875 0.5090396312500001 0.7333898546875 0.5057387765625 0.8207124609375 0.5105400203125 0.8219127703125 0.50063745625 0.7342900875 0.498236834375 0.7186860484375 0.47513085312500003 0.7105839515625 0.47453069843750006
0 0.8258137812499999 0.498236834375 0.850720228125 0.5186421171875 0.8606227921875 0.519842428125 0.8621231796875 0.513840875 0.9533467953124999 0.5192422718749999 0.954847184375 0.5144410296874999 0.9521464843749999 0.5093397093750001 0.8516204609375 0.505138621875 0.83001486875 0.487734115625 0.8258137812499999 0.498236834375