0 0.3325973390625 0.457619078125 0.39831360781249997 0.44630127656249996 0.3968532453125 0.438634378125 0.3325973390625 0.44776163750000003 0.31726354218749997 0.4265863953125 0.3187239046875 0.4408249203125 0.3325973390625 0.457619078125
0 0.413647403125 0.44484091406250004 0.47096659374999994 0.4353485640625 0.4680458703125 0.42987220937500004 0.413647403125 0.433888203125 0.395392884375 0.41526859375 0.39648815625 0.4324278421875 0.413647403125 0.44484091406250004
0 0.5286508734375001 0.42476094375000006 0.5293810546875 0.4163638640625 0.50418981875 0.4021253390625 0.472061865625 0.40833187656250003 0.470601503125 0.42439585312499994 0.4779033109375 0.43169766093749995 0.5286508734375001 0.42476094375000006
0 0.47009961562499997 0.408840040625 0.49402388750000004 0.4039072015625 0.49328396249999995 0.3999609296875 0.4708395421875 0.3881221140625 0.47009961562499997 0.408840040625
0 0.4760190234375 0.39009525 0.5147418140625 0.38343591718750003 0.5140018890625 0.3789963609375 0.49353060312499997 0.370857175 0.457520875 0.3762832984375 0.4760190234375 0.39009525
0 0.5026563578125 0.404400484375 0.5458187031249999 0.399221003125 0.5450787781249999 0.39379487968750004 0.5204145796875 0.3824493484375 0.48267835625 0.38886204062499996 0.48218507343750006 0.39527473125 0.5026563578125 0.404400484375
0 0.539899296875 0.423145275 0.5867612734375001 0.4135262375 0.5867612734375001 0.4068669046875 0.5554377406250001 0.3955213734375 0.5135086046875 0.4039072015625 0.513755246875 0.40933332499999997 0.539899296875 0.423145275
0 0.622760296875 0.4833760171875 0.6773555265625 0.4697272109375 0.677087903125 0.4619661234375 0.63105663125 0.43975335781249997 0.5772642718750001 0.45126117656250003 0.5772642718750001 0.45982513437500006 0.622760296875 0.4833760171875
0 0.68779285 0.46544523125000004 0.73462699375 0.4550079078125 0.735162240625 0.445908703125 0.6853842375 0.42717504531249995 0.6398882125 0.43761236875 0.6401558359374999 0.445908703125 0.68779285 0.46544523125000004
0 0.765671340625 0.5023772984375 0.8167874625 0.48631987812500005 0.8159845921875 0.47695305 0.7525577796875 0.452331671875 0.7049207656250001 0.46571285468749996 0.7070617546875 0.47668542656249996 0.765671340625 0.5023772984375
0 0.6944834421875 0.5251253109375 0.7571073828125 0.507997396875 0.7557692640625 0.5005039328125 0.6926100765625 0.46919196249999995 0.638014846875 0.48417888906249995 0.6374795984375 0.4948838359375 0.6944834421875 0.5251253109375
0 0.8076882578125 0.5807910359374999 0.864156853125 0.5510848078125 0.868171209375 0.5430560984375 0.779587771875 0.503983040625 0.7185695734374999 0.5291396671874999 0.717766703125 0.53636550625 0.8076882578125 0.5807910359374999
0 0.8783234500000001 0.5518212609375001 0.93018260625 0.5262199046875 0.9337930546875001 0.5137474484375 0.8422189734375 0.482566309375 0.7900315921875001 0.50455721875 0.7910162609375 0.5140756718749999 0.8783234500000001 0.5518212609375001
0 0.3647854921875 0.503084965625 0.39284591562500004 0.537900675 0.4172688765625 0.5327043015624999 0.4141510515625 0.5129580781249999 0.39804229062499996 0.516595540625 0.3777764296875 0.4859369296875 0.36322658125 0.49321185468750006 0.3647854921875 0.503084965625
0 0.4011601140625 0.552450525 0.4427311109375 0.6059731828125 0.49053775625 0.587785871875 0.49001811875 0.5545290734375 0.4427311109375 0.571677109375 0.4157099640625 0.5358221249999999 0.40219938906249997 0.539979225 0.4011601140625 0.552450525
0 0.454163134375 0.6059731828125 0.45260422343749995 0.61220883125 0.5175589046875 0.6958704609375 0.6246042203125 0.648583453125 0.6246042203125 0.6361121546875 0.610054371875 0.62156230625 0.608495459375 0.6324746921875 0.533667665625 0.6600154765624999 0.4884592078125 0.6064928187499999 0.49157703125 0.5909036953125 0.454163134375 0.6059731828125
0 0.6490271796875 0.6413085296875 0.7373655484375 0.6033749953124999 0.7358066359375 0.5893447828125 0.70826585 0.571157471875 0.70826585 0.585187684375 0.6505860921875 0.6085713687500001 0.6157703828125001 0.583109134375 0.612132921875 0.6059731828125 0.6490271796875 0.6413085296875