0 0.9581939500000001 0.4939467609375 0.952876709375 0.48413073281249996 0.9289056890625 0.509652384375 0.843166825 0.4913393109375 0.8391667406250001 0.4984424234375 0.9308077828125001 0.516171915625 0.9581939500000001 0.4939467609375
0 0.8429694718749999 0.48148846250000005 0.8447207828125001 0.46748692968750005 0.8230485875 0.48201374374999995 0.7515809484375 0.47194150312499994 0.7498763328125 0.4770008578125 0.8238335515624999 0.49323924375 0.8429694718749999 0.48148846250000005
0 0.7529081468750001 0.4218040375 0.7688315953125 0.41374878125 0.7287342234375 0.4070077171875 0.701466534375 0.4167061328125 0.701281209375 0.42010061875 0.747366828125 0.42942254531249996 0.7520385953125001 0.42591421562500004 0.7529081468750001 0.4218040375
0 0.748840321875 0.4664426890625 0.749321653125 0.4485670984375 0.71613228125 0.44134297812499995 0.68252719375 0.4542008796875 0.681023109375 0.4621279734375 0.7375039984375 0.47505731874999996 0.748840321875 0.4664426890625
0 0.7208460484375 0.44258024687499997 0.749620278125 0.44703498125 0.7516251171875 0.4260694515625 0.72202413125 0.4382709578125 0.7208460484375 0.44258024687499997
0 0.6708109421875 0.4370018375 0.7134988124999999 0.4435617578125 0.7384115296875 0.4316962609375 0.7365496890625 0.425752396875 0.6973359453125 0.4192387828125 0.6650994765625 0.42906245312499997 0.6661804765625 0.429409553125 0.6641758328125 0.433987984375 0.6708109421875 0.4370018375
0 0.7023047046875 0.44573072812500003 0.7006935453125 0.43979683593749996 0.6593411031249999 0.4310913453125 0.6227732984375 0.44376613281250005 0.6228718234375 0.44819749687500005 0.67338245 0.4581658375 0.7023047046875 0.44573072812500003
0 0.629327234375 0.49302519062499994 0.627900171875 0.48502623749999996 0.5785639796875001 0.47025398906250004 0.53362551875 0.48635889375 0.5322264031249999 0.49726570312499996 0.5843607671875 0.51178855625 0.629327234375 0.49302519062499994
0 0.56733898125 0.4761354671875 0.566548084375 0.465835090625 0.5243613046875 0.4571584578125 0.48065285781249995 0.4732306859375 0.4797168734375 0.48052715625 0.5223322609375 0.494323165625 0.56733898125 0.4761354671875
0 0.5653060140624999 0.521847365625 0.5646418140625 0.5123488640625 0.5158611609375 0.497248528125 0.45748728906249997 0.518684875 0.45765633125000005 0.529374965625 0.5068797828125 0.550807634375 0.5653060140624999 0.521847365625
0 0.5063429921875 0.49733956562500004 0.5050829984375 0.48759348437499994 0.4682242796875 0.4733949296875 0.4132238984375 0.49343841718750003 0.41317154062499994 0.5009623390625 0.45251407187500003 0.5175903749999999 0.5063429921875 0.49733956562500004
0 0.4898398234375 0.5523739187500001 0.48740836875 0.5424205140625 0.4425628 0.521549434375 0.36843254999999997 0.5492939109375 0.3702682109375 0.5589997359375001 0.41557670625 0.5864909828125 0.4898398234375 0.5523739187500001
0 0.43223491249999996 0.5219268046875001 0.42563185312499996 0.5135899421875 0.38927975625 0.49840178437500005 0.32741050625 0.51953208125 0.3334882875 0.52697950625 0.35688323906249997 0.5521520343749999 0.43223491249999996 0.5219268046875001
0 0.8796368906250001 0.558019171875 0.8794014140625 0.5505153765624999 0.863763828125 0.5461132890625 0.83872021875 0.5767885890625 0.8138863562499999 0.571376103125 0.8091361953125 0.588462178125 0.8408448953125 0.601377453125 0.8796368906250001 0.558019171875
0 0.773061809375 0.669843646875 0.8274513703125 0.6181660531250001 0.8258693390625 0.6038146375 0.8060410687499999 0.5973916640625 0.8067918281249999 0.60399170625 0.7707702953125 0.634856175 0.71296753125 0.6145332781249999 0.7126422265625 0.6412088953125 0.773061809375 0.669843646875
0 0.46760265156249997 0.6200781281250001 0.5384342515625 0.6660885624999999 0.5789719343749999 0.64092526875 0.5768062125 0.6182266875 0.5419078609375 0.6403353921875 0.49060117031250006 0.6097926890625 0.48961493437500003 0.5956888546875 0.4665857875 0.6058114109375 0.46760265156249997 0.6200781281250001
0 0.562779534375 0.660664734375 0.5583455421875 0.6773001125 0.6372506375 0.7317658875 0.6947555875 0.7269989875 0.7508486484375 0.6820300546875 0.75093308125 0.6698967703125 0.7091320734375001 0.6457663921875 0.707051378125 0.662703646875 0.6490691859375 0.7073382421875001 0.5760034468749999 0.6630050921875 0.5731308234375 0.655276525 0.562779534375 0.660664734375