0 0.4144505359375 0.592934496875 0.4141582921875 0.5987324546874999 0.47587719218749996 0.593601128125 0.4785930828125 0.6129256937500001 0.48212467343750004 0.6144221296875 0.47955548906249995 0.5851131046875 0.4144505359375 0.592934496875
0 0.491992928125 0.583807975 0.493001125 0.6177647546875 0.49951150312500003 0.6183997109375 0.4992016453125 0.5909873453125 0.5571143140625 0.5824054140625 0.5559511984375 0.5757049000000001 0.491992928125 0.583807975
0 0.5625449125 0.59426305625 0.5637655374999999 0.6029482546875 0.6206500671875 0.5965035859375 0.6340017953125 0.5749208625 0.6319091296875 0.5679081515625 0.5687583453125 0.575454903125 0.5625449125 0.59426305625
0 0.56409875 0.6404439109375 0.59853053125 0.636222928125 0.6051672296875 0.6233404953125 0.6053223062499999 0.618580025 0.566590921875 0.62299321875 0.5692327171875 0.628596790625 0.56409875 0.6404439109375
0 0.566764565625 0.622762784375 0.60783195625 0.618845403125 0.617044921875 0.6023044296875 0.616335053125 0.5972534578124999 0.562943296875 0.602902915625 0.566764565625 0.622762784375
0 0.6072564218750001 0.6308759953124999 0.6082851828125 0.6352640593750001 0.652471615625 0.630084209375 0.6658891734375 0.61707290625 0.6645480703125 0.6104624140625 0.6151370234375 0.6165825671875 0.6072564218750001 0.6308759953124999
0 0.6174009500000001 0.6107015984374999 0.6198123109375 0.6161315265625 0.670141815625 0.61214861875 0.6843489625 0.5944936984375 0.6824869265625 0.5885745078125 0.6273652796875 0.5936429671875 0.6174009500000001 0.6107015984374999
0 0.6319652109375 0.5882578125 0.6351279375 0.593170084375 0.6906536640625001 0.5880448359375 0.7092903703125 0.563792528125 0.7072546921875 0.558103771875 0.6455509484374999 0.564715371875 0.6319652109375 0.5882578125
0 0.635801834375 0.513580240625 0.6377976640624999 0.524846934375 0.7142249390625001 0.5169925796875 0.7463155515625 0.47536657031249996 0.7439721453125 0.464561125 0.6524045671875001 0.47619290937500003 0.635801834375 0.513580240625
0 0.7307118218750001 0.5051903078125 0.7330552265625 0.5159957546875 0.8051542015625 0.506687703125 0.8520943781250001 0.462149925 0.845472953125 0.4531829140625 0.762050446875 0.46408238125 0.7307118218750001 0.5051903078125
0 0.6617956609375 0.4608514890625 0.6631028984375 0.47015296093750003 0.7559405484374999 0.458755078125 0.8013089765625001 0.3942306125 0.8006968921875 0.3840066453125 0.6896607109375 0.3979621625 0.6617956609375 0.4608514890625
0 0.7713278671875 0.44793214062500003 0.775984071875 0.45758774375 0.8672853937499999 0.447230578125 0.9298664656250001 0.38193663125 0.9271186484375 0.371188021875 0.81842761875 0.3839891515625 0.7713278671875 0.44793214062500003
0 0.6999550640625001 0.37754500156250004 0.705704271875 0.38910899374999997 0.8209550812499999 0.375798346875 0.89678991875 0.2727629359375 0.889309390625 0.260617465625 0.7499840546875001 0.26988837499999996 0.6999550640625001 0.37754500156250004
0 0.8376255875 0.359433871875 0.8449421640624999 0.36747838593750004 0.958675884375 0.3609793453125 0.9803326765625 0.33607850156249996 0.969951290625 0.2534079828125 0.9195899953125 0.2530626078125 0.8376255875 0.359433871875
0 0.4493157671875 0.42407280781249995 0.4619381609375 0.42042235625 0.44963403125 0.31284603906249997 0.30276815 0.3259807328125 0.30109213125 0.3407590796875 0.3426669828125 0.4329627234375 0.348381375 0.4335669859375 0.3392975234375 0.41232575625 0.3435074578125 0.352155528125 0.44247239531250004 0.3419998921875 0.4493157671875 0.42407280781249995
0 0.6260715234374999 0.2964935734375 0.481505825 0.3093049953125 0.48717548749999995 0.4164063578125 0.501630565625 0.41578219687500007 0.5006234375 0.3385185234375 0.5979496531249999 0.32671670625 0.614528371875 0.374582828125 0.6260715234374999 0.2964935734375