0 0.5066193265625001 0.5884242468750001 0.5370018765625 0.589824853125 0.57188408125 0.5930487296875 0.5729253078125 0.5873507921875001 0.53110574375 0.5843851546875001 0.506583353125 0.5826320671875 0.5066193265625001 0.5884242468750001
0 0.43042477031250004 0.577632840625 0.4290716 0.582760765625 0.4926263140625 0.5883210828125 0.4934655453125 0.5807963984375 0.43042477031250004 0.577632840625
0 0.38914644374999996 0.622251525 0.389128540625 0.626591734375 0.396958575 0.6404830046875001 0.42866634843750007 0.6419907234375 0.42130313125 0.631034809375 0.42214911875 0.6255007 0.38914644374999996 0.622251525
0 0.423316103125 0.626218628125 0.42507529999999993 0.606110921875 0.37514939375 0.601923878125 0.37400717031249997 0.60670844375 0.386137046875 0.6231467890625 0.423316103125 0.626218628125
0 0.35455397187500004 0.5799704375 0.36914799375 0.6013279578125 0.42602181562499997 0.60467560625 0.42625286406249996 0.5958313640624999 0.41863597343750003 0.5774360578125 0.35591609687500003 0.572672409375 0.35455397187500004 0.5799704375
0 0.3285800171875 0.624297671875 0.341804996875 0.6364900515625 0.38704058125 0.638457671875 0.38805039375 0.6331188015625 0.37619885000000003 0.6217702093749999 0.32876174687500004 0.620152703125 0.3285800171875 0.624297671875
0 0.3074056609375 0.6037029734375 0.3234156828125 0.6192144374999999 0.37228905 0.6209576015625 0.37459596093749997 0.613199509375 0.363002484375 0.6009689593750001 0.30776016875 0.5975831421875 0.3074056609375 0.6037029734375
0 0.2781969625 0.576040228125 0.299020765625 0.5964955265625 0.354590734375 0.600271825 0.357826725 0.5922332015625 0.341717903125 0.571647690625 0.279653328125 0.5676650015625 0.2781969625 0.576040228125
0 0.23156559687499997 0.4886569640625 0.26711128125 0.529071909375 0.34506620625 0.5314509984375 0.3467574203125 0.5222726843750001 0.3231886953125 0.48201737187499993 0.232529578125 0.47763859374999995 0.23156559687499997 0.4886569640625
0 0.12886740937500002 0.47975229218750004 0.1773100828125 0.5199632546874999 0.2508191 0.522397484375 0.2547139890625 0.5134119671875 0.21585180468749998 0.47537151718750004 0.1329165359375 0.4690038375 0.12886740937500002 0.47975229218750004
0 0.16275759843749998 0.41218510156250004 0.21975624218749998 0.4713530546875 0.31233253437499997 0.47412312968750003 0.31390807187499997 0.4662670234375 0.277932440625 0.40538547812500003 0.1740512796875 0.3998499203125 0.16275759843749998 0.41218510156250004
0 0.0384261578125 0.4045775515625 0.10291729375 0.46440101250000004 0.198540171875 0.4678817390625 0.1973004796875 0.456670571875 0.14242839375 0.398576884375 0.04075090625 0.393234125 0.0384261578125 0.4045775515625
0 0.0535030109375 0.288086353125 0.1392269359375 0.3844078921875 0.2524792078125 0.3894309921875 0.25781197968749997 0.37923894687500004 0.196119090625 0.2823552015625 0.057552135937500006 0.277337896875 0.0535030109375 0.288086353125
0 0.009587396875 0.368585078125 0.008464959375000001 0.3814146078125 0.026689843749999997 0.38784568125 0.11400065 0.38652926875000004 0.121587475 0.37826957656250004 0.0272479453125 0.27185795156250003 0.018237565625 0.2814084171875 0.009587396875 0.368585078125
0 0.6538203609375 0.3260042875 0.6507067859375 0.31569254375 0.5010613921875 0.3106317421875 0.50494816875 0.41538094374999995 0.514194278125 0.338384975 0.61099175625 0.33932415 0.616808371875 0.39906515468750003 0.6107995859375001 0.41610830156249995 0.6266285125 0.424520690625 0.6538203609375 0.3260042875
0 0.32282812031249997 0.3025981390625 0.3434773515625 0.370664365625 0.3575995453125 0.32973466406249996 0.45264106406250004 0.333532015625 0.46079286093749994 0.4010068265625 0.45682637187499997 0.40618144218749996 0.478963065625 0.40560831718749996 0.46996399999999994 0.30191775 0.32282812031249997 0.3025981390625