0 0.682036278125 0.49286793749999996 0.61993093125 0.48453401406249996 0.61960295 0.4940705140625 0.6862269109375 0.5017537453124999 0.699330246875 0.48327005312500004 0.6959867453124999 0.47475373281250005 0.682036278125 0.49286793749999996
0 0.546268596875 0.47680576406249997 0.5470274484375001 0.483388125 0.6020727921875 0.49126428281249995 0.6191071859374999 0.4767134046875 0.6189142609375 0.4651347875 0.6032695312499999 0.48251001718750003 0.546268596875 0.47680576406249997
0 0.54460474375 0.437160184375 0.52124931875 0.449559034375 0.5215737875 0.4557502765625 0.544383165625 0.4566243046875 0.54460474375 0.437160184375
0 0.4989320109375 0.435641046875 0.538950340625 0.4402639328125 0.55836263125 0.425987890625 0.5207654171875 0.422509503125 0.4996098328125 0.43124650468750003 0.4989320109375 0.435641046875
0 0.4945374671875 0.43496322656249997 0.468958090625 0.445929953125 0.46972929687500004 0.45024855625000004 0.5110534953125 0.45552950625 0.53311549375 0.44329411093750004 0.5325918640625 0.4402339125 0.4945374671875 0.43496322656249997
0 0.46024417656249994 0.4494742703125 0.4307843953125 0.46264224374999996 0.4310027234375 0.4668081953125 0.47531989843750005 0.473748546875 0.5029683984375 0.4606754984375 0.5027121 0.45578503281250005 0.46024417656249994 0.4494742703125
0 0.487589934375 0.4687464828125 0.4868448953125 0.47532405781250003 0.5358144546875 0.48093083437499995 0.5451864359374999 0.47608065 0.5435316546875 0.4583680421875 0.5129984453125 0.4545194453125 0.487589934375 0.4687464828125
0 0.3869096125 0.4946735734375 0.37916654843750003 0.495901203125 0.34288500625 0.517115684375 0.3441126359375 0.52485875 0.396519365625 0.5369052015625 0.4433265984375 0.5126735953125 0.4399855890625 0.5038085406249999 0.3869096125 0.4946735734375
0 0.286337421875 0.5044644140625001 0.28549462187499997 0.51190506875 0.3317115421875 0.5234540828124999 0.3794457390625 0.501228478125 0.3787567578125 0.4959226796875 0.3342649015625 0.485926921875 0.286337421875 0.5044644140625001
0 0.26527558125 0.5573436203125001 0.264928478125 0.566401959375 0.3208927203125 0.5836038765625 0.3833166828125 0.5515682640625 0.37988976874999997 0.5410640484375 0.32286796562500003 0.5272048828125 0.26527558125 0.5573436203125001
0 0.2038552078125 0.5379621515624999 0.2059668453125 0.5468916359375 0.252743890625 0.56128770625 0.315663546875 0.5308697765625 0.3140261296875 0.5231481890625 0.2711519578125 0.5126567359374999 0.2038552078125 0.5379621515624999
0 0.15611055625 0.607032715625 0.15615176718749998 0.615659790625 0.21267439062500001 0.6435162562500001 0.29999166875 0.59250665625 0.3044152015625 0.5828237640625 0.2418513609375 0.5651458859375 0.15611055625 0.607032715625
0 0.09272887656249999 0.581590296875 0.09527178281250001 0.5909080953125 0.14114159843750002 0.6115154484375 0.2270542125 0.572906940625 0.22871659218749998 0.5654233343749999 0.18332099375 0.546023875 0.09272887656249999 0.581590296875
0 0.3116074203125 0.6338113203125 0.287404828125 0.6502836125 0.28802763750000004 0.662167534375 0.37219775781250003 0.7000807 0.41169493749999997 0.66965754375 0.40784024218750003 0.643150028125 0.3696815578125 0.6677502140625 0.3123161359375 0.647334403125 0.3116074203125 0.6338113203125
0 0.5340759859374999 0.6568204859375 0.4864755234375 0.7169483249999999 0.41065563281250006 0.6817829109375 0.3961829046875 0.692863759375 0.394261265625 0.7054373265625 0.4752731625 0.7411908375 0.5190863390625 0.7401055921874999 0.5733756718749999 0.6680939328125 0.5707365359375001 0.658770075 0.5333791437500001 0.6435239515625 0.5340759859374999 0.6568204859375
0 0.6070987999999999 0.5811670640625 0.576050053125 0.6206429328125 0.53257355625 0.6117388765625 0.531890075 0.6397311015625 0.5855014875 0.6532651921875 0.623506525 0.598801409375 0.6250666781249999 0.587537084375 0.6070987999999999 0.5811670640625
0 0.6428674953125 0.5332719609375001 0.6225211046875 0.563584971875 0.605545940625 0.5597435187500001 0.6048418015625 0.5791348562499999 0.629560015625 0.5830006109375 0.655913115625 0.54420093125 0.654244215625 0.53697671875 0.6428674953125 0.5332719609375001