0 0.1146534328125 0.54813623125 0.19521585 0.523669521875 0.1941997234375 0.5193743234375 0.11586363125000002 0.541453590625 0.09346122343749999 0.52000506875 0.092579665625 0.5278310796875 0.1146534328125 0.54813623125
0 0.2206410375 0.518419284375 0.2814475609375 0.498684434375 0.2815546671875 0.4934838765625 0.2202483171875 0.5071732250000001 0.20000907343750002 0.49806378437500004 0.2003816546875 0.508733121875 0.2206410375 0.518419284375
0 0.26217740156249997 0.4393163875 0.27885562343750003 0.4456630625 0.2801500421875 0.44965982968749996 0.2851629375 0.4526606078125 0.3262739828125 0.43938778125000005 0.3249392875 0.43423757343749997 0.3013504828125 0.42842093437499995 0.26217740156249997 0.4393163875
0 0.2955138484375 0.4902595140625 0.34813917499999997 0.47600717656249997 0.345282115625 0.46860043281249997 0.314373534375 0.459863571875 0.28212110468749996 0.47051735156249996 0.28459276718750004 0.48342308437500003 0.2955138484375 0.4902595140625
0 0.30576169062499997 0.45784270156250007 0.2788700171875 0.44838814375 0.283055365625 0.46902926093749997 0.3068180984375 0.463291340625 0.30576169062499997 0.45784270156250007
0 0.316397703125 0.46048558125000005 0.3581660265625 0.44949949843750003 0.359416503125 0.44397030156249995 0.3299295859375 0.434606371875 0.291611515625 0.44518325625 0.290381178125 0.451289175 0.316397703125 0.46048558125000005
0 0.3585453984375 0.47425763125 0.4036431421875 0.45940202656249995 0.40226816562499995 0.453098375 0.3696797703125 0.4458637375 0.3293431765625 0.45651110937499995 0.3284817578125 0.46491384062499996 0.3585453984375 0.47425763125
0 0.44674496093749994 0.5198228031250001 0.4960674140625 0.5019325453125 0.4951986703125 0.49359023124999996 0.44816845 0.47790983750000005 0.400646646875 0.497758196875 0.40006351875 0.5058625 0.44674496093749994 0.5198228031250001
0 0.5058524171875 0.49638184843750005 0.5467922765625 0.4782068953125 0.5450987296875 0.47104823281249997 0.49994971718750003 0.459632825 0.46291599687499996 0.4739181171875 0.4591911140625 0.48299826875 0.5058524171875 0.49638184843750005
0 0.52661174375 0.5494956359375001 0.5733252203125 0.5230351234375 0.5723759171875 0.5123859265624999 0.512081115625 0.497168740625 0.4651461046875 0.517285321875 0.46547840625000003 0.5268012171875001 0.52661174375 0.5494956359375001
0 0.578763675 0.5134194375 0.6161525812499999 0.49277007656249994 0.615314046875 0.48529284375000004 0.5585198499999999 0.47110826250000004 0.5233471984375 0.489081821875 0.52311285 0.49890621562500004 0.578763675 0.5134194375
0 0.6208621515625 0.5783774703125 0.6630488265625 0.5463007953125001 0.66385989375 0.536456259375 0.5872356515625 0.5166124921875 0.544817371875 0.5420568765625 0.5434396515625 0.5522099125000001 0.6208621515625 0.5783774703125
0 0.6715855687500001 0.538772703125 0.705601115625 0.5124669 0.707150021875 0.50721599375 0.6337480906249999 0.4887032609375 0.6012411734375 0.5086047140625001 0.5995549515625 0.5181911 0.6715855687500001 0.538772703125
0 0.16815915625 0.5804011015625 0.16870933125 0.5878884046875 0.20720682968749998 0.623787903125 0.235660225 0.6118232296875 0.232480934375 0.59518895 0.2113637953125 0.6022780437499999 0.1832509359375 0.5743885546875 0.16815915625 0.5804011015625
0 0.2431159296875 0.61619444375 0.22406766406249998 0.62465485 0.2239944296875 0.6390930140625 0.27904290781249996 0.6859630250000001 0.3345646515625 0.6554416640625 0.329343034375 0.629928628125 0.28210959375 0.6497669203124999 0.24305917500000002 0.6228368046874999 0.2431159296875 0.61619444375
0 0.46610601406249996 0.659822853125 0.3987120609375 0.71414448125 0.338365990625 0.6726562859375 0.33949196875 0.6552942374999999 0.2986830140625 0.677217878125 0.29946479375 0.691337471875 0.34035614375 0.721379134375 0.3685962484375 0.7446447859374999 0.399192665625 0.7444424703125 0.48293894374999996 0.6788674578125 0.47946488593750003 0.6703274109375 0.46610601406249996 0.659822853125
0 0.46196428125000005 0.6242442734375 0.4621830734375 0.6470448890625 0.49841671249999997 0.667721703125 0.5707631421875 0.614670690625 0.5698239093749999 0.604309853125 0.5463220718749999 0.5927159343749999 0.546815490625 0.6068455968750001 0.49898244375 0.64258399375 0.46196428125000005 0.6242442734375