0 0.04279765 0.41043263750000003 0.152003671875 0.3817780234375 0.1544582203125 0.37179548125 0.053490998437500006 0.39704232500000003 0.015540414062499999 0.37993527031249996 0.0112640609375 0.3923740015625 0.04279765 0.41043263750000003
0 0.174967653125 0.3789709203125 0.2577157859375 0.3585538546875 0.25811988124999996 0.350507359375 0.1800891046875 0.36718998593749996 0.1523875046875 0.3516509 0.153894609375 0.3661227046875 0.174967653125 0.3789709203125
0 0.257002359375 0.28446518125 0.2571251203125 0.2898337875 0.278171984375 0.2857027109375 0.27829305937500004 0.27895124375 0.24060925625000001 0.2662466859375 0.2146614171875 0.269870053125 0.257002359375 0.28446518125
0 0.2748409703125 0.31470186875 0.328363340625 0.3063161109375 0.3317378078125 0.29728659375 0.2896206640625 0.2834438546875 0.256860403125 0.2872918625 0.257147690625 0.30587864374999996 0.2748409703125 0.31470186875
0 0.2683392484375 0.35561818437500003 0.329059834375 0.34279824375 0.3307257640625 0.3313286796875 0.2822020265625 0.31136579062499997 0.25755605312499996 0.3177139578125 0.2619735734375 0.35128756875 0.2683392484375 0.35561818437500003
0 0.34317235625000003 0.33958323749999997 0.393481409375 0.32920502812499997 0.392178703125 0.3204201921875 0.344956828125 0.303182103125 0.29727069687499996 0.310814628125 0.29690578749999996 0.3189489546875 0.34317235625000003 0.33958323749999997
0 0.1803812 0.4572412453125 0.152424071875 0.46455266406250006 0.15539411875 0.4799404546875 0.240822315625 0.533475515625 0.28950301875 0.512768234375 0.288875171875 0.481617809375 0.24475909375 0.5061902109374999 0.1812056515625 0.4674417390625 0.1803812 0.4572412453125
0 0.37114189375 0.5778761515624999 0.29170086875 0.53501473125 0.29105155312500003 0.52877973125 0.2698537921875 0.5399060859375 0.26743683281249997 0.5560927171875 0.38025174375000004 0.625386271875 0.473916953125 0.5479084609375 0.47264289374999996 0.5328197203125 0.43812300000000004 0.5153662734375 0.4349082328125 0.5335981265624999 0.37114189375 0.5778761515624999
0 0.54498643125 0.4721297421875 0.5178987687500001 0.4546752609375 0.518250071875 0.47003847499999996 0.47485807500000005 0.5004218796875 0.438966853125 0.4857868859375 0.44066594531250003 0.5083826171875 0.49015066718750006 0.5302234828125 0.5436161390625001 0.482380421875 0.54498643125 0.4721297421875
0 0.4661905078125 0.6165209734375 0.47574099375 0.5722749406250001 0.413123765625 0.629870959375 0.414272875 0.643188953125 0.563973071875 0.7338766999999999 0.6325435828125 0.6226830156250001 0.632242465625 0.60951454375 0.6178009703125 0.6021591500000001 0.572494909375 0.6781088625 0.4661905078125 0.6165209734375
0 0.6343326968749999 0.57534595625 0.624206965625 0.5757464140625 0.6177999359374999 0.594726921875 0.643839896875 0.610685128125 0.6843816234375 0.5295235421875 0.6639294140625001 0.521545475 0.6343326968749999 0.57534595625
0 0.5309623234374999 0.38619673125 0.4669187109375 0.3614292625 0.4215074875 0.37795317968750003 0.42024727031250003 0.38705971250000004 0.45143094218749996 0.396358834375 0.46227119375000003 0.3917055921875 0.49674668750000006 0.40193065937499994 0.50295639375 0.40786272500000004 0.52970210625 0.3953032640625 0.5309623234374999 0.38619673125
0 0.6247504984375001 0.41862753125 0.549491059375 0.3908458828125 0.516616603125 0.41268995 0.5261966375 0.4171432421875 0.5255677546874999 0.4305072046875 0.5888618609375 0.451687425 0.5984596828125001 0.4423234921875 0.603841375 0.447073028125 0.6224461625 0.4316960671875 0.6247504984375001 0.41862753125
0 0.6829446453125 0.476568975 0.6780583328125 0.49056427343750003 0.7121793125 0.5027998859375 0.7339139968749999 0.45791552500000005 0.6456645296875 0.4254248203125 0.61890103125 0.45180150625 0.6829446453125 0.476568975
0 0.4750402125 0.3663163921875 0.5355354234374999 0.38769410937500004 0.5696328890625 0.3726303625 0.5697890859375 0.36194712500000004 0.5106148171875 0.342875378125 0.4760640890625 0.35855022187499996 0.4750402125 0.3663163921875
0 0.5574150640625 0.3929341171875 0.62768780625 0.421564021875 0.6536241078125 0.39987860468749997 0.6521639375 0.38856484999999996 0.5896387609375 0.368902246875 0.559326040625 0.386015384375 0.5574150640625 0.3929341171875
0 0.7352940218749999 0.45988640625 0.7523390734375 0.4259224421875 0.67755231875 0.39546006875 0.652365525 0.42073273437500003 0.6512825624999999 0.4288339953125 0.7352940218749999 0.45988640625