0 0.08222128437500001 0.61676751875 0.0768198859375 0.5990629359375 0.04411141875 0.6248696171875 0.0474122734375 0.6392733453125 0.16594295781249999 0.653376996875 0.2070536 0.6074651109375 0.1980512703125 0.59216115 0.1980512703125 0.591861071875 0.1974511140625 0.59156099375 0.165342803125 0.62576985 0.08222128437500001 0.61676751875
0 0.19234979375 0.6614790937499999 0.321683275 0.6746825125 0.37269648125 0.5837589734375 0.36939562656249997 0.572956178125 0.3375873921875 0.5698053625 0.3399880140625 0.5825586640625 0.2994775265625 0.6431743546875001 0.211554765625 0.6356724125000001 0.21065453281250002 0.6203684515625 0.186348240625 0.6473754421875 0.19234979375 0.6614790937499999
0 0.3798983453125 0.5642539249999999 0.4120066578125 0.5078393203125 0.41050626875 0.500337378125 0.391301296875 0.498236834375 0.366094771875 0.54264833125 0.33068560625 0.5381471671875 0.3351867703125 0.561853303125 0.3798983453125 0.5642539249999999
0 0.46932149531249995 0.5825586640625 0.5833510140625 0.5945617703125 0.5827508578125 0.5852593625 0.5848514015624999 0.5219429718749999 0.48462545625000003 0.513540796875 0.4676710671875 0.5746066046875 0.46932149531249995 0.5825586640625
0 0.7336899328125 0.60836534375 0.7354903984375001 0.596062159375 0.7105839515625 0.5291448359375 0.6067570734375 0.521342815625 0.6106580828125 0.596062159375 0.7336899328125 0.60836534375
0 0.6211608015625 0.7283964171874999 0.774800575 0.7407754375 0.7910047703124999 0.7343979703125 0.7462931953124999 0.621268684375 0.6151592484374999 0.608665421875 0.6130587046875 0.6182679078125 0.6211608015625 0.7283964171874999
0 0.4627197859375 0.59006060625 0.4330120953125 0.687285775 0.43361225000000003 0.7007892703125 0.584251246875 0.7214946296875 0.5854515578124999 0.6050644890625 0.4627197859375 0.59006060625
0 0.4918273203125 0.5093397093750001 0.5857516359375 0.51594141875 0.586351790625 0.46642859999999997 0.50413050625 0.45892665781249997 0.4936277875 0.4976366796875 0.4918273203125 0.5093397093750001
0 0.7063828640625001 0.5249437484375 0.691979134375 0.47062968749999995 0.6055567625 0.4682290671875 0.6070571499999999 0.5186421171875 0.7063828640625001 0.5249437484375
0 0.4811157890625 0.41535250156250003 0.5449584328125 0.4177225296875 0.547180334375 0.3919484703125 0.4897071421875 0.3880971734375 0.49029965000000003 0.38868968125 0.4797826484375 0.40794616250000004 0.4811157890625 0.41535250156250003
0 0.49178091718749994 0.3882453 0.5476247140625 0.39076345625000003 0.550883503125 0.3716551015625 0.49948350937499997 0.36795193125000003 0.49207717031250003 0.38246835625000003 0.49178091718749994 0.3882453
0 0.5024460453125 0.369285071875 0.5536979125 0.3715069734375 0.5557716875 0.352843 0.5097042578125001 0.3506210984375 0.504075440625 0.364100634375 0.5024460453125 0.369285071875
0 0.6162074140625 0.3719513546875 0.6160592874999999 0.354916775 0.5679180828125 0.353139253125 0.56465929375 0.3709144671875 0.6162074140625 0.3719513546875
0 0.6181330625 0.394466625 0.6172443015625 0.37209948125 0.5645111671875 0.3709144671875 0.5600673640625 0.392096596875 0.6181330625 0.394466625
0 0.6239988828125 0.42305509375000006 0.62177698125 0.394466625 0.5621411390625 0.39283723125000003 0.5593267296875 0.4205369390625 0.6239988828125 0.42305509375000006