0 0.2867389125 0.4771595140625 0.36912439375 0.4562924703125 0.36772002187499997 0.44698667031249995 0.29073754375 0.46802484062499994 0.2668974859375 0.4447506453125 0.26711082343750003 0.45085982187500007 0.2867389125 0.4771595140625
0 0.3804985296875 0.452297259375 0.45111286249999993 0.4343598828125 0.451233790625 0.4275194296875 0.384484609375 0.4428032203125 0.36672064843749996 0.4286716859375 0.3672351671875 0.44340558437500005 0.3804985296875 0.452297259375
0 0.4534916921875 0.42543003593749995 0.46184267500000004 0.43118519375000003 0.5202762125 0.41810270312500003 0.5188957734375 0.40868638281249997 0.48084203125 0.395555553125 0.45164360312499996 0.402621965625 0.4534916921875 0.42543003593749995
0 0.45121777500000004 0.40297902187499995 0.47304890625 0.3988203171875 0.47304637187500004 0.3930266390625 0.4508921703125 0.382212746875 0.45121777500000004 0.40297902187499995
0 0.44898226875 0.3732891140625 0.4510568703125 0.38120806875 0.49030831406250003 0.37244533281250003 0.49192301718750003 0.36719453281250003 0.46482208125 0.3577520953125 0.4300973859375 0.364558690625 0.44898226875 0.3732891140625
0 0.5291499046875 0.38627261874999996 0.5295255484375 0.379866378125 0.495783990625 0.36905755625 0.4551705984375 0.3788667796875 0.45496662343749994 0.3844678828125 0.4831419171875 0.396070440625 0.5291499046875 0.38627261874999996
0 0.5321487359375 0.414936946875 0.5816230484375 0.40142194531250003 0.579975403125 0.394287221875 0.5421872640625 0.38202142656250004 0.4956085234375 0.3926383203125 0.495260753125 0.399842728125 0.5321487359375 0.414936946875
0 0.5945240734375 0.463795846875 0.6466023421875 0.48643233593749996 0.7079488703125 0.46323150625 0.7065757515625 0.45308983124999996 0.6412078718750001 0.42921915468750005 0.5831589765625 0.44958759375 0.585900903125 0.4600211234375 0.5945240734375 0.463795846875
0 0.7209897046875 0.45734164374999997 0.764510490625 0.43917880781249996 0.76254181875 0.43143550937499997 0.701714375 0.41114247343750004 0.653408684375 0.4284534375 0.654032240625 0.4365833640625 0.7209897046875 0.45734164374999997
0 0.66938315 0.4968454015625 0.7333822234375 0.5204242234375 0.7634884734375 0.5363555984375 0.8187480578124999 0.50419666875 0.8194577703125001 0.49534087656250003 0.727636665625 0.4628836484375 0.6715090578125 0.48963842343749997 0.66938315 0.4968454015625
0 0.921514253125 0.6069197578125001 0.9749193187499999 0.5605601124999999 0.9758616515625 0.5486393078125 0.8469642531250001 0.5049096078125 0.7896810734375 0.537478859375 0.7913815843750001 0.5472694484375 0.921514253125 0.6069197578125001
0 0.828432028125 0.4994429921875 0.8748401265625001 0.4764241703125 0.8747410453125 0.463860425 0.7862337296875 0.43875987031249997 0.739004990625 0.45773149843749994 0.73833081875 0.4676050140625 0.828432028125 0.4994429921875
0 1 0.49779842187499995 0.9059673265624999 0.4729596046875 0.8607309546874999 0.5003530140625 0.8630151765624999 0.507405984375 0.9851277640625 0.551372615625 1 0.5396253375 1 0.49779842187499995
0 0.33398826875 0.5225125203125 0.335412734375 0.5352145109374999 0.378425028125 0.5871716796875 0.4118315109375 0.5747247203125 0.4089312609375 0.547851178125 0.3824853703125 0.5629977765625 0.351520375 0.518957578125 0.33398826875 0.5225125203125
0 0.5402712203125 0.6011379390625 0.458734646875 0.6397882046875 0.4135918765625 0.5830009203125 0.38839316875 0.5917280984375 0.3903588078125 0.6058825453125001 0.45949975781249996 0.68978751875 0.533990209375 0.6459883453125 0.533658971875 0.62245825 0.5723512109375 0.606884 0.5390800171875 0.5810710343750001 0.5402712203125 0.6011379390625
0 0.532374475 0.69803260625 0.5380179 0.6630134921875 0.48164582187500005 0.69195686875 0.4813503578125 0.7115852390625 0.504351725 0.7382472859375 0.7425087390625 0.732453609375 0.7162640953125 0.7112290921875 0.7128755515625 0.7265514125 0.5719173578125 0.7349069390625 0.532374475 0.69803260625