0 0.172395340625 0.522945028125 0.1692227890625 0.5355610343749999 0.20994168750000003 0.5146934484375 0.2891342046875 0.5486815203125001 0.2933008015625 0.5422696609375001 0.2082181796875 0.5037218218749999 0.172395340625 0.522945028125
0 0.28994279375 0.5595245609374999 0.286834534375 0.57168310625 0.3153602640625 0.5612307703125 0.37225840312499997 0.5878871109375 0.37570295625 0.5799742890624999 0.3073683171875 0.5517106515625 0.28994279375 0.5595245609374999
0 0.3320076625 0.6520325640625 0.355837384375 0.662655134375 0.38714103125 0.65843410625 0.3890516375 0.6525066609375 0.3645079375 0.643130696875 0.36218036875 0.6481913718750001 0.3320076625 0.6520325640625
0 0.3655866171875 0.6316985421875 0.362706428125 0.642608121875 0.39646758125 0.657320359375 0.43485817187500003 0.6505932718749999 0.43586488437500004 0.6453469625 0.392436471875 0.626582184375 0.3655866171875 0.6316985421875
0 0.37647193749999996 0.5906648078125001 0.3700061453125 0.6175032359375 0.391875284375 0.6286584328125 0.4357306625 0.6194666921875001 0.43801253906250004 0.61089753125 0.38525101093749997 0.5857026656250001 0.37647193749999996 0.5906648078125001
0 0.4058264125 0.6252313421875 0.40459694218750003 0.63206268125 0.44466965625 0.6517027953125 0.4887563640625 0.6446986859375 0.493234434375 0.63967085625 0.446363221875 0.6166507671875 0.4058264125 0.6252313421875
0 0.5903602140624999 0.582198971875 0.5527815609375 0.58664241875 0.546069984375 0.5818092546875 0.5215619015625 0.584588728125 0.5208711515625 0.592271475 0.56544385625 0.6210972499999999 0.635803053125 0.6103690562499999 0.637638171875 0.602847140625 0.6007543984375 0.5774359203125 0.5903602140624999 0.582198971875
0 0.6985826140625 0.5483957453125 0.6253985734375 0.5626168453125 0.6267347015625 0.5752523453125 0.6178601578125 0.57750603125 0.65812961875 0.6065050078125 0.7466853343750001 0.5963892109375 0.7466008000000001 0.583151628125 0.720063784375 0.5560826203125 0.7083046046875 0.5594868625 0.6985826140625 0.5483957453125
0 0.575844225 0.61905800625 0.5762978484375 0.626901584375 0.6105588484375 0.6488322671875 0.6760189015625 0.6397494890625001 0.677693190625 0.6333719453125 0.6419537859375 0.6081215546875 0.575844225 0.61905800625
0 0.665424721875 0.6044183390625 0.6630535015625 0.615754821875 0.693720559375 0.6383473828125 0.77928441875 0.6301450546875 0.7798081515625 0.620882871875 0.7520669703125 0.5913106828125 0.665424721875 0.6044183390625
0 0.813427925 0.5283600171875 0.8173806390625 0.5417522453125 0.7407036921875 0.553148503125 0.773207925 0.593114875 0.8888821296874999 0.5782525265625 0.8867294796875 0.5658912640625 0.8645060250000001 0.5192009453125 0.813427925 0.5283600171875
0 0.7808844859375 0.5910818171875001 0.7825958843749999 0.60104711875 0.8070111734375001 0.6293739015625001 0.909895234375 0.6197158578125 0.9134231953124999 0.6139878203125 0.8956287625 0.5745328093750001 0.7808844859375 0.5910818171875001
0 0.361220290625 0.4155881234375 0.294705396875 0.45530953125 0.29277319999999996 0.46905782656249995 0.3142474046875 0.481242653125 0.312941178125 0.471353025 0.36861749375 0.4473635515625 0.3980405546875 0.46821466562499997 0.4059865625 0.44237015937499996 0.361220290625 0.4155881234375
0 0.583142353125 0.4403065375 0.5876441390625 0.4274585984375 0.4984060078125 0.3372686109375 0.391689490625 0.39830129375 0.38757643124999996 0.4160568875 0.4096623046875 0.43156302812499997 0.4091078046875 0.420161375 0.4874216484375 0.3885689015625 0.5450044109375 0.43926039687499996 0.5411228703125001 0.4592054296875 0.583142353125 0.4403065375
0 0.7763216453124999 0.3779447828125 0.7752383609375 0.3664688125 0.7379521296875 0.290300315625 0.6173901578125001 0.2733564359375 0.5316677421875 0.319295796875 0.5285465 0.34150458125 0.5802469359375 0.3956831703125 0.5818875968749999 0.3533149828125 0.703641490625 0.2965525640625 0.7467842484375 0.3732543453125 0.750214171875 0.38721701249999996 0.7763216453124999 0.3779447828125