0 0.49129024687499995 0.446822746875 0.47504201874999996 0.44790180468749996 0.4740144703125 0.455327025 0.48681314843749995 0.49617922812500004 0.507465296875 0.497285290625 0.5103400640625 0.482579384375 0.501918303125 0.48081268125000004 0.49129024687499995 0.446822746875
0 0.5057626078124999 0.5037463078125 0.49123357187499994 0.501466165625 0.48964373906249997 0.51048255 0.511831046875 0.5715836515625 0.5447617625000001 0.571755853125 0.5497404671874999 0.54671561875 0.522451096875 0.5481015765625 0.5057626078124999 0.5037463078125
0 0.6502354734375 0.6574027453125 0.5639957859375 0.660789790625 0.541227690625 0.5838100390625 0.5213146953125001 0.5817074343749999 0.5183429078125 0.5921704531249999 0.5497123 0.6906688703125 0.6776892125 0.6822456031249999 0.68236435625 0.6701109 0.6600516921875 0.6320886234375 0.6502354734375 0.6574027453125
0 0.4098864125 0.6688309796875 0.40514908437499997 0.5806628875000001 0.371350521875 0.5806193796875 0.3685702796875 0.6970423765625 0.5180190109375 0.6898697046875 0.52033149375 0.6767549625 0.509913315625 0.6495632812500001 0.507777703125 0.663272646875 0.4098864125 0.6688309796875
0 0.37037498125 0.49987583906250005 0.3678943 0.5746573015625 0.4077037859375 0.575760696875 0.4073460421875 0.5458354421875 0.38885559375 0.5452514046875 0.3860127484375 0.50066116875 0.37037498125 0.49987583906250005
0 0.4509531296875 0.376820134375 0.449075071875 0.38491204687499997 0.45678329218749997 0.40432063906250004 0.5193551015625 0.4111422046875 0.51930294375 0.4063198296875 0.46189670937500005 0.39920579843750004 0.455011946875 0.3776862265625 0.4509531296875 0.376820134375
0 0.5242958515625 0.39847632499999996 0.5320717140625 0.4106770734375 0.590987803125 0.41519950625 0.5902830734375 0.4072538265625 0.572741234375 0.387314596875 0.5272454203125 0.3826015171875 0.5242958515625 0.39847632499999996
0 0.6030095656250001 0.41611597187499993 0.6570088468749999 0.42037308749999996 0.6598224171875 0.41379983749999993 0.6354243890625 0.3926516765625 0.5852950609375001 0.388625703125 0.5838799984375 0.39409184218750004 0.6030095656250001 0.41611597187499993
0 0.57908263125 0.38888399218749997 0.6268349468750001 0.391889184375 0.628464596875 0.386912121875 0.609550328125 0.370491190625 0.562818790625 0.36510898593749996 0.561824446875 0.37245425 0.57908263125 0.38888399218749997
0 0.5585200218749999 0.3664567640625 0.603835425 0.36963391093750003 0.6046757953124999 0.36572097187499997 0.588885184375 0.351204534375 0.546993290625 0.3465252765625 0.5461790015625 0.35284940625 0.5585200218749999 0.3664567640625
0 0.642940009375 0.5078386734375 0.7177301921875 0.5101965453124999 0.7215987187499999 0.500199428125 0.681066528125 0.4622180734375 0.6137671296875 0.4583232046875 0.611545875 0.4666554265625 0.642940009375 0.5078386734375
0 0.73493461875 0.51029711875 0.8007405406249999 0.511146028125 0.80359674375 0.5026249421875 0.7568006781250001 0.4651936296875 0.695473759375 0.4632543390625 0.6935784328125 0.4705911484375 0.73493461875 0.51029711875
0 0.8023974296875 0.5785218796875 0.878877515625 0.57726701875 0.8847284140625 0.568822740625 0.8188810140625 0.5166008609375 0.7486387234375 0.51489449375 0.7449502484375 0.5238704765625 0.8023974296875 0.5785218796875
0 0.6993428265625 0.5803553531250001 0.7854334890625 0.5800430359375001 0.7884352140625001 0.5689906062500001 0.7329704031250001 0.51589204375 0.6551168171875 0.5129940109375 0.6536980609375 0.5227462359375 0.6993428265625 0.5803553531250001
0 0.78248793125 0.6863160875000001 0.88571341875 0.67924833125 0.892524840625 0.6670627109375 0.8072895843750001 0.5866042703125001 0.7177838640624999 0.5875177140625001 0.714593275 0.5979351953125 0.78248793125 0.6863160875000001
0 0.9128203515625 0.6816214234375 0.97570785625 0.6755632328125001 0.9823582484375001 0.6437956765624999 0.9097867578125 0.5870790968749999 0.8278835234375 0.5875281218749999 0.8231397359375 0.5973709078125 0.9128203515625 0.6816214234375