0 0.0083837671875 0.592283871875 0.01150969375 0.60716585 0.04679463125 0.589978809375 0.15553886875 0.616789121875 0.1608491546875 0.6067469812499999 0.044662165625 0.5765149484375 0.0083837671875 0.592283871875
0 0.15719697500000002 0.6211511 0.1541851640625 0.638542909375 0.19015025937500002 0.6257660453125 0.257938446875 0.6429612796875 0.259436759375 0.635823165625 0.17849155625 0.61239639375 0.15719697500000002 0.6211511
0 0.25804050156249997 0.6916067124999999 0.2553850734375 0.7112486375 0.282174490625 0.7177695640625 0.3221792765625 0.7033604625 0.32330084531250003 0.6958787125 0.2754474578125 0.6850054515624999 0.25804050156249997 0.6916067124999999
0 0.2620642640625 0.6486619171875 0.2594752109375 0.6832859796874999 0.279551553125 0.6862570296875 0.32820041875 0.6681722796875 0.3282749625 0.658934225 0.270114371875 0.6412360734375 0.2620642640625 0.6486619171875
0 0.29204031874999997 0.677600025 0.290209471875 0.687885103125 0.337647078125 0.6961332265625 0.38763995625000003 0.6816798765625001 0.38741751406249997 0.6705667265625 0.3397015578125 0.6581339921875 0.29204031874999997 0.677600025
0 0.5054002234375 0.5994989078125 0.47512855 0.6086385734374999 0.46122486093750004 0.6004124531249999 0.43229195625 0.6097745890625 0.43252231406249997 0.624945965625 0.468429428125 0.64315690625 0.53501631875 0.6191407578125 0.5338960765625 0.6093244484375 0.5119808515625001 0.5971531078125001 0.5054002234375 0.5994989078125
0 0.476624134375 0.6405311109375 0.476663603125 0.645350221875 0.5084976546875 0.6620223390625 0.5694525265625 0.643199846875 0.5684204390625001 0.63516019375 0.5406248515625001 0.6180897171875 0.476624134375 0.6405311109375
0 0.544216146875 0.587448503125 0.527705584375 0.5944063468749999 0.556109315625 0.6137931859375 0.6299580406249999 0.5895507531249999 0.6299909375 0.5806186203125 0.6051878421875 0.5519758421875001 0.54264828125 0.572979471875 0.544216146875 0.587448503125
0 0.562690284375 0.6095367984375 0.5622612140625 0.619014215625 0.589525403125 0.6388228093749999 0.65672326875 0.6182877171875 0.6557028765624999 0.6087986046875 0.63545063125 0.5890857703125 0.562690284375 0.6095367984375
0 0.63421063125 0.55791730625 0.6530039109375 0.5836516546875 0.7426337109375 0.555462134375 0.7273994109374999 0.5110689875000001 0.7018448828125 0.517287840625 0.7051348515625 0.5319666546875 0.63421063125 0.55791730625
0 0.662520446875 0.5929238734375 0.6761196421875 0.6117603015624999 0.7562881046875 0.590859746875 0.745096646875 0.555235734375 0.6590345828124999 0.5831014484375 0.662520446875 0.5929238734375
0 0.2718271390625 0.45375189687499995 0.17786850781250002 0.5038877687500001 0.1737586609375 0.5175779609375 0.2008961640625 0.536460703125 0.202524603125 0.51930004375 0.274419728125 0.48231739687499997 0.3215255640625 0.51445726875 0.3230984140625 0.48474909374999997 0.2718271390625 0.45375189687499995
0 0.5032680453125 0.4646090328125 0.5018971328124999 0.449855165625 0.422458353125 0.372128109375 0.303091575 0.44174216875 0.30401478125 0.4536693328125 0.325074584375 0.4677194625 0.32655816875 0.45879164843750003 0.41107104687499996 0.4130494515625 0.468153728125 0.46244362812500006 0.47066731562499997 0.4813629296875 0.5032680453125 0.4646090328125
0 0.6220062796875 0.2659168390625 0.4631212515625 0.3543462953125 0.4638718125 0.36823254375 0.5235939046875 0.44038957968750003 0.509257059375 0.38036164375000003 0.6200266734375 0.32659730468750003 0.65634214375 0.4034274546875 0.6736944765625 0.3910204078125 0.6220062796875 0.2659168390625
0 0.4965353375 0.4999009 0.5372927984375 0.53159745 0.5350674203125 0.544989171875 0.5649672703124999 0.532526534375 0.5630784171875 0.5236499265625 0.5126147875 0.4703097828125 0.4682595421875 0.48602780156250003 0.4708521296875 0.5145933 0.4965353375 0.4999009