0 0.48135611875000006 0.3892163046875 0.45555432187499995 0.3775638796875 0.45610919843750003 0.38949374375 0.47913660937499997 0.4030882390625 0.512706690625 0.38339009218750003 0.51353900625 0.37645412500000003 0.5016091421875 0.3731248609375 0.5016091421875 0.37784131875 0.48135611875000006 0.3892163046875
0 0.4319720328125 0.41751505 0.4011763390625 0.40170104531249995 0.395905003125 0.405030309375 0.3953501265625 0.409469328125 0.43224947187499996 0.431386984375 0.4713683265625 0.4097467671875 0.47164576562500005 0.401978484375 0.45555432187499995 0.3950425171875 0.4569415140625 0.401978484375 0.4319720328125 0.41751505
0 0.3551215171875 0.42167663125 0.3074020625 0.44609123593750005 0.3090666953125 0.451640009375 0.3434690921875 0.4771643671875 0.39063366875 0.4496979375 0.3900787921875 0.44414916406250005 0.3551215171875 0.42167663125
0 0.24137165624999998 0.481880825 0.243591165625 0.48881679218749996 0.2760514921875 0.5179478546875 0.331261790625 0.485487528125 0.3301520359375 0.47855156093750006 0.29519476093749997 0.45274976406249995 0.24137165624999998 0.481880825
0 0.5562645640625 0.5071277453125 0.5115969359375 0.5443045296875 0.511319496875 0.5492984265625 0.5687493046875 0.5875849640624999 0.6111974234375 0.5459691624999999 0.6114748624999999 0.5393106328124999 0.5562645640625 0.5071277453125
0 0.4941182984375 0.47244791093750005 0.4502829859375 0.50352104375 0.45056042500000004 0.5085149390625 0.4977250015625 0.5415301421875001 0.541282875 0.505185675 0.541282875 0.4988045859375 0.4941182984375 0.47244791093750005
0 0.38480745625 0.5487435484375001 0.385639771875 0.554292321875 0.4347464203125 0.592301421875 0.4860725765625 0.5492984265625 0.4852402609375 0.5429173359374999 0.43585617499999996 0.5104570109375001 0.38480745625 0.5487435484375001
0 0.542639046875 0.4880727578125 0.5008282671875001 0.46482452343749997 0.499927171875 0.4696904328125 0.54840605 0.49762435937499994 0.5729158187500001 0.47707940625 0.573456475 0.46734758750000005 0.542639046875 0.4880727578125
0 0.3496246265625 0.367866765625 0.324934640625 0.35597231875 0.31808632187499997 0.359576696875 0.3182665421875 0.36372173124999996 0.348182875 0.3795809921875 0.3672860765625 0.37020961093750004 0.36530366875000003 0.36173932343750004 0.3496246265625 0.367866765625
0 0.23518563750000002 0.3929171890625 0.2364471703125 0.39760288125 0.26149759375000003 0.4174269578125 0.307453409375 0.3954402546875 0.3065523140625 0.390394125 0.2793392640625 0.37291289375000003 0.23518563750000002 0.3929171890625
0 0.3015061859375 0.44445978906250005 0.3471015625 0.4190489265625 0.3451191546875 0.41508411250000005 0.3152028203125 0.394539159375 0.26996788125000004 0.4176071765625 0.2708689765625 0.42193242968750005 0.3015061859375 0.44445978906250005
0 0.20562974218750002 0.4473432921875 0.2054495234375 0.4531102953125 0.23572629531249997 0.47960247031250003 0.28997217656249996 0.4493256984375 0.2885304265625 0.44518066562499997 0.257172340625 0.42211264843749996 0.20562974218750002 0.4473432921875
0 0.1982407671875 0.446982853125 0.2497833671875 0.42193242968750005 0.24744052187499999 0.41562476875 0.2198670328125 0.3972424421875 0.169045309375 0.4190489265625 0.17264968593750002 0.42499615 0.1982407671875 0.446982853125
0 0.39107496875000003 0.3920160953125 0.36602454375 0.375616178125 0.3566531625 0.3812029625 0.3573740390625 0.385347996875 0.386749715625 0.403550103125 0.403690290625 0.3958006921875 0.403870509375 0.3866095296875 0.39107496875000003 0.3920160953125