0 0.3178608625 0.46662595625 0.2157460109375 0.430652328125 0.194289859375 0.46089125937500003 0.1928413 0.46915265 0.20654020312500002 0.47407397187500006 0.22343695624999999 0.454090471875 0.2947251859375 0.4769598234375 0.2913601515625 0.49517418125 0.315430796875 0.4759446890625 0.3178608625 0.46662595625
0 0.42396293281249997 0.5033087828125 0.345802415625 0.47681587031249995 0.312141596875 0.49619789687500004 0.3102251203125 0.5061508609375001 0.32934601875 0.51193218125 0.3540060875 0.4953757703125 0.40818210781250003 0.5126749234375 0.408726725 0.5185346765625 0.4211399171875 0.5108454625000001 0.42396293281249997 0.5033087828125
0 0.5107174718749999 0.5336062203124999 0.4457121046875 0.51168735 0.4049523625 0.526841740625 0.40678095625 0.5342870734375 0.41792741875 0.5386499953125 0.445986146875 0.5256421812500001 0.4917189484375 0.53770203125 0.4914182125 0.5460840640625 0.5085286875 0.5406293078125 0.5107174718749999 0.5336062203124999
0 0.47894981562499994 0.49081022656249995 0.478830040625 0.49747052500000005 0.5466756687500001 0.5254904296875 0.613668146875 0.5064203218750001 0.6138930484375 0.4959994390625 0.5439473828125 0.463116803125 0.47894981562499994 0.49081022656249995
0 0.36780231875 0.446924215625 0.36715430625 0.45585000000000003 0.45339611875 0.49102568125 0.5157654140625 0.4607350109375 0.51689685625 0.4527304140625 0.42166720625 0.40645567812500005 0.36780231875 0.446924215625
0 0.4409509515625 0.391365071875 0.4419953796875 0.40627125 0.5359419203125 0.456472884375 0.6305234765625001 0.4150615796875 0.6320314890625001 0.4007138 0.5266196375 0.33538108437499997 0.4409509515625 0.391365071875
0 0.339575540625 0.44772909375000003 0.393727384375 0.407290715625 0.39608075 0.39042065625 0.26390792812499997 0.33126914375 0.2260548328125 0.390537996875 0.22306636875 0.402409171875 0.339575540625 0.44772909375000003
0 0.5614654546875 0.456544384375 0.5618747843749999 0.4664516765625 0.6313525328125 0.5010258859375 0.7267820421875 0.4736297328125 0.7274447015625001 0.4618042328125 0.6563339671875 0.4151632421875 0.5614654546875 0.456544384375
0 0.6054411546875 0.55997018125 0.60669563125 0.5676686171875 0.64753059375 0.5827371953125 0.7071131078125 0.57432498125 0.7072792765625 0.56838089375 0.6649637375 0.5499466328125 0.6054411546875 0.55997018125
0 0.657043309375 0.5816734078125 0.6572469437499999 0.5862806203125001 0.692400015625 0.59868839375 0.75081319375 0.592675471875 0.7505019546875 0.5869104984375 0.715730259375 0.5708741625 0.657043309375 0.5816734078125
0 0.7041090765625 0.5985433234374999 0.7037515359375 0.6019451015625 0.73300819375 0.6137331359375 0.79220933125 0.6089494859375 0.7908833468750001 0.6019314046875001 0.760743384375 0.5898212390625 0.7041090765625 0.5985433234374999
0 0.778348859375 0.5902959078125 0.7793043578125001 0.5942942718750001 0.8081673781250001 0.6076459671875 0.8760456 0.6010228296875 0.8760326546874999 0.5946013359375 0.8490792609375 0.5805331875 0.778348859375 0.5902959078125
0 0.731200009375 0.5763980359375 0.76652061875 0.5915749031249999 0.8378121953125 0.58301761875 0.8380498703124999 0.5763931765625 0.8048057390625001 0.5589123578125 0.7314976171875001 0.571384925 0.731200009375 0.5763980359375
0 0.6796693625 0.5540144515625001 0.72150749375 0.5726278265625 0.7972864171875 0.5606442406250001 0.7982044484374999 0.5540913062499999 0.7570459875 0.5311928515625 0.678737015625 0.5454327109375 0.6796693625 0.5540144515625001
0 0.5470104499999999 0.5759601234375 0.5913448031249999 0.5685971609375 0.6370796171875 0.5843813234375 0.6351828578125 0.5775607734375 0.5920150015625001 0.5622206515625 0.5462750328125 0.5713525390624999 0.5470104499999999 0.5759601234375
0 0.630848015625 0.5823324203125 0.6311668218750001 0.59090378125 0.6430850609375 0.5902397781250001 0.6807738062500001 0.6013449421875 0.6822337609375 0.599059003125 0.6816344562500001 0.594814209375 0.6471745921875 0.58282871875 0.630848015625 0.5823324203125