0 0.65362879375 0.6359469062499999 0.73756208125 0.5954792578125 0.739149415625 0.5843603984375 0.7105648625 0.5691585734375 0.7122862515625 0.5845082374999999 0.65538525625 0.60704163125 0.6182513937499999 0.5846310265625 0.6162330890625001 0.6060381203125 0.6225060046875 0.6046336984375 0.6440007999999999 0.620478225 0.64100904375 0.6253241703125 0.65362879375 0.6359469062499999
0 0.47113416875 0.6261197390625 0.4835246515625 0.641491953125 0.48096888125000004 0.6475080390625 0.48926135937500004 0.6586770093750001 0.49511207187500006 0.6564970875 0.511559215625 0.6748886171875 0.508351975 0.684878678125 0.523449821875 0.6985758578125 0.6326075734375001 0.64497855625 0.630955090625 0.6316020984375 0.6154901625 0.6187079828125001 0.6149765046875 0.6266283703125 0.5438320953125 0.6599323375 0.49190732812500004 0.6099845484374999 0.49448564843750004 0.59329936875 0.45668779375 0.6084485843749999 0.45744074375 0.6186954765625 0.4664811609375 0.6286529609375 0.47113416875 0.6261197390625
0 0.41265345625 0.5586761124999999 0.4211836375 0.5697306796875 0.4188220109375 0.5727746578125 0.42499604375000005 0.579962825 0.4270767453125 0.5759414890625 0.4371633453125 0.5891628328125 0.437175084375 0.5965661921875001 0.444114415625 0.6044680125 0.4945356671875 0.5854318015625 0.4929956765625 0.56253389375 0.44562388124999996 0.5770213546875 0.4165824546875 0.5439781625 0.416950625 0.5403868171874999 0.4025410328125 0.5447152921875 0.4038368765625 0.5535545640625 0.408242428125 0.5595705265625 0.41265345625 0.5586761124999999
0 0.37477140625 0.51011078125 0.3785559859375 0.51520815625 0.37777494218749996 0.5186616749999999 0.38141085937499997 0.5246658828124999 0.3862738046875 0.524496065625 0.389717034375 0.5301463453124999 0.3899120109375 0.5357297265625001 0.39477724375 0.5407893625 0.4169283734375 0.5347862937500001 0.41535942343750004 0.526004975 0.41585972499999996 0.5196759984375 0.3984457484375 0.5219070671875 0.37895965625 0.5009480890625 0.3790934515625 0.49445158281249996 0.36638118125 0.4970594484375 0.36649668125 0.505530865625 0.3713744921875 0.5109507203125 0.37477140625 0.51011078125
0 0.3163722109375 0.4389407140625 0.3174648640625 0.4457433453125 0.33279225156250003 0.46430530000000003 0.3964439 0.45053870625 0.3958428953125 0.44557161875 0.3337023421875 0.4577177640625 0.31877215625 0.438286840625 0.3163722109375 0.4389407140625
0 0.3938397 0.433100128125 0.41059368125000006 0.44762180625000003 0.466643315625 0.4365434578125 0.46644945781249997 0.43099208906250003 0.41318205937499997 0.4401205640625 0.3946503765625 0.4236657359375 0.3938397 0.433100128125
0 0.46915163125000003 0.4252547703125 0.473348075 0.426813759375 0.474013234375 0.43190712343750004 0.5275472531250001 0.422971903125 0.5266669421875 0.41520593281249996 0.499460740625 0.40360815937499994 0.468112559375 0.40945398437499997 0.46915163125000003 0.4252547703125
0 0.5340029937499999 0.4194572265625 0.583069021875 0.41165262187499996 0.5831339140625 0.40653376249999995 0.5507663640625 0.3936543453125 0.5097606453125 0.40203024374999996 0.5103423703125001 0.408222934375 0.5151386921875 0.4095173265625 0.5208404343749999 0.4088309234375 0.522217103125 0.40987926249999995 0.521853621875 0.41342483906250005 0.5270107234375 0.414584809375 0.5334425140625 0.4138729109375 0.5340029937499999 0.4194572265625
0 0.5083472812500001 0.403419659375 0.5430513796875001 0.39599476093749997 0.5424244625 0.39199647187500003 0.5173589734374999 0.382394946875 0.47738034999999995 0.3887858 0.4783186 0.39472239375 0.4821981109375 0.395926978125 0.4864963359375 0.39516776249999996 0.48807811562500003 0.3951125265625 0.4880647890625 0.39821949375 0.497113371875 0.3991826578125 0.498378409375 0.4040114265625 0.5083472812500001 0.403419659375
0 0.470125028125 0.3868463359375 0.46976154687499994 0.39039191406249996 0.47768743437500005 0.39060242968750003 0.510935678125 0.3833501953125 0.511299159375 0.37980461718749997 0.48897001093750003 0.3718130671875 0.453241521875 0.3778118546875 0.470125028125 0.3868463359375
0 0.7730871546875 0.5469415703125 0.7941246140625 0.5563182875 0.7928897078125 0.5628180640625 0.8086144015625001 0.5700656578125 0.8686644171875001 0.5418984078125 0.8700067062500001 0.531496525 0.7788379453125 0.49533117656250003 0.719926653125 0.5177329515625 0.719728884375 0.5260238625 0.7311737 0.5328117953125 0.7374115828125001 0.5300356671875 0.754365775 0.537605796875 0.7534337046874999 0.5458005296875 0.77004681875 0.5505806265625 0.7730871546875 0.5469415703125
0 0.869113646875 0.523365528125 0.8675009671874999 0.5295130265625 0.8827432078124999 0.5368992921875 0.9313233046875 0.5116908765625 0.9330986031249999 0.5032230515625 0.8419159374999999 0.47363666249999997 0.7922716656250001 0.492791059375 0.79276995625 0.5000830765625001 0.8044071328125 0.5054024078125 0.8115844265625001 0.5016188859375 0.82939459375 0.5092809484374999 0.8273956437500001 0.5148328156249999 0.8424142343750001 0.519303125 0.84864361875 0.5162836453125 0.869113646875 0.523365528125
0 0.75845405625 0.48373881093750004 0.7567946375 0.48854788125 0.768741603125 0.49227268593750007 0.8162637046875 0.475141578125 0.8180347546875 0.466552078125 0.7493820984374999 0.443731990625 0.7026522374999999 0.459129903125 0.7031377796875 0.46605689375 0.711916940625 0.4697704984375 0.7175931859375 0.46835404374999995 0.72903645625 0.47160914531250003 0.7283631859375 0.47674924843750005 0.737868146875 0.48031568281250003 0.7447271546875001 0.4778833359375 0.75845405625 0.48373881093750004
0 0.689264103125 0.508326878125 0.689820334375 0.5137895171875 0.70006809375 0.517695484375 0.7565304296875001 0.49842482187500003 0.75718940625 0.48938686093749995 0.693545134375 0.46346810937500005 0.6364941234375 0.47983556250000003 0.6363303453125 0.48909987812500005 0.6454745296875 0.4928007359375 0.651855334375 0.4906287359375 0.66051281875 0.49434658750000005 0.6610732968749999 0.499930903125 0.6709602828125 0.5039712921875 0.6768501359375 0.5016946124999999 0.689264103125 0.508326878125
0 0.6138833828125 0.470757434375 0.6145145484375 0.4748773953125 0.6186742984375 0.47887413749999996 0.6756546234374999 0.4639710359375 0.6753826890625 0.45618382031250004 0.6254823140625 0.43660724375 0.5740438125 0.44973311406249994 0.574810946875 0.457746684375 0.5809881875 0.4602110890625 0.5870039671875 0.4580518359375 0.593832071875 0.46171175 0.5941109609375 0.4662094859375 0.601387528125 0.468757325 0.6062375421875 0.468100665625 0.6138833828125 0.470757434375
0 0.67937093125 0.4517807203125 0.678639721875 0.45875020156249996 0.689146284375 0.459601540625 0.7331371 0.44600480937500003 0.734120159375 0.43927017968750004 0.6832054359375 0.422043675 0.6370909046875 0.4341308609375 0.6375637000000001 0.4406928265625 0.64372819375 0.44279220781250006 0.651368240625 0.44179446875000006 0.6575242359375 0.44365049843750004 0.6575342796875 0.4474266796875 0.6638799343749999 0.45122526562500004 0.6721071125 0.44959790625 0.67937093125 0.4517807203125