0 0 0.508095765625 0.0935187890625 0.5470511124999999 0.0985905921875 0.5374740703125 0 0.49591855625000003 0 0.508095765625
0 0.09237671562500001 0.555427984375 0.087139559375 0.568160134375 0.12660370781250002 0.55968245625 0.204140171875 0.589407675 0.2059282625 0.5821192500000001 0.121692784375 0.5460669375 0.09237671562500001 0.555427984375
0 0.162775740625 0.6579160671875 0.1925473265625 0.6669873265625 0.22953979218749998 0.6622270234375 0.23024174999999997 0.6565798125 0.187299840625 0.643164325 0.1853204203125 0.6538195859375 0.162775740625 0.6579160671875
0 0.206040803125 0.591569515625 0.196894415625 0.618901165625 0.22931985156249998 0.63156250625 0.27725403593750003 0.623315634375 0.279937134375 0.614727253125 0.21537358125 0.5877956265625001 0.206040803125 0.591569515625
0 0.21641735 0.6337283140625 0.21785395468750002 0.62568360625 0.1957009703125 0.61843261875 0.189653178125 0.6369946609375 0.21641735 0.6337283140625
0 0.1955983171875 0.635885234375 0.19281887343749998 0.6424385671875 0.23837219531249998 0.6602539109375 0.28107552812500003 0.6549809 0.2809995390625 0.64868391875 0.23222833281250002 0.6302939328125 0.1955983171875 0.635885234375
0 0.24669733749999997 0.629225221875 0.24471705781250003 0.6360234390625 0.29231603906250003 0.653539990625 0.3418273375 0.646187771875 0.3449586203125 0.6406678765625 0.293821746875 0.6209359125 0.24669733749999997 0.629225221875
0 0.44386002343750003 0.5818353515625 0.43211885624999996 0.58572244375 0.382818521875 0.5921435625 0.378415484375 0.5848777765625 0.3642515953125 0.586668090625 0.363898621875 0.5934032218749999 0.41252719843749996 0.6212778515624999 0.48018617187499996 0.6135676578125 0.4796078171875 0.6031255015625 0.44386002343750003 0.5818353515625
0 0.4239436125 0.61821794375 0.4242707484375 0.6280841328125 0.4601509109375 0.6468486078125 0.5204399546875 0.640159178125 0.5227573421875 0.6335269984375 0.48909161875 0.61009475625 0.4239436125 0.61821794375
0 0.5184576437499999 0.5598559328125 0.459927109375 0.5705771375 0.4584074921875 0.5780953328125 0.5021476921875 0.6079649828125 0.577279546875 0.597269609375 0.5797587125 0.58755049375 0.554319515625 0.562860978125 0.5276166921875001 0.5676523687499999 0.5184576437499999 0.5598559328125
0 0.510005346875 0.608376784375 0.5089881625 0.6170469140625 0.5409406875 0.640952175 0.6101204734375 0.6310704734375 0.6117283328124999 0.6218684953125 0.58453181875 0.5984938890625 0.510005346875 0.608376784375
0 0.617679596875 0.551267271875 0.5693105890625 0.5613954171875 0.6012360890624999 0.596555309375 0.6925991953125 0.5822081625 0.6944729781250001 0.5733015234375001 0.672544840625 0.5299421296875 0.6162446421875 0.541061625 0.617679596875 0.551267271875
0 0.6097285390625 0.5955933734375 0.609360859375 0.6026091375 0.6329692015624999 0.6300167140624999 0.7143190453125 0.6188030109375 0.7158386625000001 0.611284815625 0.7008257234374999 0.5809508890624999 0.6097285390625 0.5955933734375
0 0.1694516046875 0.40000954687499995 0.08503955937499999 0.43747142656250004 0.083238434375 0.45501312968749996 0.106382821875 0.4676895390625 0.1095509890625 0.4577148203125 0.167306696875 0.43252391562500003 0.2018158875 0.45549578124999995 0.2102566515625 0.4290430953125 0.1694516046875 0.40000954687499995
0 0.4030540828125 0.45193335 0.3795833484375 0.42865818125 0.3836059921875 0.410792 0.315183 0.33666171875 0.19576042031250002 0.38595674999999996 0.1909275171875 0.40245775781250004 0.21481303281250003 0.41781842343750003 0.217773809375 0.41180095625 0.295546215625 0.3832500578125 0.3718338859375 0.44192002500000005 0.36670141875 0.464137065625 0.4030540828125 0.45193335
0 0.578199428125 0.399412446875 0.5806034234374999 0.3871931671875 0.513997121875 0.2615725125 0.482778796875 0.259936428125 0.3460961546875 0.318882103125 0.34411068125 0.3399413625 0.3896869796875 0.3873019625 0.396135278125 0.3568031875 0.5074590062500001 0.310610934375 0.5555426921875 0.3942569359375 0.55758173125 0.40582725937499997 0.578199428125 0.399412446875
0 0.6368602125 0.48314541406249994 0.5952106453125 0.402922928125 0.5592055015625 0.4169084640625 0.5597890671875 0.43942506875 0.581865978125 0.4388184625 0.6120529593749999 0.48537254062499996 0.613815478125 0.5022192015625 0.636191953125 0.4958965625 0.6368602125 0.48314541406249994