0 0.5163922624999999 0.650794015625 0.41915184375000003 0.6781757953125 0.398439984375 0.592519975 0.366143528125 0.5998919921875 0.385802240625 0.7146848328125001 0.5307852484375 0.67291006875 0.53183839375 0.6606233718750001 0.5184985531249999 0.635347884375 0.5163922624999999 0.650794015625
0 0.5135838749999999 0.5700528734375 0.51217968125 0.5805843265624999 0.5606243671875 0.6697506328125 0.6824381765624999 0.6328905453125 0.684895515625 0.62060385 0.6557584953125 0.590062634375 0.6508438171875001 0.6149870749999999 0.570804771875 0.6385073203125 0.532540490625 0.5763717453125 0.5332425875 0.5651381953125 0.5135838749999999 0.5700528734375
0 0.50462949375 0.536107303125 0.4816917890625 0.493438240625 0.4671399125 0.496891228125 0.46886640625 0.507743475 0.501423146875 0.5615114265625001 0.5339798890624999 0.5531256 0.5342265312500001 0.5301878953125 0.50462949375 0.536107303125
0 0.8792786625 0.577049871875 0.7877744875 0.5158826609375 0.702683003125 0.5341341671875 0.700216584375 0.5444931296875 0.7818550796875 0.6160193046875 0.875825675 0.5896286125 0.8792786625 0.577049871875
0 0.9838548625 0.5511524640625 0.8824850078124999 0.49763115312500006 0.8077524875 0.5114431046875 0.805532709375 0.523035278125 0.8987633781250001 0.5866689093749999 0.9801552328125 0.562251353125 0.9838548625 0.5511524640625
0 0.85560103125 0.48332591875 0.78604799375 0.44682290625 0.7194546578125001 0.4581684359375 0.71797480625 0.46630762187499997 0.77988194375 0.5102098953125 0.8523946859375 0.493438240625 0.85560103125 0.48332591875
0 0.765576709375 0.5042904874999999 0.7061359921875 0.46236135 0.630416903125 0.474940090625 0.628690409375 0.48332591875 0.6827050031249999 0.5333942406250001 0.7648367828125 0.5131695984375 0.765576709375 0.5042904874999999
0 0.687096921875 0.45123084531249996 0.6432441578125 0.42266329843749995 0.577675840625 0.43078027656250006 0.5783083328124999 0.4400568234375 0.6149928578125 0.472946396875 0.687307753125 0.460718221875 0.687096921875 0.45123084531249996
0 0.7676342109375 0.43879183906249997 0.716402375 0.4107513703125 0.6594781140625 0.41897376406250003 0.656948146875 0.4267744953125 0.701433403125 0.4573449328125 0.7665800578125 0.44596007968749996 0.7676342109375 0.43879183906249997
0 0.6138373859375 0.37832080625 0.5856932968749999 0.362026859375 0.5381446000000001 0.36795193125000003 0.5369595859375 0.374469509375 0.5600673640625 0.3919484703125 0.6135411328125 0.3857271453125 0.6138373859375 0.37832080625
0 0.578879465625 0.35921245156250003 0.5559198140625 0.344251646875 0.5110373984375001 0.348991703125 0.5110373984375001 0.35550928125 0.5286644859375 0.36898881875 0.5776944515625 0.3636562546875 0.578879465625 0.35921245156250003
0 0.5468840796875 0.39268910468749996 0.5465878265625 0.3846902578125 0.5255538234375 0.3688406921875 0.479190140625 0.37284011562499997 0.47889388750000006 0.3885415546875 0.4892627625 0.3999473171875 0.5468840796875 0.39268910468749996