0 0.37513865 0.52118569375 0.345596403125 0.508260578125 0.3498746484375 0.5191380734375 0.28865261875 0.5597600875000001 0.2449146796875 0.536071690625 0.231951959375 0.5413416343749999 0.2313859265625 0.551710434375 0.2923519875 0.586893271875 0.37906095 0.5291642359375001 0.37513865 0.52118569375
0 0.3958412015625 0.48954716875 0.358541121875 0.47697556093750004 0.3560950734375 0.46814121093749994 0.3390317421875 0.479080309375 0.339724865625 0.489460515625 0.39951345625 0.512352521875 0.46015759375 0.47118479999999996 0.45753009999999994 0.461623509375 0.4420855828125 0.45421735781250006 0.4419297015625 0.4600505609375 0.3958412015625 0.48954716875
0 0.4391263890625 0.44905734375 0.4810438 0.46135271875 0.5256050328125 0.426520275 0.5223293640625 0.418782790625 0.5082765375 0.41324068281250004 0.5083316375 0.4207921984375 0.47395993125 0.44390821249999995 0.43744360625 0.432984590625 0.4391263890625 0.44905734375
0 0.5327835078125001 0.48261667499999994 0.6176935453125 0.506493996875 0.6574416921874999 0.46324072968749996 0.6560652296875 0.4543979421875 0.5770184828125 0.433289134375 0.5296234828124999 0.47108585 0.5327835078125001 0.48261667499999994
0 0.6420160125 0.5128100718749999 0.7525347140624999 0.5440083578125 0.7825058796875 0.4874204 0.779516596875 0.4796477515625 0.6809354546875 0.45570480937499996 0.639283028125 0.5023896265625 0.6420160125 0.5128100718749999
0 0.5687951921875001 0.593604121875 0.6941551828125 0.6462363734375 0.7385366203125 0.5625878859375 0.7388835484375 0.5512078687499999 0.62282310625 0.517492290625 0.5665294859375 0.5822541921875 0.5687951921875001 0.593604121875
0 0.45115238125 0.54700119375 0.5435131515625 0.5842081328125001 0.600479959375 0.5225613078125 0.5996762703125 0.5136481921875 0.5132741281250001 0.48472142187499995 0.44870578125 0.536545584375 0.45115238125 0.54700119375
0 0.344761228125 0.6251818765625 0.34577590156250004 0.6358133046875001 0.44492400312499997 0.695152409375 0.528334353125 0.60264193125 0.5271036234375 0.5926184375 0.43489873437500004 0.5495782984375001 0.344761228125 0.6251818765625
0 0.6794546031250001 0.3962925015625 0.7600239109375 0.40849327031250005 0.7789108609375 0.38001096562500003 0.7801067921875 0.3731779515625 0.7070487625 0.362961946875 0.679650725 0.38841943749999996 0.6794546031250001 0.3962925015625
0 0.7112691421874999 0.36418796875 0.7830058125 0.3731127015625 0.7998376734375 0.3515689015625 0.8003905078125 0.34423344375 0.7319396578124999 0.3383937 0.7108874187499999 0.3587114796875 0.7112691421874999 0.36418796875
0 0.7388429984375 0.3401624046875 0.8055755359375001 0.34621313125 0.818176865625 0.32809580625 0.8183327468750001 0.3222626046875 0.7574334125 0.3163677609375 0.7389637171875 0.33404281875 0.7388429984375 0.3401624046875
0 0.665920546875 0.333418190625 0.7228808124999999 0.340378096875 0.7404159484374999 0.3245620078125 0.741682209375 0.318301765625 0.68514390625 0.314778484375 0.6661467562500001 0.3281577578125 0.665920546875 0.333418190625
0 0.63333748125 0.35689599375 0.695055734375 0.3647252078125 0.7170022953124999 0.34458832500000003 0.7164396765625 0.34000615624999997 0.65833386875 0.3331869046875 0.63463890625 0.3509221359375 0.63333748125 0.35689599375
0 0.599387740625 0.3834486359375 0.665502190625 0.3939358 0.6913928984375 0.3704076046875 0.6893331 0.3631022359375 0.628584571875 0.3537004375 0.601015790625 0.375399753125 0.599387740625 0.3834486359375
0 0.5858844296875 0.3832780453125 0.61762625625 0.36102421875 0.6153617359375 0.35473574375 0.58421060625 0.3757231265625 0.5306869140625 0.36886348281250003 0.531171715625 0.374027328125 0.5858844296875 0.3832780453125