0 0.6665167546874999 0.5834662359375 0.6655454875 0.5877538734375001 0.7154337265625 0.6157798734375 0.7576632531249999 0.590745865625 0.7600181328125 0.5818598640625 0.682901246875 0.5455829859375 0.6353952328125 0.5661886484374999 0.6665167546874999 0.5834662359375
0 0.7660176984375 0.58638983125 0.7983958171875 0.565870153125 0.8001292453125 0.5561594546874999 0.7284021953125001 0.5287509921875 0.6903801859375001 0.5422099421875 0.6903919109375 0.5473730875 0.7660176984375 0.58638983125
0 0.6691061546875 0.5414321421875 0.704958940625 0.5276683281250001 0.7071613890624999 0.5198669390624999 0.6490203250000001 0.4954739 0.6104276750000001 0.507746615625 0.610128671875 0.5124974124999999 0.6691061546875 0.5414321421875
0 0.5553684609375 0.5217605703125 0.5544597296875 0.5308498140625 0.6229388046875 0.5603825515625 0.6598820640625 0.5493527390625 0.662750915625 0.5394329375 0.604750559375 0.508792140625 0.5553684609375 0.5217605703125
0 0.4912161078125 0.4876744171875 0.492419928125 0.4948484921875 0.540754534375 0.5208127499999999 0.585804046875 0.509816165625 0.5859388937500001 0.5009868359375 0.5421577015625 0.4793493015625 0.4912161078125 0.4876744171875
0 0.5952431046875 0.5056125640625 0.6315707734375 0.49633962968749995 0.634394675 0.48936293593749997 0.58746713125 0.46912660156249997 0.5482979765625 0.4776315125 0.5489311531250001 0.48361935312500004 0.5952431046875 0.5056125640625
0 0.6599856140625 0.6404308421875 0.662283821875 0.62932480625 0.6415003125000001 0.6171869156249999 0.640128421875 0.6269484249999999 0.5918602453124999 0.652977146875 0.5681727140625 0.6352696250000001 0.5649481875 0.6477201906250001 0.5832576078125 0.6617224390625001 0.57934909375 0.6685467 0.5944496265625 0.67914854375 0.6599856140625 0.6404308421875
0 0.48473953593749997 0.7409969578125 0.575108353125 0.6882280109375001 0.57684178125 0.6785173125 0.5617353859375 0.6653338984375 0.560662496875 0.6703446109375 0.49708076874999996 0.70565018125 0.43676267031249993 0.6547750171875 0.4408959296875 0.6332352078125 0.3970502359375 0.6514058671875 0.395785828125 0.6630258734375001 0.47025077812499994 0.7365352359374999 0.48473953593749997 0.7409969578125
0 0.3247036984375 0.5785629078125 0.3260716734375 0.589815515625 0.3787642625 0.6477299078125001 0.44066923750000003 0.62435506875 0.443344621875 0.597448871875 0.3792078890625 0.6157172390625 0.342966221875 0.5719125796875 0.3247036984375 0.5785629078125
0 0.343366846875 0.5664387093750001 0.34461366718750003 0.5470739874999999 0.3193295015625 0.553843521875 0.2923197359375 0.5282955265625 0.2919914234375 0.5201384609375 0.2751183765625 0.524771996875 0.276118953125 0.533392221875 0.31390252812499997 0.5740954765625 0.343366846875 0.5664387093750001
0 0.20695111718749998 0.458922771875 0.228614040625 0.481257653125 0.302692878125 0.4723783984375 0.3013322953125 0.4680535328125 0.23171709375 0.4759853890625 0.20839517500000002 0.4514489453125 0.20643776875 0.451370690625 0.20695111718749998 0.458922771875
0 0.3029662515625 0.4592285140625 0.30283061093749997 0.4601936515625 0.31799006875 0.47137883125 0.3784818375 0.46393632656249995 0.37976625625 0.4589989890625 0.3228512390625 0.46340105 0.30305285625 0.4488081453125 0.3029662515625 0.4592285140625
0 0.38286617968750003 0.4523484015625 0.38947815937499997 0.4627259921875 0.43990848906249996 0.455444165625 0.4394556578125 0.450262675 0.408184121875 0.4332699625 0.3842069453125 0.4358054015625 0.38286617968750003 0.4523484015625
0 0.44991254375 0.45429121875 0.4926040234375 0.45025225625000004 0.49336361562500003 0.4448474796875 0.4614889984375 0.42934473281249996 0.4197897859375 0.43332630937500005 0.4201309734375 0.43790158906250004 0.44991254375 0.45429121875
0 0.410998153125 0.43425597031249996 0.45051980625 0.43036203906250003 0.4516383234375 0.42520454531249996 0.4237150359375 0.41380025 0.38515539374999996 0.4164515 0.3848601125 0.41995312812499996 0.410998153125 0.43425597031249996
0 0.39391989843749997 0.41571486718750006 0.417815690625 0.4137585125 0.418442771875 0.4106971953125 0.39515215000000004 0.399943978125 0.3641988453125 0.4016958265625 0.38453979375 0.41242817499999995 0.39391989843749997 0.41571486718750006