0 0.740898403125 0.387613421875 0.6622657703125 0.334285440625 0.6218850781249999 0.358100834375 0.617659765625 0.3780462203125 0.656595409375 0.361110440625 0.7100677546874999 0.4005015421875 0.7099719265625 0.41008282031250004 0.7363123609375 0.3986160671875 0.740898403125 0.387613421875
0 0.4630531265625 0.3219261703125 0.45892364375000005 0.33229027968749997 0.49539561406250004 0.3533501171875 0.497173384375 0.33763759375 0.55435414375 0.293025065625 0.6221693359375 0.33610954843749996 0.6217095515625 0.3435006359375 0.6420630328125 0.3339290359375 0.6401161875 0.321536259375 0.559039240625 0.265688590625 0.5257158140625 0.26289865 0.4630531265625 0.3219261703125
0 0.40918819375000004 0.39661899375 0.445016321875 0.3643367171875 0.49034660625 0.38400215000000004 0.4922250828125 0.37056526875 0.49424125312499995 0.3641422546875 0.44799176875 0.3360905953125 0.398681378125 0.3809707578125 0.39627937343749997 0.3898298265625 0.40918819375000004 0.39661899375
0 0.36613165937500003 0.4390066734375 0.3668190703125 0.4325362703125 0.3911960203125 0.41176707968750004 0.40598799999999996 0.41849608437499997 0.40752433281249995 0.4119914390625 0.4093473859375 0.403676509375 0.38833748125 0.3936008890625 0.35536246718750003 0.42498594218749997 0.3530457 0.433222675 0.36613165937500003 0.4390066734375
0 0.2980447484375 0.47798910625 0.2966208546875 0.4848489609375 0.3149234984375 0.46834737656250003 0.3756016828125 0.48892332187500004 0.37854913749999997 0.48416047031250004 0.316251309375 0.4631592984375 0.2980447484375 0.47798910625
0 0.374989403125 0.5013101062499999 0.3736958390625 0.50734710625 0.3938399453125 0.49839125937500006 0.445676775 0.5130119843750001 0.4464326734375 0.5082394234375001 0.3920945671875 0.489173746875 0.374989403125 0.5013101062499999
0 0.44717938593750006 0.52269714375 0.44530267031250004 0.5345462624999999 0.47622261562499996 0.5438296859375 0.5026643765625 0.53452169375 0.503827615625 0.52930755 0.45518765468750005 0.5136748625 0.44717938593750006 0.52269714375
0 0.4451468 0.5525724171874999 0.4412461625 0.558027796875 0.4265523203125 0.5634606953125 0.46087612812499995 0.5736206375 0.48318419218750003 0.5680441171874999 0.48294295624999994 0.5653067187499999 0.4451468 0.5525724171874999
0 0.45238945937499997 0.5505142515625 0.45239610468749997 0.5547327890625 0.48958610937499997 0.5670336875 0.5158357 0.561069246875 0.516088178125 0.5584100453125 0.477651625 0.5443934171875 0.45238945937499997 0.5505142515625
0 0.48680882812500004 0.5419636890625 0.48547284062499996 0.546138275 0.5237708875 0.5599642640625 0.5568982234375001 0.5542456546875 0.557689896875 0.5471169671875 0.5163774390625 0.533150940625 0.48680882812500004 0.5419636890625
0 0.5551906375 0.5021844671875 0.5553260796874999 0.508785196875 0.6023090890625 0.5295538328125 0.6543324484374999 0.5163686921874999 0.6545603921875001 0.5106690125 0.6078901671875 0.4879255265625 0.5551906375 0.5021844671875
0 0.6156327 0.5274465984375001 0.6140800109375 0.5319242609375 0.6573821468750001 0.55143510625 0.706164684375 0.5406045609375 0.7079780296875 0.5344811859374999 0.6667550078125 0.51462484375 0.6156327 0.5274465984375001
0 0.62169266875 0.4806644578125 0.6201824015625 0.4870045328125 0.6715551671875 0.512011125 0.7390594484374999 0.495879540625 0.7382836078125 0.487996484375 0.6886281015625 0.45853829375000005 0.62169266875 0.4806644578125
0 0.8013935046875 0.42292085312500005 0.7084154703125 0.452899934375 0.7074070953125 0.46033169999999995 0.76022369375 0.49113405312499997 0.7748117421875 0.4895644859375 0.851300478125 0.4699636140625 0.8537572828125001 0.458712471875 0.8013935046875 0.42292085312500005
0 0.7730587078125 0.49637220937500004 0.81630565 0.522622290625 0.9075605015624999 0.505866240625 0.9071577578125 0.49669267968749997 0.8670310171875 0.46671930625 0.7744633828125 0.48984670937499997 0.7730587078125 0.49637220937500004
0 0.6814309625 0.510370009375 0.6809684296875 0.517550828125 0.7237247234375 0.5373126171875 0.791434465625 0.52627455625 0.7923825328125 0.5181584421875 0.7507715921875 0.494360571875 0.6814309625 0.510370009375