0 0.0838716828125 0.6126680953125 0.16917570312500002 0.5747782609375001 0.16368028750000002 0.5687570234375 0.08425845 0.60588778125 0.055160684375000005 0.5864125546875 0.052187848437499997 0.5971731171875 0.0838716828125 0.6126680953125
0 0.1829454421875 0.5662592203125 0.2513543 0.5338002687500001 0.248555265625 0.5292540390625 0.1811850984375 0.55514485 0.1568005390625 0.545865540625 0.1616566234375 0.55911425625 0.1829454421875 0.5662592203125
0 0.21865623906249998 0.47643334531250003 0.2359836078125 0.48070015 0.23775546250000001 0.48450937656250004 0.2430966953125 0.48687687031250004 0.285904165625 0.4674268546875 0.284959996875 0.464161059375 0.2562095078125 0.46084510781250004 0.21865623906249998 0.47643334531250003
0 0.26297233124999997 0.529123371875 0.3150971484375 0.5038199703124999 0.31184840625 0.49643439218749996 0.276212215625 0.4914655375 0.245498559375 0.5059704890625001 0.2499886875 0.523279653125 0.26297233124999997 0.529123371875
0 0.26978031874999997 0.48979763125 0.23819326406250002 0.484567621875 0.2448629359375 0.504544815625 0.2718975875 0.4937314625 0.26978031874999997 0.48979763125
0 0.25281098750000003 0.4808674609375 0.25233394531250003 0.48707780625 0.27927730624999997 0.4930350484375 0.319395428125 0.477040578125 0.3251825109375 0.4726113953125 0.3221993234375 0.4686012546875 0.3231745359375 0.4680198796875 0.2895544421875 0.46569961718749997 0.25281098750000003 0.4808674609375
0 0.32165069218750003 0.498240609375 0.368624346875 0.47716533749999995 0.36772350625 0.4728253859375 0.32924172343749997 0.46870141875 0.2909074515625 0.48648606406250006 0.2906724203125 0.4926303015625 0.32165069218750003 0.498240609375
0 0.4204532421875 0.5304634609375001 0.467984475 0.504585146875 0.4641677203125 0.4942726109375 0.4167582140625 0.488689428125 0.3720095390625 0.5141812921875 0.3724184234375 0.5222962515625 0.4204532421875 0.5304634609375001
0 0.47696310468750003 0.499492328125 0.515382834375 0.476463534375 0.5128294921875 0.46956462187500003 0.46662582500000005 0.463736584375 0.42747210625000004 0.481680796875 0.42901855937500005 0.4918950890625 0.47696310468750003 0.499492328125
0 0.5047257765625 0.551053053125 0.5478663328125 0.519096834375 0.5456262953125 0.5086427046875001 0.4839264140625 0.5008870328125 0.43979284218750003 0.52657360625 0.4412823640625 0.5359780765625 0.5047257765625 0.551053053125
0 0.550225840625 0.506457525 0.58481953125 0.481405521875 0.5830759999999999 0.47408621562500003 0.524976471875 0.466928834375 0.49225641875 0.48905488906250005 0.49322111093750004 0.49883461562500003 0.550225840625 0.506457525
0 0.6017157671875 0.565283115625 0.6396788250000001 0.5283042734375 0.639284103125 0.5184342734375 0.56081265625 0.5080765656249999 0.5218114484374999 0.5385007796875 0.521681340625 0.5487460359375 0.6017157671875 0.565283115625
0 0.65118034375 0.5186211140625 0.668313096875 0.48883103749999995 0.6725597984375 0.48020728593750006 0.6075229703125 0.4735361109375 0.57551916875 0.49651243906250003 0.5709607296875 0.5061209953125 0.65118034375 0.5186211140625
0 0.14168610625 0.63456741875 0.1431446515625 0.6419318625 0.1906959015625 0.6754525734375 0.21868660625 0.6557354109375 0.210214659375 0.64015580625 0.1872348328125 0.6510159734375 0.15593264843750002 0.6267604640625 0.14168610625 0.63456741875
0 0.22371110156250001 0.6637397828125 0.20583588281249998 0.6744585265625 0.2075227640625 0.6887979953125 0.2721432546875 0.7269161078125 0.32457287031250004 0.6854238125000001 0.31825519375 0.6595050687499999 0.26650556718749996 0.6923098828125 0.2244642703125 0.67033955 0.22371110156250001 0.6637397828125
0 0.45175754375 0.6324741828125 0.4547534 0.6550781828125001 0.4999126140625 0.6704775484375001 0.5585787078125 0.609712715625 0.5563601968749999 0.5955829078125 0.53164420625 0.5909002234375 0.5338559203125001 0.6048644328125 0.4907348296875 0.6461658234375001 0.45175754375 0.6324741828125
0 0.46261268437499997 0.6759243390624999 0.401392403125 0.735557446875 0.3348556921875 0.7051099890625 0.329018271875 0.6890748890625 0.293716775 0.7219899890625 0.2965284390625 0.7337933046875 0.361299646875 0.7649914921875001 0.4184030671875 0.75670041875 0.4830336984375 0.6858808125 0.47497120156249995 0.6706692296875 0.4636731328125 0.6677476546875 0.46261268437499997 0.6759243390624999