0 0.400965634375 0.5784074343750001 0.3997699875 0.5840882921875 0.461531740625 0.5886751046875001 0.461191165625 0.6081866125000001 0.46444518281249997 0.6102170859375 0.46649257187500004 0.5808669953125001 0.400965634375 0.5784074343750001
0 0.4789810515625 0.581523578125 0.4746648265625 0.615220009375 0.480995721875 0.6168655953125 0.48497791718750005 0.58974225 0.5435200953125 0.5903255140625 0.5434194906250001 0.5835255421875 0.4789810515625 0.581523578125
0 0.547028890625 0.6028867015625 0.5468758234375 0.61165591875 0.604068178125 0.6141892953125 0.6206318046875 0.5949609609375 0.6196619343750001 0.5877072234375 0.55610806875 0.5852821031250001 0.547028890625 0.6028867015625
0 0.5413393203125 0.6487420671875 0.576007496875 0.64995936875 0.5845777421875 0.6382737484375001 0.5854756109375 0.633596146875 0.5465306984375 0.6318960828125 0.5482633765625 0.637843934375 0.5413393203125 0.6487420671875
0 0.546738253125 0.6316956499999999 0.5879128484375 0.634250853125 0.5995999656250001 0.6193547515625 0.5996889828125 0.61425491875 0.546070796875 0.6114825109375001 0.546738253125 0.6316956499999999
0 0.5854624015625001 0.6460432953125 0.5857920515624999 0.6505382703125 0.630244784375 0.6523344718749999 0.6455325640625 0.6415823296875 0.6452420812499999 0.634843428125 0.5954819640625 0.6331586406249999 0.5854624015625001 0.6460432953125
0 0.598638003125 0.6277042328125 0.6001702484375 0.6334445296875 0.6505031781249999 0.6373839265625 0.6672972484375 0.62216885625 0.6663841046875 0.616031253125 0.6111482140625 0.6124143859375 0.598638003125 0.6277042328125
0 0.6165339359375 0.6078151203125 0.6188892765625 0.6131616734375 0.674533153125 0.6167856625 0.696734309375 0.5957473640625001 0.6956136109375 0.58981019375 0.633635259375 0.586687803125 0.6165339359375 0.6078151203125
0 0.6320054703125 0.5346571328125 0.6322142296875 0.54609733125 0.7089292484375 0.5502955359375 0.747136515625 0.514202090625 0.74651230625 0.5031630875 0.6542524640625 0.500327340625 0.6320054703125 0.5346571328125
0 0.7270594328125 0.5412176859375 0.7276836421875 0.5522566890625 0.8003510609375001 0.554342 0.85368056875 0.5176956171875 0.8485434125 0.5078031859375 0.764442925 0.505518309375 0.7270594328125 0.5412176859375
0 0.6659278640624999 0.486643890625 0.6657639359374999 0.49603534062500004 0.759241621875 0.4993007953125 0.8141453406249999 0.44266791874999994 0.8151401734375 0.4324740734375 0.7032879078125001 0.428887890625 0.6659278640624999 0.486643890625
0 0.776132578125 0.49101821093750003 0.7792209890625 0.5012833296875 0.8710184562500001 0.5053363515625 0.9430432765625 0.45063611718749996 0.9420107421875 0.43958998749999995 0.8326553406249999 0.4352304921875 0.776132578125 0.49101821093750003
0 0.7166494671875 0.410332490625 0.7205188859375 0.4226534828125 0.8364330093750001 0.42753591249999995 0.9274524843749999 0.3376322203125 0.9219640234375 0.32446606875 0.7829037249999999 0.3118275515625 0.7166494671875 0.410332490625
0 1 0.32950711250000003 0.9530536656249999 0.32174115312499996 0.85545824375 0.41398075156249997 0.8614263015624999 0.423070790625 0.97477644375 0.4344436359375 1 0.41328919375 1 0.32950711250000003
0 0.46181740312499997 0.4170788359375 0.4748554515625 0.41544790468750004 0.4795314484375 0.307271240625 0.3324190125 0.29726933906249997 0.3284517859375 0.311603553125 0.355090953125 0.40917575624999997 0.360640465625 0.4106665078125 0.35499131093749997 0.38826576562500004 0.3685621125 0.3294949109375 0.46789731874999996 0.3349458359375 0.46181740312499997 0.4170788359375
0 0.65635479375 0.31872100625 0.5115647890624999 0.308759640625 0.5004103046874999 0.4154293375 0.5147850578125001 0.41707413437499996 0.5258770312500001 0.3406041546875 0.6238512093749999 0.3441728125 0.6327379046875 0.39404310625 0.65635479375 0.31872100625