0 0.367509178125 0.5140659828125 0.3682864171875 0.5252061703125 0.4040386921875 0.5562950156250001 0.42056405625000004 0.54566514375 0.424460084375 0.5307332406249999 0.40661520468749995 0.5338797750000001 0.3780403578125 0.5098348984375 0.367509178125 0.5140659828125
0 0.409795103125 0.5552800046875 0.4083712765625 0.5674018359375 0.4575301265625 0.6139328984375 0.50791823125 0.5866484187500001 0.50142075625 0.5598977828125 0.45404712968750005 0.5807153421875 0.4238482671875 0.5474602046875 0.409795103125 0.5552800046875
0 0.50537789375 0.592438196875 0.47422372343749997 0.6109893671875 0.472427259375 0.6243639828124999 0.5496534468750001 0.6920617171875 0.648569271875 0.623575865625 0.645456103125 0.6092863328125 0.6318451203125 0.6027832375 0.5646257421875001 0.64906106875 0.50537789375 0.592438196875
0 0.625789825 0.56170970625 0.63079674375 0.5934714765625 0.6735596187499999 0.61382754375 0.7503966671875 0.55813785625 0.74782436875 0.55028188125 0.72107654375 0.5365985453125 0.7205328625 0.5503458 0.668519334375 0.5785104249999999 0.625789825 0.56170970625
0 0.6147268578125 0.46374522812499996 0.6669683125 0.4418496671875 0.6686951546875 0.43227611250000003 0.6197428421875 0.41749114218749994 0.5665551171875001 0.43955355625000003 0.566720815625 0.4487934046875 0.6147268578125 0.46374522812499996
0 0.6987162859375 0.49186603125 0.75566166875 0.46621396718749997 0.752546309375 0.45407930468749996 0.6835291984375 0.43063616250000003 0.6326225671875 0.4601018859375 0.6314237078125 0.4754364875 0.6987162859375 0.49186603125
0 0.8143200328125 0.530511278125 0.87335454375 0.49180686093750003 0.8708517499999999 0.47761280624999997 0.7773996171875 0.45116053437500003 0.7245444421875 0.4834090640625 0.7249878437499999 0.49699055468750003 0.8143200328125 0.530511278125
0 0.887577178125 0.483932725 0.93428159375 0.45276873906250004 0.9316393703125 0.44055065000000004 0.83929920625 0.423171371875 0.7870291734375 0.4504382734375 0.7896439734375 0.45973412500000005 0.887577178125 0.483932725
0 0.7640958296875 0.455945578125 0.81433389375 0.43098834999999996 0.8094368453125 0.4225827671875 0.7436745218749999 0.40929831875 0.6971106890625001 0.43019276093750003 0.6981392296875 0.4387926203125 0.7640958296875 0.455945578125
0 0.6741213421875 0.43814916718749997 0.723440559375 0.41628102968749997 0.722745725 0.40957371093750006 0.670481465625 0.3953727265625 0.629178121875 0.412900375 0.6276181328125 0.42342019999999997 0.6741213421875 0.43814916718749997
0 0.329214996875 0.4883444609375 0.3925913234375 0.46483036875000006 0.38770381875000004 0.4584943375 0.329959340625 0.47895886093750006 0.3092153328125 0.462394115625 0.3089792515625 0.47271835781249993 0.329214996875 0.4883444609375
0 0.4001984140625 0.45937598749999997 0.45768835625 0.441355621875 0.455010553125 0.4339444546875 0.4034647953125 0.4526304671875 0.3842656515625 0.4351078140625 0.38441979375 0.4515328171875 0.4001984140625 0.45937598749999997
0 0.4584887875 0.425695984375 0.459096234375 0.4325971328125 0.46825659531249997 0.4361619296875 0.5172442046875 0.42021112812499994 0.5149857140625 0.410858740625 0.48482710781250005 0.4039882421875 0.45605684375 0.41363181875 0.4584887875 0.425695984375
0 0.52593631875 0.4159361125 0.5704390375 0.40047141093749994 0.5694489875000001 0.394856553125 0.53640515 0.38544772968749996 0.4968391625 0.40126077968749996 0.496768484375 0.4095003265625 0.52593631875 0.4159361125
0 0.47572866718749995 0.40244690937499994 0.453198125 0.3953999921875 0.45608174218749997 0.41317415 0.47702820625 0.40697625468750004 0.47572866718749995 0.40244690937499994
0 0.494476778125 0.382361175 0.494320134375 0.3786320921875 0.4699033390625 0.3736709 0.43769745625 0.3856108359375 0.45588404843749997 0.396429071875 0.494476778125 0.382361175
0 0.48751551875 0.40537750624999996 0.52725114375 0.392109871875 0.5254804859375 0.38490868125 0.49927776875 0.379761503125 0.465214384375 0.392529859375 0.463856159375 0.3990305234375 0.48751551875 0.40537750624999996