0 0.29572542031250004 0.4916149765625 0.29395367656250004 0.4970546140625 0.31138343125 0.48208519687500007 0.3745103484375 0.49949480937499996 0.376232021875 0.4944629640625 0.311302215625 0.476004103125 0.29572542031250004 0.4916149765625
0 0.3728365109375 0.510879609375 0.3717492390625 0.5186109703125 0.392973184375 0.5064530796875 0.44342034531249996 0.5203740953125 0.4451086375 0.515614109375 0.39018763437500004 0.498798115625 0.3728365109375 0.510879609375
0 0.44537843749999995 0.53027311875 0.4443341828125 0.5421491625 0.47256734062500005 0.5504450578125 0.5015441515625 0.5414467828125 0.504114790625 0.5362432171875 0.4541564625 0.5205884843749999 0.44537843749999995 0.53027311875
0 0.44510486406250005 0.5605951328125001 0.44293960937500004 0.5647446328125 0.42600333125 0.5723237203125 0.46189867968750004 0.5811464765625 0.48286521562500007 0.5755800234375 0.4835042609375 0.5726229265625 0.45183704843749994 0.5630775015625 0.44780678749999997 0.5610648671875 0.44510486406250005 0.5605951328125001
0 0.45182741093749995 0.55866095625 0.45170111718749995 0.5630608109375 0.4901147953125 0.5738485390625 0.515581328125 0.56759279375 0.515488240625 0.563855903125 0.4771031234375 0.5505880421875 0.45182741093749995 0.55866095625
0 0.4862032546875 0.548393878125 0.48536392656249994 0.5529821421875 0.524171115625 0.56506000625 0.5547648171875 0.5575020796875 0.558184421875 0.5521267921875 0.51645110625 0.5380338859375 0.4862032546875 0.548393878125
0 0.5540602031249999 0.5070528578125 0.552596109375 0.51335815 0.6031888375000001 0.5317123984375 0.6523308859375 0.515807459375 0.6525740109375 0.510456090625 0.6029112890625 0.49014633124999996 0.5540602031249999 0.5070528578125
0 0.6139034484375 0.5298544453125 0.6131499796875 0.534867190625 0.65422515 0.550948990625 0.7059070375000001 0.539081365625 0.70674395625 0.533388965625 0.6628702484375 0.5153767796875 0.6139034484375 0.5298544453125
0 0.6804468640625 0.5093251046875 0.6794096625 0.5166486734375 0.7233299140625 0.5365293046875 0.78993544375 0.521112853125 0.7897325796875 0.5137750015625 0.7470475765625 0.49170038125 0.6804468640625 0.5093251046875
0 0.618688540625 0.480769175 0.6174844375 0.48945204999999997 0.6682752140625 0.5129358765625 0.7352240109375 0.49135247031249996 0.73520955625 0.4847276546875 0.6847192046874999 0.458797075 0.618688540625 0.480769175
0 0.7043216171875 0.4508554484375 0.703527715625 0.46069252968749996 0.75789570625 0.488754984375 0.8496553 0.46400885937499997 0.84925920625 0.453749703125 0.796135925 0.42004492187500003 0.7043216171875 0.4508554484375
0 0.7703249343749999 0.486417659375 0.769490425 0.493214196875 0.8158145875 0.51711545 0.9037968578125 0.4972867515625 0.9049675796875001 0.4888757359375 0.8635940484375 0.46061506249999995 0.7703249343749999 0.486417659375
0 0.613008334375 0.3843135984375 0.6499260796875 0.3634582046875 0.7035048140625 0.39570112968750004 0.7033835125000001 0.4101741375 0.7310271703125 0.3974246890625 0.7312725312499999 0.385312575 0.6557251515625 0.33533241875 0.613584915625 0.36051385156250004 0.613008334375 0.3843135984375
0 0.45520345781250005 0.3300127484375 0.4545645859375 0.340834725 0.489971271875 0.3592560828125 0.4903262375 0.3428800453125 0.5457728828125 0.29697966875000004 0.6167676140625 0.339087890625 0.6146095859375 0.3465497984375 0.6324018812500001 0.3342465171875 0.632919103125 0.32216778125 0.54036351875 0.26237239843750004 0.5239183109375001 0.2614570203125 0.5163922249999999 0.268811734375 0.45520345781250005 0.3300127484375
0 0.4376525390625 0.3448452125 0.3924125703125 0.3896531484375 0.3903643203125 0.40071601718750005 0.4037643375 0.4073286125 0.439601515625 0.37392234062499996 0.4832117078125 0.3918331796875 0.48579404375 0.3764205296875 0.487153178125 0.36872254843749996 0.4376525390625 0.3448452125
0 0.3510144515625 0.4357606859375 0.3495527671875 0.44317011562499997 0.3616602375 0.4490720875 0.3619558421875 0.4444170609375 0.385108796875 0.42104368281250004 0.40134666875 0.4281427046875 0.4040315546875 0.4130186046875 0.38260680625 0.403213015625 0.3510144515625 0.4357606859375