0 0.539063259375 0.257632925 0.3798477203125 0.34432294375 0.3833216828125 0.36049307812500003 0.43926513125 0.40364802343750006 0.4340032359375 0.367041728125 0.543686253125 0.3183197984375 0.587912721875 0.38446526875 0.585937040625 0.4011121875 0.6098048578124999 0.39147340937499997 0.539063259375 0.257632925
0 0.23620634062499998 0.420726946875 0.23224664062499997 0.4382338640625 0.25565435000000003 0.4547192796875 0.255944003125 0.4423383875 0.3380551859375 0.400147196875 0.40442947343749996 0.45268585312500004 0.40236856562499995 0.476204421875 0.44427134218750003 0.46086927343750006 0.44696219531250003 0.45239682031250006 0.4361141703125 0.4382446703125 0.3494658390625 0.357963725 0.23620634062499998 0.420726946875
0 0.51968009375 0.5146767765625 0.4593174578125 0.460239328125 0.40450574687499996 0.48494089687499997 0.4031260453125 0.5083998671875001 0.44621243593750004 0.49090190624999996 0.4910438375 0.5247327390625001 0.49143539374999995 0.5370540312500001 0.519450040625 0.5277388734375 0.51968009375 0.5146767765625
0 0.64391515 0.48321503281249994 0.6594040796875 0.47980066875 0.62186213125 0.395909890625 0.5934642671875 0.4086906734375 0.5941281796875 0.4319708515625 0.607633090625 0.4294164859375 0.64391515 0.48321503281249994
0 0.145170934375 0.5021383968750001 0.20676072968749998 0.4686067890625 0.249693340625 0.49642596875 0.2510986734375 0.4654141421875 0.20784244375 0.4417417921875 0.11971960781249999 0.48583177343750006 0.1212691484375 0.5035431125 0.140053246875 0.5142552671875 0.145170934375 0.5021383968750001
0 0.678519703125 0.52032301875 0.65432005625 0.5289500609375 0.596654075 0.5518972609375 0.6241507890625 0.5809558734375 0.7135803921874999 0.555229715625 0.7136006484374999 0.5492605828125 0.692746146875 0.5093135953125 0.676971959375 0.5150335562499999 0.678519703125 0.52032301875
0 0.733681278125 0.586562840625 0.718378590625 0.554267440625 0.631432159375 0.583573759375 0.6554160687499999 0.609684778125 0.733681278125 0.586562840625
0 0.560764359375 0.6315279109375 0.632945978125 0.6132781171875 0.6327307296875 0.604617153125 0.6068759609375001 0.5819247375 0.534976946875 0.603404728125 0.535589259375 0.61040349375 0.560764359375 0.6315279109375
0 0.5231799859375 0.6049793171875 0.6004155625 0.5824899484375 0.6036660171875 0.576238209375 0.578793778125 0.552374859375 0.5331268312499999 0.5574551750000001 0.4945796921875 0.569507409375 0.49023225000000004 0.5818224812499999 0.5231799859375 0.6049793171875
0 0.420022771875 0.59775925 0.4050507234375 0.59703611875 0.394744275 0.5992931593749999 0.39381315156249996 0.6080149390625 0.4401434703125 0.6302213484375 0.5076524359375 0.6117781484375 0.5086276859375001 0.6035607625 0.47690579218750007 0.5856670734375 0.46953744531249997 0.5866505578125001 0.420022771875 0.59775925
0 0.4535056984375 0.628035796875 0.45437150624999995 0.6340590953125 0.487657034375 0.6504606374999999 0.547301640625 0.6350773328125 0.5473563640625 0.627956990625 0.51529820625 0.610092721875 0.4535056984375 0.628035796875
0 0.15172797968750001 0.590736765625 0.1209136578125 0.602581240625 0.12466284218749998 0.614451325 0.15743590000000002 0.6017578109375 0.23119467500000002 0.6237669734375 0.2328424515625 0.61549075 0.15172797968750001 0.590736765625
0 0.24550685 0.6208206406250001 0.234838834375 0.63056370625 0.2302317703125 0.6553629609375 0.258847584375 0.6609914640625 0.30571423124999997 0.6467260859375 0.30775710625 0.639092965625 0.24550685 0.6208206406250001
0 0.27246193124999996 0.665560575 0.32159385 0.677187378125 0.36821249375 0.6639602046874999 0.3692465828125 0.65641534375 0.3206106734375 0.642712128125 0.2714490296875 0.6578559640625 0.27246193124999996 0.665560575
0 0.2247924328125 0.6822680453125 0.264521665625 0.6909902828125001 0.30682773750000003 0.67881808125 0.3064158703125 0.6741104124999999 0.25646433125 0.6608611375 0.22665879531250002 0.6726173531249999 0.2247924328125 0.6822680453125