0 0.49024264687499997 0.4162225765625 0.46136811875 0.40637395625000006 0.45086919999999997 0.411805753125 0.451653765625 0.41595404374999995 0.4923391125 0.43029252187499994 0.5168667078125 0.41510257343749996 0.5146678578125 0.40487207343750004 0.49024264687499997 0.4162225765625
0 0.574784440625 0.41599745625000006 0.5486782125 0.4351300796875 0.51686839375 0.425733959375 0.5163866578125 0.41884480625 0.5023519656250001 0.42674904687500004 0.5013230453124999 0.433249346875 0.5486059046875 0.44823908125 0.5836436078125 0.426009465625 0.582824634375 0.42136909375 0.574784440625 0.41599745625000006
0 0.5861815 0.40926663437500005 0.572866040625 0.40624183281250004 0.5729589234375 0.41464164375 0.5907891484375 0.41858696249999994 0.6195450421875 0.40198874375000004 0.6201162906250001 0.3960149359375 0.608488709375 0.39237761875 0.5861815 0.40926663437500005
0 0.625825165625 0.3857259609375 0.607640496875 0.3837833828125 0.6084198890625 0.39139345312499996 0.6287793453125 0.39615088906249996 0.6527004421875 0.3811269734375 0.6523735484375 0.3764521890625 0.6414840921875 0.372763259375 0.625825165625 0.3857259609375
0 0.6334763921875 0.42796419218750004 0.6006702625 0.45028500468750005 0.5997617765625 0.45850759218750003 0.6607609828125 0.47871929375000005 0.690659371875 0.4501734609375 0.6907041281249999 0.4437419796875 0.6334763921875 0.42796419218750004
0 0.641463284375 0.42196632031250003 0.6405771765625 0.42697316875 0.698228175 0.44173238125000003 0.7207177796875001 0.42038021406250003 0.7218843374999999 0.4158482453125 0.666304896875 0.4024276390625 0.641463284375 0.42196632031250003
0 0.67448104375 0.3991362203125 0.6738409765625 0.4041258640625 0.7290883515625 0.4163334671875 0.748585878125 0.3981574578125 0.748928290625 0.392446896875 0.6974747625 0.3814574671875 0.67448104375 0.3991362203125
0 0.7620717015625 0.393011284375 0.7434327328125 0.41285796875 0.74252941875 0.41761877500000005 0.8053128734375001 0.431524603125 0.8234425562500001 0.41146628749999997 0.823538925 0.40577293125 0.7620717015625 0.393011284375
0 0.7075501890625 0.4477561171875 0.6762839546875 0.47441964687500005 0.6778530843749999 0.482716228125 0.7512179953125 0.50651363125 0.7755882187500001 0.473162234375 0.776599934375 0.46641589375 0.7075501890625 0.4477561171875
0 0.4894991203125 0.490447846875 0.43532350781250007 0.52538895 0.4375619421875 0.5326497515625 0.49712099531250004 0.56408815 0.5485832984375001 0.52216669375 0.54901690625 0.5142245578125 0.4894991203125 0.490447846875
0 0.5630309078125 0.5201674421875 0.514435075 0.5606522328125 0.51275405625 0.568434353125 0.5901725718749999 0.6077719328125 0.63704443125 0.5567761921875001 0.6382161625 0.5487824406249999 0.5630309078125 0.5201674421875
0 0.494645065625 0.574645540625 0.4286095234375 0.627376928125 0.4288400453125 0.6377450687499999 0.5098218171875 0.6891462453125 0.5738512250000001 0.6218688328125 0.5730890375000001 0.6145048 0.494645065625 0.574645540625
0 0.4813881015625 0.57245728125 0.4799222 0.5656369484375 0.420643596875 0.534673428125 0.35504854375 0.57956109375 0.3555130765625 0.5862042062499999 0.41426687500000003 0.6273414390625 0.4813881015625 0.57245728125
0 0.34512087343750003 0.5790190828124999 0.40904525156249993 0.5349899734375 0.40884396718750005 0.5285757 0.40064375625000004 0.524451471875 0.40268535625 0.5317260375 0.3345370109375 0.56838594375 0.3039213046875 0.5477803296875 0.30403656562500003 0.5529644 0.34512087343750003 0.5790190828124999
0 0.39779458437500004 0.497849428125 0.39731621875 0.5122230453125 0.42718694375000005 0.5257106703125001 0.48137976250000003 0.49101560781250003 0.4794561875 0.48472176562499997 0.434005590625 0.5136133828125 0.39779458437500004 0.497849428125
0 0.314850928125 0.5810368671874999 0.2278691859375 0.6382987828125 0.22764034843749997 0.6385620296875001 0.189669271875 0.60116365625 0.18987055625 0.60757793125 0.2327693171875 0.6518018109375 0.320964059375 0.594207828125 0.31999024062500003 0.5873530859375 0.314850928125 0.5810368671874999
0 0.3316126515625 0.5944521843749999 0.24150119218750002 0.6529219281249999 0.2432303390625 0.6599710984375 0.3021526984375 0.7176619093750001 0.391649953125 0.6468729015625 0.39164826875 0.636241515625 0.3316126515625 0.5944521843749999