0 0.5089326234375 0.5511689296875 0.44498655937500003 0.517903475 0.3851250453125 0.557300653125 0.38450824843750003 0.5670509859374999 0.44797889843750005 0.596444509375 0.5070826140625 0.563187 0.5089326234375 0.5511689296875
0 0.42999007968749997 0.5164191671875 0.43034560624999996 0.507003246875 0.3498723890625 0.4573248671875 0.28648353125 0.5098530593749999 0.287841909375 0.5184538765625 0.366852315625 0.55621861875 0.42999007968749997 0.5164191671875
0 0.46198460781249995 0.506141778125 0.46326456718750003 0.5165662109375 0.52355284375 0.554513425 0.5962999375 0.5117201078125 0.5944974359375 0.5019644984375 0.5385044828125001 0.45714092968750003 0.46198460781249995 0.506141778125
0 0.5389308609375 0.5517182468749999 0.5419612953125 0.56162541875 0.5900644859375 0.5889755234375 0.6561282546875 0.5557704203125 0.6543204734375 0.5484341078125 0.6091018203125 0.512566884375 0.5389308609375 0.5517182468749999
0 0.5724394640625 0.5980932203125 0.5716767671875 0.5894192625 0.5252143421875 0.5606583734374999 0.46555151562499997 0.5942868625 0.46504970781250005 0.60251141875 0.5151752015625 0.6241712546875 0.5724394640625 0.5980932203125
0 0.362052578125 0.453108346875 0.4439418578125 0.5020081937499999 0.5209164109375 0.44932354375 0.52056654375 0.439087240625 0.4403078515625 0.376382278125 0.36267465312499997 0.4409387171875 0.362052578125 0.453108346875
0 0.20466861406249998 0.5980166828125 0.21863580625 0.60140783125 0.2506813546875 0.5744956671875 0.30762254843750003 0.595194959375 0.30583354375 0.60621599375 0.3289791421875 0.5915907546875 0.329627640625 0.5824772546875 0.2525928125 0.55167628125 0.2044210203125 0.5896023734375 0.20466861406249998 0.5980166828125
0 0.397507821875 0.6314880859375 0.41043320781250003 0.62479494375 0.411200484375 0.6166488015625 0.350084465625 0.5923379546875001 0.3024864765625 0.622141659375 0.30237088125 0.6307969515625 0.317716134375 0.634215284375 0.3508850421875 0.613253234375 0.39585155781250003 0.6259961796875 0.397507821875 0.6314880859375
0 0.4778828578125 0.6495064515625 0.477682775 0.6414790859374999 0.42615536406250004 0.621686175 0.3951690140625 0.6396307984375 0.39458149374999996 0.6540393046874999 0.425710375 0.6372555109375 0.4625545046875 0.6494246515625 0.4639901109375 0.6563183703125001 0.4778828578125 0.6495064515625
0 0.5753203890624999 0.6817300609375 0.542420390625 0.6680946999999999 0.49781975 0.68712178125 0.5005893343750001 0.6920842125 0.5442429421874999 0.6749409078124999 0.5763962359375 0.6872932328125 0.5753203890624999 0.6817300609375
0 0.55420184375 0.6648806203125 0.555467734375 0.6719915671875001 0.5874750703125 0.684754590625 0.635558203125 0.6652999109375 0.6343873328125 0.658962853125 0.6033067062499999 0.6425510484375 0.55420184375 0.6648806203125
0 0.6156210640625 0.6388787625 0.6159739640625 0.64335236875 0.6468576921875 0.66135945625 0.7018142171874999 0.63870416875 0.7007621234375 0.6333344671875001 0.66990558125 0.6139493218750001 0.6156210640625 0.6388787625