0 0.9983011359375 0.52714959375 0.9984248171875001 0.5156098359375 0.968377 0.5198082171875 0.8706434359375 0.46609578906250004 0.8658225765625 0.47546500468749997 0.9715111734375 0.5334430859375 0.9983011359375 0.52714959375
0 0.871020596875 0.45889915468750003 0.8790972703125 0.4424841671875 0.8391773578124999 0.4514572 0.7790463812499999 0.414629334375 0.7733162578125 0.42298871250000003 0.8466043687499999 0.465798140625 0.871020596875 0.45889915468750003
0 0.771470546875 0.412307928125 0.7824469390625 0.3772822671875 0.7755268875 0.3716275765625 0.7120476828125 0.38032810625 0.70879186875 0.3873738765625 0.7616235953125 0.4166028046875 0.771470546875 0.412307928125
0 0.78843520625 0.3638917828125 0.7964939859375 0.3479648796875 0.7763763 0.340066684375 0.7286020343749999 0.344787028125 0.7259096875 0.35263044374999997 0.7715345921875 0.3744125125 0.7842062953125 0.3720348875 0.78843520625 0.3638917828125
0 0.754112475 0.37311924375 0.7564256484375 0.3652559546875 0.7123373109375 0.34317419843749997 0.6584167796875 0.349093290625 0.6549462140625 0.3572761390625 0.702327884375 0.3818117796875 0.754112475 0.37311924375
0 0.655676384375 0.5045701671875 0.6687555671875 0.51702586875 0.6601910640625 0.5494356406249999 0.708672025 0.5975861453125 0.8185025140625 0.5699930703125 0.82493541875 0.559540809375 0.8007333859375001 0.53473193125 0.794095425 0.5490968656249999 0.7125784562499999 0.569836525 0.6642235734375 0.5099223765625001 0.664349653125 0.498158734375 0.655676384375 0.5045701671875
0 0.48113303749999997 0.5317143453125001 0.4794628109375 0.544868346875 0.5345193953125 0.645348740625 0.67011545625 0.6127304296875 0.6733810921875001 0.5972079078125 0.654044265625 0.5731444296875 0.6516009281249999 0.5823344968749999 0.55788249375 0.6019442781250001 0.518715596875 0.5351552468749999 0.521699284375 0.52501264375 0.48113303749999997 0.5317143453125001
0 0.31323529375 0.69407426875 0.490734615625 0.6479583484375 0.49387209218750006 0.63488124375 0.451969509375 0.5360710765625 0.4512920078125 0.6145039109375 0.3312676546875 0.6400914656250001 0.319331503125 0.55903586875 0.30334760625 0.564573740625 0.31323529375 0.69407426875
0 0.49700816718749996 0.5001781359375 0.47148851406250003 0.4537214109375 0.44386913281249996 0.456687784375 0.44320270624999997 0.4694039640625 0.4780170328125 0.52566591875 0.5176307421875 0.51842386875 0.523211559375 0.49615669999999995 0.49700816718749996 0.5001781359375
0 0.557016521875 0.41259402031250003 0.5914574453125 0.410475575 0.59394996875 0.3909891171875 0.567973103125 0.37197235 0.49801056250000003 0.3781143109375 0.49716263281249995 0.384935853125 0.514335990625 0.4034912484375 0.550244165625 0.40144969843749995 0.557016521875 0.41259402031250003
0 0.5611771921875001 0.3706353375 0.5613822468749999 0.3667226671875 0.535172615625 0.3427894296875 0.4702034390625 0.3472313734375 0.46976769999999995 0.3555457984375 0.4944588171875 0.3803803078125 0.5611771921875001 0.3706353375
0 0.4729709984375 0.40671809843749995 0.4966008125 0.405013921875 0.4735051078125 0.3778108890625 0.39661849843749997 0.3850612578125 0.39556551562500003 0.39579546875 0.4129480859375 0.42907464375000004 0.473669296875 0.42146750937500005 0.4729709984375 0.40671809843749995
0 0.47038910156249997 0.3717624609375 0.4526220546875 0.34581954531250003 0.3840242390625 0.3539947375 0.38073088906249997 0.36068812031249997 0.395486540625 0.387944496875 0.471935328125 0.3796903296875 0.47038910156249997 0.3717624609375
0 0.38813088906250004 0.416003778125 0.3737853484375 0.380922059375 0.2832833671875 0.3953057109375 0.28627953281249996 0.44107245624999997 0.30591978124999997 0.44063047656250004 0.30632780937500004 0.4234869109375 0.38813088906250004 0.416003778125
0 0.28139560937499997 0.35646303281249997 0.28418464062500004 0.396824225 0.370568896875 0.386148190625 0.3605482140625 0.3527644109375 0.28139560937499997 0.35646303281249997