0 0.7667813578125 0.5983760015625 0.686489046875 0.5398338890625001 0.676281625 0.5525481906249999 0.7588826937500001 0.6111522796875 0.807116096875 0.5799138390625 0.8088653484374999 0.572904646875 0.7667813578125 0.5983760015625
0 0.606937721875 0.5769755625 0.602445021875 0.5861590859375 0.68602020625 0.6596509453125 0.7496066359375 0.617085209375 0.75231866875 0.6091027609374999 0.6691170609375 0.5496083375 0.606937721875 0.5769755625
0 0.505541796875 0.6230222953125 0.50186698125 0.6319779984375 0.5844029890625 0.7267352984375 0.667478565625 0.67345284375 0.6752323312499999 0.661422003125 0.5888098281249999 0.5846690734375 0.505541796875 0.6230222953125
0 0.5063527984375 0.5113945609375 0.42835345937499997 0.5325922828125 0.42788820781250003 0.5429454625 0.4828985375 0.6081772734374999 0.5687136171875 0.572639953125 0.5695725328125001 0.5662312984375 0.5063527984375 0.5113945609375
0 0.5827625578125 0.5680215796875 0.6473231046875 0.5403436140625 0.6477988296875 0.5319264718750001 0.5864950484375 0.487132171875 0.5247809609375 0.5041462140624999 0.5215513125 0.5128016484375 0.5827625578125 0.5680215796875
0 0.5973449 0.48305235937499996 0.5975316875 0.49005107968750006 0.6577382609375 0.5385001093749999 0.6959196140625 0.5211665734375 0.6992217125 0.512138421875 0.669146759375 0.527566475 0.6057515687499999 0.481592046875 0.5973449 0.48305235937499996
0 0.5749085125 0.4651531453125 0.5317238734374999 0.43857927343750003 0.53033686875 0.44372487656250004 0.5796098078125 0.4807654078125 0.6093177109375 0.47319541875000004 0.6116408843750001 0.45527396875 0.5749085125 0.4651531453125
0 0.462317134375 0.4513904125 0.460868153125 0.45884477187500006 0.50651778125 0.5005962109375 0.56956736875 0.4826813625 0.5705711828125 0.475527271875 0.5222714984375 0.439449521875 0.462317134375 0.4513904125
0 0.37200763124999997 0.46826127812499996 0.368633084375 0.4776621484375 0.411643128125 0.5270233203125 0.4880791453125 0.50590851875 0.4918988578125 0.4962073796875 0.44305014062500003 0.4549945 0.37200763124999997 0.46826127812499996
0 0.5149385125 0.3916080609375 0.5151968890624999 0.384309071875 0.505474803125 0.37661728125 0.50043306875 0.3806656765625 0.4711960859375 0.3858129984375 0.4465853671875 0.365170334375 0.4358804140625 0.36850471093750004 0.43397579375 0.3743233 0.4682047296875 0.3972223578125 0.5149385125 0.3916080609375
0 0.5296805234375 0.37745439062499997 0.50802099375 0.36550819218749997 0.503528290625 0.374691715625 0.526254475 0.39110005625 0.539568453125 0.3882728234375 0.5381290843750001 0.38373823125 0.5466082046875 0.38190519843750004 0.5459867203125001 0.3771427890625 0.5296805234375 0.37745439062499997
0 0.4490076046875 0.358678759375 0.434109359375 0.3577168359375 0.4134641140625 0.3405525859375 0.40304895625 0.342396090625 0.3996534640625 0.3479248828125 0.4261277703125 0.36892979375 0.4451774171875 0.366443859375 0.4490076046875 0.358678759375
0 0.41425057968749995 0.33451664999999997 0.40137129375 0.335107575 0.38110924062499996 0.3199518125 0.37143951875000003 0.321940215625 0.372071475 0.328638665625 0.3933067859375 0.3447572109375 0.4136919328125 0.3413704703125 0.41425057968749995 0.33451664999999997
0 0.27403704218749997 0.32157352031249997 0.2725880609375 0.32902788125 0.29309888125 0.3488736046875 0.3471316515625 0.3435176875 0.3468724125 0.3368916859375 0.326599884375 0.3197998828125 0.27403704218749997 0.32157352031249997
0 0.3217889828125 0.3734036265625 0.37757143125 0.368001009375 0.3773846421875 0.361002290625 0.35352983125000004 0.3424405640625 0.30056371249999997 0.352258625 0.3217889828125 0.3734036265625
0 0.32644795625 0.3743092390625 0.326406925 0.380490071875 0.35253993437500003 0.40723064999999997 0.415652359375 0.40093203437499997 0.4162729828125 0.3917694546875 0.38531558593750004 0.36795911875 0.32644795625 0.3743092390625
0 0.240175515625 0.38036081093749996 0.23909925156249998 0.38788761875 0.2630273703125 0.42000161875 0.3374348140625 0.40932291875000004 0.3379210125 0.4028418171875 0.3088062609375 0.3755216484375 0.240175515625 0.38036081093749996
0 0.2861621390625 0.34675163750000004 0.2206370890625 0.3475528796875 0.22027527500000002 0.3563789640625 0.2362309875 0.380754475 0.3075327359375 0.37411369687499996 0.30742886875000003 0.3686783 0.2861621390625 0.34675163750000004