0 0.5373397609375 0.6130656015625 0.5390405609375 0.5936253796875001 0.6009434296875 0.59551955625 0.60034814375 0.589744840625 0.534923075 0.585341496875 0.533891328125 0.614744815625 0.5373397609375 0.6130656015625
0 0.5128042484375 0.5906513703125 0.5139294671875 0.618042384375 0.5203976921875 0.6170675703125 0.519627346875 0.5831045609375 0.4553326453125 0.5783599109375 0.45452180468750003 0.5851121125 0.5128042484375 0.5906513703125
0 0.3789425 0.5818013015625 0.3934054796875 0.6026556703125 0.45054933906250005 0.6061144015625 0.45131374375 0.597377221875 0.4441244828125 0.5789200328125 0.38066528125 0.5746886796874999 0.3789425 0.5818013015625
0 0.408203359375 0.6245574171875 0.40860736875 0.6293032484375 0.4159091859375 0.6418206890625 0.45051468906250003 0.6442338671875001 0.44476772656249997 0.6326716734375 0.447112634375 0.6269375203124999 0.408203359375 0.6245574171875
0 0.4490299390625 0.6271682453125 0.45180658749999997 0.6071356031249999 0.39819232968749996 0.6042881984374999 0.3977477828125 0.609369396875 0.407813809375 0.625405534375 0.4490299390625 0.6271682453125
0 0.347155615625 0.625644184375 0.3612357453125 0.637935434375 0.4056327140625 0.640795646875 0.4064304109375 0.6363597546875 0.39781255 0.6224983546875 0.3481489140625 0.6189725640625 0.347155615625 0.625644184375
0 0.3208491 0.604012278125 0.33596076406250003 0.62089945625 0.3864297421875 0.6222428640625 0.38855361875 0.6166941765625 0.3777101640625 0.600180415625 0.322398796875 0.598003746875 0.3208491 0.604012278125
0 0.3039022 0.575495528125 0.3237826328125 0.598739228125 0.3795004984375 0.6009514609375 0.382401803125 0.5958803968749999 0.3676025671875 0.57308124375 0.3056373609375 0.569708028125 0.3039022 0.575495528125
0 0.26437289062499997 0.48862344531249996 0.29859806093749997 0.5285129140625 0.375331659375 0.5323566125 0.3767351015625 0.521000903125 0.35819841874999997 0.48453372968749997 0.26614757031249997 0.4777101640625 0.26437289062499997 0.48862344531249996
0 0.15997174375 0.4825021515625 0.20917851875000001 0.524522234375 0.2816658296875 0.5300441593749999 0.283440509375 0.519130878125 0.24999340937499998 0.47971942656250005 0.16611479843750002 0.4732008921875 0.15997174375 0.4825021515625
0 0.21071774375 0.41027239218749995 0.259400946875 0.47233402812499997 0.352707884375 0.47885754374999995 0.353526528125 0.4695004046875 0.32240829375 0.40815561093749997 0.2107939078125 0.40003040156249997 0.21071774375 0.41027239218749995
0 0.080833021875 0.40670745625000004 0.14674555 0.46863667812500004 0.23846379843749999 0.474201309375 0.24260828750000002 0.46431525 0.1922265671875 0.4029249046875 0.0830145359375 0.3958297671875 0.080833021875 0.40670745625000004
0 0.110194146875 0.29613107968749997 0.1913175125 0.39505639531250003 0.307106996875 0.402317040625 0.31224311562499996 0.39046800625 0.25664837500000004 0.285577234375 0.11702877812500001 0.28361075625 0.110194146875 0.29613107968749997
0 0.017941 0.2731029578125 0.01132565 0.3487167515625 0.0266139375 0.36411538125 0.049544259375 0.38784867031250003 0.16346224375 0.388386440625 0.1703477765625 0.37997003125 0.08292865625 0.2780342328125 0.017941 0.2731029578125
0 0.6725634921875 0.4278515703125 0.7092558015625 0.333598428125 0.706808640625 0.31892805 0.5594566171875 0.3134977234375 0.552799459375 0.4215705578125 0.565595603125 0.424555403125 0.56813423125 0.34223681250000004 0.6674950484375 0.3471991046875 0.674848278125 0.4070665421875 0.6668885546875 0.428754071875 0.6725634921875 0.4278515703125
0 0.40100919843750005 0.38555532187499997 0.41335550468750004 0.3385861203125 0.5093782703125 0.3397003890625 0.512416190625 0.416910884375 0.526884125 0.416777671875 0.5269407671875 0.30952636093749997 0.381902690625 0.304298478125 0.40100919843750005 0.38555532187499997