0 0.30368338437500003 0.5662302546875 0.28938299375 0.562266696875 0.289591653125 0.5660823609375 0.24711536875 0.6361444390625 0.14344614218750001 0.6243621203124999 0.144536053125 0.5995030609375 0.110202134375 0.6323033921875 0.1098187375 0.6490869546875 0.2501439859375 0.6635337734375 0.2957562671875 0.5948310343750001 0.30368338437500003 0.5662302546875
0 0.2859912359375 0.5576300562500001 0.312559596875 0.5577845375 0.349665884375 0.5056972156249999 0.3466980359375 0.49621527812500005 0.331179609375 0.4937726171875 0.30763327500000004 0.5334841 0.284106709375 0.5357656921875 0.2859912359375 0.5576300562500001
0 0.44470855625 0.5850782046874999 0.41851700156250005 0.5806167921875 0.39719856875000004 0.6568698390625001 0.30331414218749997 0.6448586046875 0.30093835 0.622408771875 0.2817526375 0.649482065625 0.278139040625 0.6659830234374999 0.42293277968750004 0.68516068125 0.44835607499999997 0.59299214375 0.44470855625 0.5850782046874999
0 0.46326121093749995 0.51563551875 0.46303229687499997 0.5058507203125 0.42012502500000004 0.5498357 0.41999738906250006 0.5698965640625 0.4518081125 0.572137153125 0.46326121093749995 0.51563551875
0 0.44676684375000003 0.49954529062499997 0.47026656562499997 0.5037712 0.47972116875 0.46391182343750004 0.47764165 0.45667755468750004 0.46799815312500004 0.455291371875 0.458711696875 0.4870281484375 0.44387294062500005 0.483017490625 0.44676684375000003 0.49954529062499997
0 0.5449106140625 0.46907267499999994 0.5444400921875 0.517855365625 0.63797455625 0.5276660328125 0.6280277125 0.480141890625 0.5449106140625 0.46907267499999994
0 0.754826928125 0.53137944375 0.7271813453125 0.48773173437499995 0.6439229453124999 0.47827761874999997 0.65735575 0.5293616671875 0.754564578125 0.5405787734375 0.754826928125 0.53137944375
0 0.6846316031249999 0.6082387015624999 0.799653625 0.6204717734375 0.80312591875 0.6055859171875 0.7626132296875 0.5477927874999999 0.6639306046875 0.534819278125 0.6599938921875 0.5426121687500001 0.6846316031249999 0.6082387015624999
0 0.734492490625 0.7390005000000001 0.889750696875 0.75638124375 0.899589184375 0.74313733125 0.8239677296875 0.6339912140624999 0.6996521734375001 0.6225725265625 0.6941003609374999 0.6302241140625 0.734492490625 0.7390005000000001
0 0.5467707359375 0.7144396640624999 0.6978162125 0.73036686875 0.7022710359375 0.7166519453125 0.670560128125 0.614059940625 0.5461503703125 0.6037179859374999 0.5467707359375 0.7144396640624999
0 0.660270396875 0.595257625 0.6423488468749999 0.5334736062500001 0.543780678125 0.5253924953125 0.5454772906249999 0.592809353125 0.6577132781249999 0.605883653125 0.660270396875 0.595257625
0 0.49001081874999997 0.41927176875 0.49014991874999997 0.4152628546875 0.4259915 0.40837990468749996 0.42524859531250003 0.4144523515625 0.49001081874999997 0.41927176875
0 0.4099111953125 0.4059148796875 0.3489609765625 0.4005824265625 0.34930496093749996 0.4063266921875 0.41187502656249997 0.4120125 0.42498056718750005 0.3928420375 0.4249463859375 0.388394690625 0.42030474062499995 0.3862955125 0.4099111953125 0.4059148796875
0 0.5067392796875 0.3944924609375 0.502615165625 0.422279228125 0.5651852328125 0.42796503750000003 0.5650720296875 0.40023082499999996 0.5067392796875 0.3944924609375
0 0.510073265625 0.3757369140625 0.5063927234375 0.3936155984375 0.562533315625 0.4002203515625 0.5616667343749999 0.3810973015625 0.510073265625 0.3757369140625
0 0.5142736421875 0.35917352343750003 0.5120002703125001 0.3754822328125 0.5609368703125 0.37976363125 0.5601149421875 0.362549209375 0.5142736421875 0.35917352343750003
0 0.6237930359375 0.37976029843750003 0.61747105 0.367355584375 0.57155625 0.3648200109375 0.572506803125 0.38056423281249996 0.6237353406249999 0.38525778593750004 0.6237930359375 0.37976029843750003
0 0.631028825 0.40832929218749997 0.6262373046875 0.3856883140625 0.57262495625 0.38163274999999997 0.574759609375 0.40319473749999996 0.57764488125 0.4040820734375 0.631028825 0.40832929218749997
0 0.5798504640625 0.42967135 0.6448673687500001 0.43641777187499997 0.645436996875 0.42990689375 0.63734805 0.408670515625 0.5791597312500001 0.40611932968750003 0.5770201265625 0.4112230375 0.5798504640625 0.42967135