0 0.07737516562499999 0.54341241875 0.16755622812499998 0.5193335593749999 0.16591351875 0.5148161109375 0.078817846875 0.5367760859375 0.057177629687499995 0.5145587953125 0.056023484375 0.5223492734375 0.07737516562499999 0.54341241875
0 0.1852608453125 0.513997378125 0.2579051734375 0.4926395515625 0.2558517890625 0.487711428125 0.1852608453125 0.5027444640625001 0.162628103125 0.4897648125 0.1653518453125 0.5036100734375 0.1852608453125 0.513997378125
0 0.25010540312499996 0.4390324875 0.2512595484375 0.4430719953125 0.2561646640625 0.44624589375 0.30148775625 0.4337319046875 0.3010660953125 0.430358615625 0.27318830156249996 0.4225859234375 0.2336588375 0.43210761875000003 0.25010540312499996 0.4390324875
0 0.2685827765625 0.490175490625 0.324024175 0.47333773125 0.321970790625 0.46553486875 0.287550640625 0.45505245937499994 0.254946046875 0.46457415625 0.25667314218750004 0.4823726265625 0.2685827765625 0.490175490625
0 0.25454127187500003 0.46548265000000005 0.2829346640625 0.45903157656250004 0.28145885000000004 0.45481496562499996 0.25107883750000004 0.44470804062499997 0.25454127187500003 0.46548265000000005
0 0.28942645 0.45768614531249996 0.331552740625 0.4481644484375 0.33796145 0.44469509687500003 0.3356423140625 0.4402676546875 0.3366964671875 0.43984599218750003 0.3038532609375 0.43229495625 0.26518940625 0.441528115625 0.26374672499999996 0.4475873765625 0.28942645 0.45768614531249996
0 0.33106783281249996 0.46975827968750006 0.3807600625 0.4562907796875 0.38054923125 0.4518633375 0.3431863546875 0.44177026562500005 0.30254190937500003 0.45333915156250004 0.3013486015625 0.459370975 0.33106783281249996 0.46975827968750006
0 0.4245203078125 0.5190304171875 0.47551461249999993 0.5009062328125 0.47335808437500004 0.4901235875 0.4274056703125 0.4771926625 0.37922011875 0.49537044531249996 0.3783545109375 0.5034494609375 0.4245203078125 0.5190304171875
0 0.48333157031249996 0.49497090312500003 0.5248807875 0.4782358015625 0.52343810625 0.4710223953125 0.478714990625 0.45803826406250003 0.4372362265625 0.46963656406250004 0.437165771875 0.47996701875000003 0.48333157031249996 0.49497090312500003
0 0.50222460625 0.54931595625 0.5498330859375 0.5245018406249999 0.5492560125 0.513826 0.48952901249999997 0.49651382499999996 0.441920534375 0.51498014375 0.441920534375 0.5245018406249999 0.50222460625 0.54931595625
0 0.555064678125 0.5156209421875 0.5931514609375 0.49628901562500005 0.5925743875 0.48878707343750005 0.536309821875 0.47262904375000003 0.5005313296875 0.48936414531250005 0.4999542578125 0.49917437812500004 0.555064678125 0.5156209421875
0 0.59487050625 0.5803912234374999 0.638150940625 0.5498063828124999 0.6393050859375 0.5399961515625 0.56342005625 0.517490325 0.5201396218750001 0.5414388328124999 0.5184084046875 0.5515376 0.59487050625 0.5803912234374999
0 0.646406078125 0.5420416734375 0.6813189625 0.5169390203125 0.6830501796874999 0.51174536875 0.6103390484375 0.4906822234375 0.5771573812499999 0.509437078125 0.575137628125 0.518958775 0.646406078125 0.5420416734375
0 0.1345742140625 0.5843599703125 0.176296234375 0.624906640625 0.2070267703125 0.6098109390625 0.201096315625 0.593097840625 0.1767005046875 0.6002294640625 0.1495780984375 0.571375840625 0.134285678125 0.576858028125 0.1345742140625 0.5843599703125
0 0.1894423796875 0.6370244125 0.24730429843750001 0.6847820984374999 0.3055792421875 0.6520024421875 0.3033939328125 0.6254144984375001 0.2471496265625 0.64972000625 0.20906284375 0.62144345625 0.2093513796875 0.6148071234375 0.190019453125 0.6225976015625 0.1894423796875 0.6370244125
0 0.4778646828125 0.66697915 0.5453142140625 0.61613983125 0.5453334062499999 0.601836934375 0.52165424375 0.59334546875 0.52165424375 0.60748374375 0.47260308437500004 0.6415310203125 0.43624751875 0.62191055625 0.435670446875 0.64470491875 0.4778646828125 0.66697915
0 0.2666177828125 0.69908495625 0.3257110796875 0.7400314921875 0.38340847031249997 0.7407754375 0.45832201875 0.680938196875 0.4527384 0.6646526421875001 0.4420364640625 0.659999628125 0.43970995625000003 0.667909753125 0.369914725 0.7172317171875 0.3089602234375 0.6767504828125 0.3057031125 0.659999628125 0.2656871796875 0.6869871171875 0.2666177828125 0.69908495625