0 0.6324217859375 0.416109765625 0.606412515625 0.42397466875 0.6071116578125 0.437451271875 0.6259069484374999 0.435183228125 0.6400548734375 0.46550605 0.655304371875 0.464283940625 0.6568398953125001 0.4538097625 0.6324217859375 0.416109765625
0 0.5826954109375 0.34945185156249997 0.5318860015625 0.3640541234375 0.5315521890625 0.3903619671875 0.5804663062500001 0.3797876515625 0.604843615625 0.41865598125 0.6260775640625 0.413548709375 0.625276425 0.40299293281250004 0.5826954109375 0.34945185156249997
0 0.5327223812499999 0.34010334375 0.5297941328125 0.356962540625 0.570550334375 0.34551846875000003 0.5715832890625 0.3326872296875 0.5179835921875 0.2597058 0.4881385171875 0.2601728203125 0.392680325 0.2971959125 0.395736528125 0.310169946875 0.40989187187500004 0.32353157499999996 0.412452928125 0.317187353125 0.48365435 0.28809036250000003 0.5327223812499999 0.34010334375
0 0.40959653749999997 0.335650121875 0.3695219609375 0.309252890625 0.2858218828125 0.343826715625 0.28745308281250004 0.35438275468749997 0.312791375 0.3732660015625 0.315311890625 0.358355340625 0.3700958109375 0.3357705953125 0.40522922968749997 0.3604954109375 0.40959653749999997 0.335650121875
0 0.34628483125 0.4859565578125 0.3919657015625 0.508916465625 0.4443938703125 0.49885100156249995 0.445152190625 0.49056393125 0.400356540625 0.46705751093750003 0.34621800625 0.47960255937499996 0.34628483125 0.4859565578125
0 0.2669802140625 0.45027399843750004 0.32916445781250003 0.4801618828125 0.38418821406250003 0.46707032656249997 0.3847786671875 0.45842958125 0.32505235312499997 0.4242968484375 0.269032609375 0.4411068828125 0.2669802140625 0.45027399843750004
0 0.28973871406249996 0.50130465 0.33784730625 0.520884790625 0.38176231875 0.5117359890625 0.38287914375 0.5045571859375 0.3385595171875 0.4839545125 0.2893935984375 0.4946522203125 0.28973871406249996 0.50130465
0 0.20971639999999997 0.4696389984375 0.27211210937499997 0.4934713125 0.3174991328125 0.4835077796875 0.3195112484375 0.47549410468750003 0.2575952265625 0.4461930109375 0.20945184375 0.46067968437499995 0.20971639999999997 0.4696389984375
0 0.15947028593749998 0.40379027812499996 0.2476033078125 0.4429569640625 0.30280831875 0.42467491874999996 0.3043544828125 0.4134691390625 0.21798549375 0.3651252671875 0.1603692390625 0.3945828828125 0.15947028593749998 0.40379027812499996
0 0.09862100625 0.42678332812499997 0.18660664531249999 0.46190289843750004 0.23136449374999998 0.44498830156249997 0.23280995781249997 0.4366661265625 0.14615901874999998 0.3963963484375 0.1009516921875 0.4179146421875 0.09862100625 0.42678332812499997
0 0.6221931125 0.51416051875 0.68552468125 0.50605101875 0.701945740625 0.524125428125 0.7024515625000001 0.51606571875 0.6906739609375 0.499948434375 0.6217086328125 0.5087586859375001 0.6221931125 0.51416051875
0 0.5520838171875 0.5236039359375 0.607532821875 0.5163410265625 0.623258109375 0.5350642546875 0.6240975890625 0.5238749968749999 0.6070405171875 0.5111632921875 0.5504397203125 0.5192834640624999 0.5520838171875 0.5236039359375
0 0.5475065171875 0.5647284406249999 0.5422455453125 0.5611791515625 0.504315328125 0.567931971875 0.5041901171875 0.57151754375 0.52386095625 0.580057465625 0.5591852312500001 0.5772523296875 0.5475271484374999 0.57056281875 0.5475065171875 0.5647284406249999
0 0.5179703796874999 0.5495616140624999 0.5479710796874999 0.5449999765625 0.5483104296875 0.52885708125 0.538963759375 0.5202289437500001 0.49019074375000005 0.5290712125 0.4895625578125 0.5342098187500001 0.5179703796874999 0.5495616140624999
0 0.5470746859375 0.5449686734375 0.5243312109375 0.547315653125 0.524823515625 0.5524933890625 0.548048621875 0.5620549140625 0.5470746859375 0.5449686734375
0 0.47326243593750006 0.5576483515625 0.49848877500000005 0.5677285046875 0.5352202453125 0.5631775375 0.5365207265625 0.5580624078125 0.5158154796875001 0.547018278125 0.4745394390625 0.553205515625 0.47326243593750006 0.5576483515625
0 0.5056449796875 0.5491312015625 0.505848446875 0.5433046484374999 0.47873826093750005 0.5293443953125 0.4338923015625 0.534958228125 0.43392075781250006 0.5405685078125 0.46460868906249997 0.55487806875 0.5056449796875 0.5491312015625