0 0.1467397828125 0.5519052484375 0.22639925 0.5246418562499999 0.225233840625 0.5203847374999999 0.147716021875 0.5451844453125 0.12457872031249999 0.5245308203125 0.123970821875 0.5323828328125 0.1467397828125 0.5519052484375
0 0.24494739999999998 0.5210309171875 0.3050281453125 0.49918597187499997 0.30495368749999996 0.49398484531250003 0.2441624375 0.509805415625 0.22361760625 0.5014078625 0.224362315625 0.512057696875 0.24494739999999998 0.5210309171875
0 0.2821325046875 0.44062490312499997 0.2990220609375 0.44638565 0.300455175 0.45033480781249996 0.30556974375 0.4531588109375 0.34619253125 0.438459315625 0.34467890625000003 0.433358825 0.3209014765625 0.4283689671875 0.2821325046875 0.44062490312499997
0 0.31761835625 0.49309924531249993 0.3697142234375 0.4770189921875 0.366600415625 0.46971647031249997 0.33540575 0.462063625 0.30354477812499997 0.4738365078125 0.306465340625 0.48664811874999997 0.31761835625 0.49309924531249993
0 0.3270847609375 0.45888535625 0.299879509375 0.45037506250000003 0.304782671875 0.47085753906249994 0.32833067968749996 0.46429380625 0.3270847609375 0.45888535625
0 0.3374608375 0.46249840156250005 0.378820309375 0.45006131875 0.379877059375 0.4444918484375 0.35008130625 0.43616270156250003 0.3121557078125 0.4480704234375 0.3111392125 0.45421556093750004 0.3374608375 0.46249840156250005
0 0.3784559125 0.473804546875 0.42300773124999996 0.4573841015625 0.4214135984375 0.4511322765625 0.38859256875 0.4450393640625 0.3486521359375 0.457087978125 0.34808449375 0.46551565312500004 0.3784559125 0.473804546875
0 0.4673640609375 0.5167584203125 0.5160321078125001 0.4971577328125 0.51487275 0.48885082031250005 0.46732394062499993 0.47482130937499994 0.4205237859375 0.496316065625 0.4202238484375 0.50443578125 0.4673640609375 0.5167584203125
0 0.5243652 0.492236415625 0.5646458234375 0.472643753125 0.562703475 0.4655485546875 0.517183575 0.4557157796875 0.4806709640625 0.47128482656250004 0.477265240625 0.48048944374999997 0.5243652 0.492236415625
0 0.5474339609375 0.5450005625000001 0.5931955234374999 0.5169258921875 0.591875146875 0.5063163125 0.531086003125 0.4932126546875 0.4848816421875 0.5149549906249999 0.4855458421875 0.5244534921875 0.5474339609375 0.5450005625000001
0 0.5985093906250001 0.5101910140625 0.63515486875 0.4882493765625 0.63405589375 0.48080596406250004 0.5768012578125 0.4686121140625 0.542277303125 0.48780223125 0.5423859625 0.49762881875 0.5985093906250001 0.5101910140625
0 0.6436024046875 0.57182774375 0.6846439203125 0.538298315625 0.6851109265625 0.5284314718750001 0.607840821875 0.511273940625 0.5663363796875001 0.5381832015625 0.565313834375 0.5483781328124999 0.6436024046875 0.57182774375
0 0.6934117875 0.531321909375 0.726488553125 0.5038450046875 0.7278532625 0.498543240625 0.6538499625 0.48260347656249997 0.6220573968750001 0.50362728125 0.6207067640624999 0.513266675 0.6934117875 0.531321909375
0 0.1961322765625 0.584028009375 0.19694341875000002 0.5914915484375001 0.23667034375 0.6260256375 0.26468884375 0.6130752421875 0.2609309625 0.5965620515625 0.24007409218750003 0.6043838046875 0.211005028125 0.5774924296874999 0.1961322765625 0.584028009375
0 0.26610183125 0.6167365671875 0.2473604328125 0.62585659375 0.24779112812499998 0.64028851875 0.3044418109375 0.6852088140625 0.3588645515625 0.6527683640624999 0.352755725 0.6274531031249999 0.306243403125 0.6489277328124999 0.266276925 0.6233768609375 0.26610183125 0.6167365671875
0 0.48914835468750006 0.65869855625 0.42369125468749996 0.7153391078125 0.361934028125 0.67598223125 0.3624533921875 0.658591465625 0.3224344234375 0.6819259609375 0.32370849218750003 0.6960096703125 0.3656233703125 0.72460594375 0.39465823125 0.7468718562500001 0.42522895 0.7456018671875 0.5066356796875 0.6771440984375 0.50286569375 0.6687304968750001 0.48914835468750006 0.65869855625
0 0.4844364671875 0.6202697734375 0.48545085468750004 0.6430488640625 0.5223840328125 0.6624485484375 0.5928349359375 0.606905 0.5915346890625 0.5965832515625 0.5676425468749999 0.5858165984375 0.5686287828125 0.599920434375 0.5220721265625 0.6373064078125 0.4844364671875 0.6202697734375