0 0.775298525 0.555182528125 0.8715039171875001 0.548793440625 0.892086328125 0.5786944546874999 0.8946780375 0.5687261343750001 0.8754994375 0.5403236859375 0.7744886609375 0.547950515625 0.775298525 0.555182528125
0 0.676835553125 0.5637466375 0.746401659375 0.5580353140625001 0.7756430578125 0.580559653125 0.7751198140625 0.567974409375 0.7558917968750001 0.55087218125 0.6785379859375 0.5558197375 0.676835553125 0.5637466375
0 0.6232409421875 0.6095384625 0.622831946875 0.61317118125 0.6490681390625 0.6259016546875 0.6819204437499999 0.6247478375 0.6694497515625 0.6193071875 0.670504778125 0.6067578484375 0.6232409421875 0.6095384625
0 0.604640784375 0.57059971875 0.6391074203125 0.5891809343750001 0.6724173906249999 0.5867185015625 0.6744222140625 0.5648429968750001 0.6661651890625 0.5578298078125 0.6042171296875 0.563810003125 0.604640784375 0.57059971875
0 0.6724043734375 0.5881055203125001 0.64687011875 0.5884657375 0.646157359375 0.5925079984375 0.6718652140625 0.6056084171875 0.6724043734375 0.5881055203125001
0 0.586890575 0.5964139 0.6162973265625 0.610861190625 0.661421240625 0.60839790625 0.6633750953125 0.5999434406249999 0.6357388687500001 0.5885869671874999 0.5865992765625 0.591499940625 0.586890575 0.5964139
0 0.5412350359375 0.5756282265625 0.5764279953125 0.592716646875 0.623625653125 0.5889981546875 0.6245098203125 0.5826705953125 0.5912848281249999 0.563613659375 0.5423171921875001 0.56817781875 0.5412350359375 0.5756282265625
0 0.5423840328125 0.5209970109375 0.4896611734375 0.49478378437500004 0.4876319921875 0.488404765625 0.4375153390625 0.50107220625 0.4366005109375 0.5095126421875 0.49089378124999994 0.5365762234375 0.546359765625 0.527719259375 0.5464893890625 0.518853646875 0.5423840328125 0.5209970109375
0 0.436200103125 0.4532439765625 0.4302140234375 0.4579229671875 0.40161956249999997 0.4428456234375 0.3945198109375 0.43757959843750005 0.34940925625 0.4560040734375 0.34726793125 0.46652204062499997 0.41690525625 0.5008787906250001 0.47205956875000005 0.4856589265625 0.474429940625 0.47546806875 0.436200103125 0.4532439765625
0 0.38169136406250004 0.5233421125 0.4356897578125 0.5471997265625 0.4792312609375 0.5376737781250001 0.47929573281250004 0.5308037515625 0.4263928578125 0.503985334375 0.3833423625 0.5156049328125001 0.38169136406250004 0.5233421125
0 0.2998837125 0.48483233124999997 0.3662653609375 0.5148875953125 0.40777836250000005 0.50385706875 0.40887320312500003 0.49602182499999997 0.3419676328125 0.46243348281249996 0.302139903125 0.4769151390625 0.2998837125 0.48483233124999997
0 0.281531003125 0.36776650625 0.23776384843749998 0.40133754843749997 0.2354586265625 0.4095328203125 0.326705525 0.45630166406250006 0.3792738203125 0.429730271875 0.3486508578125 0.41314835 0.3511851265625 0.405280190625 0.281531003125 0.36776650625
0 0.1920347015625 0.44115730781250007 0.2775715640625 0.47803085 0.31641728125 0.459361890625 0.3173482265625 0.4492039484375 0.2246625796875 0.40734246093750004 0.19501026562499998 0.4307864375 0.1920347015625 0.44115730781250007
0 0.8298525578125 0.4758710203125 0.7871724390625 0.41894565625 0.75442835 0.429024134375 0.7525387859375 0.45228484375000005 0.7777124 0.44750726875 0.8088649109375 0.486179203125 0.8058586671875 0.494865484375 0.8295390859375 0.4901932734375 0.8298525578125 0.4758710203125
0 0.754510371875 0.4139237609375 0.7533341390625 0.42477599687499995 0.777308178125 0.4142570859375 0.7785889 0.398630765625 0.721057090625 0.3151241046875 0.635338665625 0.3475660671875 0.63382998125 0.3874833890625 0.597615875 0.398424628125 0.615579171875 0.417812840625 0.61812076875 0.395035759375 0.7106531453125 0.3615833515625 0.754510371875 0.4139237609375
0 0.6145503984375 0.27938599218750004 0.6406749046875 0.306849028125 0.6380288171874999 0.3344001953125 0.6960924578125 0.3103535125 0.695816940625 0.2951900953125 0.696215928125 0.2908365921875 0.46537075781250004 0.24940414375 0.45006295781250005 0.258861471875 0.44949731249999997 0.274613878125 0.467881190625 0.2937075984375 0.4723374390625 0.2767979375 0.50701515625 0.257844046875 0.6145503984375 0.27938599218750004
0 0.42796124999999996 0.273397071875 0.34317211875 0.3340206390625 0.3404819671875 0.34718651093749997 0.3645441375 0.3654381921875 0.36809617656250004 0.349475059375 0.42897605937499994 0.3115474265625 0.4618091515625 0.336506821875 0.4657377078125 0.305863896875 0.42796124999999996 0.273397071875