0 0.1011212515625 0.5107897546875 0.20207205625000002 0.4761724015625 0.19735495 0.46828649999999994 0.1018817625 0.5007693171875001 0.0625182671875 0.47854725781249996 0.06454981875 0.48902540937500005 0.1011212515625 0.5107897546875
0 0.2198718890625 0.46916583906250003 0.29699070625 0.4437089515625 0.29347950312500004 0.438557015625 0.22258296875 0.4593548921875 0.194955465625 0.4472721 0.1981832375 0.46020695 0.2198718890625 0.46916583906250003
0 0.28595697656249996 0.3753421359375 0.289273628125 0.3865388421875 0.3273238765625 0.3758480078125 0.32699981718750004 0.372153496875 0.29675479375 0.3661881078125 0.26967243125 0.3725950640625 0.28595697656249996 0.3753421359375
0 0.32315688593749997 0.401739271875 0.37138899531249997 0.3865969625 0.37119851718749997 0.3811423953125 0.335054890625 0.3738226421875 0.2889112265625 0.387331671875 0.28931691875 0.3933638546875 0.32315688593749997 0.401739271875
0 0.3075148984375 0.4397338640625 0.366096459375 0.41935405625 0.36466911875 0.41199224531249995 0.3217592296875 0.4008128609375 0.293750459375 0.4086174734375 0.29780613749999996 0.43539185625 0.3075148984375 0.4397338640625
0 0.291070171875 0.3933026296875 0.29221241875000004 0.4092563125 0.312483371875 0.40328226093749997 0.3129249328125 0.399170925 0.291070171875 0.3933026296875
0 0.38096046562499997 0.4149341234375 0.42564525 0.39874542968750004 0.42439230625 0.390792396875 0.38486895 0.38164023125 0.3358780265625 0.39739416875 0.3370901546875 0.40417836406249996 0.38096046562499997 0.4149341234375
0 0.440185934375 0.4408580875 0.44466599999999995 0.45581330781249996 0.4572140546875 0.44422127187499993 0.50624263125 0.45726102187500006 0.5175585859375 0.46190308125 0.55426726875 0.44155170000000005 0.553518878125 0.43042398593750003 0.4926187609375 0.41743899687499997 0.440185934375 0.4408580875
0 0.57642230625 0.4371800140625 0.5299651796875 0.46686685937499994 0.5317414640625 0.4765194734375 0.5901009390625 0.4888735796875 0.6027619359374999 0.48051581250000003 0.6176464265625 0.4843136546875 0.6271028171874999 0.48722164375 0.656498740625 0.4635276140625 0.6561599109375 0.453824803125 0.57642230625 0.4371800140625
0 0.641293678125 0.49176331093750003 0.6892316171874999 0.504481346875 0.688158090625 0.51495308125 0.750646253125 0.5322002343750001 0.7775927968749999 0.489882053125 0.7775882328125 0.479447965625 0.67895039375 0.4573465609375 0.641293678125 0.49176331093750003
0 0.5627832515625 0.43588734218749997 0.60006989375 0.41522597031249997 0.5994115718749999 0.40654615781250003 0.53936808125 0.396032740625 0.501627540625 0.4138682328125 0.5027808703125001 0.421465109375 0.5627832515625 0.43588734218749997
0 0.6610014750000001 0.45625698437500006 0.6907075703125 0.432130559375 0.6909114296875 0.42271020625 0.616798228125 0.41108964062500003 0.5833111515625 0.4337496265625 0.5838641640625 0.43941377656249997 0.6610014750000001 0.45625698437500006
0 0.7846385453125 0.482310484375 0.80476716875 0.44839484374999994 0.8036138390625001 0.44079796718750003 0.7134114765625 0.42618708281249995 0.686300371875 0.4534198375 0.6869401093749999 0.46156747343750004 0.7846385453125 0.482310484375
0 0.19771061875 0.5413373796875 0.1760544 0.5498619359375 0.17683938906250002 0.5626691125 0.244015225 0.6099728734375 0.28487203125 0.5903074953125 0.275809871875 0.5629282625 0.247316878125 0.5787843625 0.1979815625 0.5490962234375 0.19771061875 0.5413373796875
0 0.428430421875 0.5906983640625 0.35323659375 0.64263603125 0.2865159 0.5986938984375 0.2603018328125 0.6121061515624999 0.2635306703125 0.6271922515624999 0.3627860265625 0.6936409109375 0.4398818140625 0.6284644859374999 0.4366958125 0.6049330796875 0.462046715625 0.5861469328125 0.43073611874999995 0.569677203125 0.428430421875 0.5906983640625
0 0.615434053125 0.664890859375 0.5600576703125 0.7330241015625 0.4446849125 0.6789596078125 0.4412161859375 0.64733201875 0.3904244265625 0.692000253125 0.390338753125 0.7088908609375 0.43737158281250005 0.7403481671875001 0.599703265625 0.736705934375 0.6391346671875 0.6762223015625 0.6396637015625 0.6623559796875 0.6169162109374999 0.6493024953125001 0.615434053125 0.664890859375
0 0.6188330515625 0.6091028406250001 0.61505879375 0.6374539640625 0.656251475 0.6521408140625 0.70634061875 0.575262290625 0.71066451875 0.562650815625 0.6807086359375 0.5549012656250001 0.677359678125 0.5744419046875 0.6451157703125 0.6166141765625001 0.6188330515625 0.6091028406250001