0 0.9022089234375 0.5752911953125001 0.9993329531249999 0.5425785125 0.999541259375 0.5306446828125 0.8978175359374999 0.5653836890624999 0.9022089234375 0.5752911953125001
0 0.7889023640625 0.6098280203125 0.8683234796875 0.58558388125 0.9071001234375 0.5967937875 0.902763875 0.583727328125 0.8741722109375001 0.5723440984375 0.7876270437499999 0.60243261875 0.7889023640625 0.6098280203125
0 0.7581786765625 0.6750157765625 0.7584849953125 0.680698196875 0.7950552859375 0.68802736875 0.8253871296874999 0.6810549671875 0.8031831234375 0.6753958265625 0.8019518 0.6646284453125 0.7581786765625 0.6750157765625
0 0.7136013015625 0.6385532171875 0.7608434484375 0.6501237203125 0.794073109375 0.6397551046875 0.7868555609375 0.6118520125 0.77780876875 0.607436296875 0.7115238359375 0.6297985921875 0.7136013015625 0.6385532171875
0 0.7726915062499999 0.645058959375 0.7735634421875 0.6531842828125 0.8000345687499999 0.6583096484375 0.79529633125 0.63937095 0.7726915062499999 0.645058959375
0 0.7075802625 0.6698747734375 0.74981174375 0.6781137734375 0.7964968375 0.6635194656250001 0.7941813 0.6567882125 0.75803054375 0.6486553515625 0.708095321875 0.6635984328125 0.7075802625 0.6698747734375
0 0.64758981875 0.6568652328125 0.6964676453124999 0.6676532749999999 0.7451725703125 0.6534997296875 0.7436713328125 0.6465799375 0.6972399515625 0.6350235859375 0.6448512109375 0.65114035625 0.64758981875 0.6568652328125
0 0.6153675671875 0.5931523265624999 0.6104684203125 0.600093271875 0.5617360921875 0.590248778125 0.550294678125 0.5855521328125 0.5131488375 0.6042967796875 0.5118434828125 0.6146731546875001 0.5787998078125 0.6270842187500001 0.6292543625 0.60266965 0.62937206875 0.5959263015625 0.6153675671875 0.5931523265624999
0 0.469832825 0.6383919375 0.529508378125 0.6492706234375001 0.56661008125 0.63305473125 0.5676246515625001 0.623235396875 0.5032019875 0.6105875000000001 0.4679837203125 0.6316142609375001 0.469832825 0.6383919375
0 0.5350520624999999 0.573200559375 0.47741197968750004 0.5584225859374999 0.467731390625 0.5655611281249999 0.44142784375 0.5589187140625 0.4143283609375 0.5817735390625 0.4161235171875 0.5916419171875 0.4903262828125 0.6075521703125 0.5360435359375 0.5808064421875 0.5350520624999999 0.573200559375
0 0.381004759375 0.6230695765625 0.449326715625 0.63775294375 0.482868953125 0.6161348109375 0.48245904375000004 0.607414846875 0.4088035109375 0.592357321875 0.380042715625 0.61377785625 0.381004759375 0.6230695765625
0 0.381174209375 0.5328527843749999 0.32578681249999997 0.5178330718749999 0.3008874921875 0.559557215625 0.302135415625 0.5685728671875 0.392275159375 0.589258234375 0.4265755203125 0.5564109984375001 0.379030840625 0.5429334734375 0.381174209375 0.5328527843749999
0 0.27791574531249996 0.603563471875 0.3582851984375 0.6204245375 0.3837478875 0.5947305578125001 0.383870496875 0.5877062375000001 0.29401662968750003 0.5667448015625001 0.27692427343750003 0.5959575874999999 0.27791574531249996 0.603563471875
0 0.918311390625 0.46656992031250005 0.8367181765625 0.423311009375 0.7939872515624999 0.4494274171875 0.800562209375 0.47640446406250003 0.8365897734375001 0.45589579531249996 0.8924475624999999 0.485054171875 0.8949122109375001 0.49522559218750006 0.9188844812499999 0.4841945328125 0.918311390625 0.46656992031250005
0 0.78769115625 0.43170290937500005 0.7902249625 0.43791225 0.8151238015625 0.42425517343749997 0.811453721875 0.4074572328125 0.6957606968750001 0.349951784375 0.6223333125 0.41912854218750006 0.6250998765625 0.4372318078125 0.600062721875 0.45881304375000004 0.6354755453125 0.473522865625 0.6319053625 0.4510019203125 0.712099809375 0.3977964296875 0.78769115625 0.43170290937500005
0 0.6136006171874999 0.3643972453125 0.6179057218749999 0.3952715359375 0.66667470625 0.351205546875 0.6661630890625 0.3300590859375 0.5339252421875 0.2617225015625 0.502668834375 0.26117691875000004 0.42746192812499995 0.3818453484375 0.42900769531250005 0.39420255625 0.44912769375000006 0.40203996093749994 0.45196887031250005 0.390640059375 0.5057702765625 0.3105519625 0.6136006171874999 0.3643972453125
0 0.4117930375 0.39651784375 0.3646488875 0.47363958593750005 0.36442604375 0.48640628750000003 0.3863069671875 0.4942744296875 0.38924035625000003 0.4775917515625 0.42260125156250006 0.43325681562499996 0.4445820703125 0.43540195312499996 0.44673489218749995 0.41298090312499997 0.4117930375 0.39651784375