0 0.308779934375 0.462527590625 0.375097103125 0.4511246390625 0.37269648125 0.4424223859375 0.308779934375 0.4547255703125 0.2931758953125 0.43372013281250005 0.2907752734375 0.44152215312500004 0.308779934375 0.462527590625
0 0.387100209375 0.4466234734375 0.444415046875 0.43732106562500006 0.444415046875 0.43071935625 0.389200753125 0.4385213765625 0.3705959375 0.4235174921875 0.3705959375 0.43372013281250005 0.387100209375 0.4466234734375
0 0.4471619109375 0.4278314734375 0.454314528125 0.4347374484375 0.504876134375 0.4238852015625 0.5056160609375 0.41673258437499994 0.4802119375 0.4039072015625 0.445682059375 0.4098266078125 0.4471619109375 0.4278314734375
0 0.44691526875000004 0.4108131765625 0.47059290000000004 0.4058803359375 0.47059290000000004 0.40218070624999996 0.4459287015625 0.3910818171875 0.44691526875000004 0.4108131765625
0 0.44642198593750004 0.3846691265625 0.446668628125 0.3910818171875 0.4503682578125 0.3928083109375 0.4903242578125 0.386148978125 0.49081754218749996 0.38096949687500004 0.47009961562499997 0.3723370265625 0.431870109375 0.37850307656250004 0.44642198593750004 0.3846691265625
0 0.478732084375 0.4063736203125 0.5214011484375 0.3994676453125 0.5204145796875 0.3933015953125 0.49575038125 0.38343591718750003 0.4577675171875 0.39009525 0.45801415937499995 0.39576801562499997 0.478732084375 0.4063736203125
0 0.5174548765625 0.4228986328125 0.56111050625 0.41451280625000003 0.5618504328125 0.40933332499999997 0.5300336171875 0.3967545828125 0.48884440625 0.403660559375 0.4881044796875 0.41105981875 0.5174548765625 0.4228986328125
0 0.59687359375 0.4818460671875 0.651381471875 0.4677874734375 0.6523680390625 0.4608814984375 0.60377956875 0.4396702875 0.5522313953125 0.451509103125 0.5522313953125 0.4579217953125 0.59687359375 0.4818460671875
0 0.661000509375 0.464581128125 0.7078624859375 0.451509103125 0.7081091265625 0.44534305312500005 0.65878073125 0.42635162187500003 0.6151251 0.4386837203125 0.6138918906249999 0.446329621875 0.661000509375 0.464581128125
0 0.61265868125 0.49245167187499994 0.6743191765625001 0.52254199375 0.7295669796875 0.50330391875 0.7303069062499999 0.49368488125 0.6701262625 0.4670475484375 0.6158650265625 0.4818460671875 0.61265868125 0.49245167187499994
0 0.7386927328125 0.4988643640625 0.7870345609375 0.481599425 0.7877744875 0.47444680781250004 0.7251274234375 0.449782609375 0.6785120890624999 0.46408784374999995 0.6770322375 0.473213596875 0.7386927328125 0.4988643640625
0 0.6930639671875001 0.5324076734375 0.77642895625 0.5745834515625 0.835129746875 0.547452834375 0.8361163156250001 0.53561401875 0.75102483125 0.5000975734375 0.69355725 0.5215554250000001 0.6930639671875001 0.5324076734375
0 0.8469685625000001 0.5427666359375001 0.8940771812499999 0.5188423640625001 0.896296959375 0.5109498203125 0.8107121906250001 0.479379646875 0.765576709375 0.4983710796875 0.7643434984375 0.5067569062499999 0.8469685625000001 0.5427666359375001
0 0.3406949703125 0.5025878828125 0.36957855156249997 0.5377076921875 0.39222590468749996 0.5350819125 0.3918976828125 0.5180143421875 0.3745018890625 0.5212965671875 0.3554649828125 0.49306943125 0.3423360828125 0.49635165625 0.3406949703125 0.5025878828125
0 0.37876878125 0.55575993125 0.418155484375 0.605649753125 0.47132753125000004 0.5885821828125 0.46968641875 0.5623243812500001 0.42176593125000006 0.5757815046875 0.39288235 0.5406616953125 0.37614300156249997 0.544600365625 0.37876878125 0.55575993125
0 0.432925496875 0.6085906265625 0.43095616249999996 0.62204775 0.497257109375 0.699180040625 0.604585871875 0.648975125 0.6058987625000001 0.6342051125 0.5891594140625 0.6207479890625 0.5888311921875 0.6286253296875 0.5172786828125 0.6607911359374999 0.46804530624999996 0.6095884234375 0.4703428640625 0.5935055203124999 0.432925496875 0.6085906265625
0 0.6853286109375001 0.5846435125 0.625263890625 0.608931978125 0.5927698609375 0.5872692921875 0.5911287484375001 0.6095884234375 0.6292025609375 0.636174446875 0.711914634375 0.5981006359375 0.7112581890625 0.586284625 0.6856568328125 0.5715146109375 0.6853286109375001 0.5846435125