0 0.527814465625 0.5841963078125 0.5576333609375 0.57820510625 0.5922593421875 0.5728944515625 0.5918911828125 0.5671138703125 0.5505963875 0.5743533953125 0.52637830625 0.578584884375 0.527814465625 0.5841963078125
0 0.45127253593749994 0.592158584375 0.4512001171875 0.59746155 0.514212146875 0.587481425 0.5132060640625 0.579977228125 0.45127253593749994 0.592158584375
0 0.4220145875 0.6454380343749999 0.42304720781249994 0.6496536515625 0.4340052609375 0.6612380359375 0.46513592812500004 0.6550301640625 0.45534095468749997 0.6461810125 0.454822990625 0.640606625 0.4220145875 0.6454380343749999
0 0.45612899375 0.641020909375 0.45297143906250004 0.6210848999999999 0.40351560781250007 0.6291004 0.4035648046875 0.6340191703125 0.4193111671875 0.6470347453125 0.45612899375 0.641020909375
0 0.378220940625 0.6127815531249999 0.39754830937499996 0.6299740500000001 0.4535426046875 0.6194632359375001 0.45162717499999994 0.610825809375 0.4397863109375 0.594819615625 0.37777705156249997 0.605370778125 0.378220940625 0.6127815531249999
0 0.3637422515625 0.662075746875 0.379523996875 0.6707065484375 0.4238919015625 0.66167224375 0.42358012812499996 0.656247665625 0.40933515312499996 0.6481033234375 0.3629158234375 0.6580099374999999 0.3637422515625 0.662075746875
0 0.33821455624999996 0.6472153390625001 0.357501575 0.6583928718750001 0.40534490312499993 0.64826071875 0.40570643593750005 0.6401749828125001 0.3914984984375 0.6311124484375 0.3370780125 0.6411915296874999 0.33821455624999996 0.6472153390625001
0 0.3031812578125 0.6274405203125 0.3283350890625 0.642250475 0.3831679609375 0.6324710078125 0.384363109375 0.6238883093750001 0.36375270312499997 0.607811353125 0.3025682125 0.6189617468749999 0.3031812578125 0.6274405203125
0 0.23679511718750001 0.5539340609375001 0.28106220312499997 0.5845492296875 0.3572770875 0.567998646875 0.3566976296875 0.5586838265625 0.32409035468749997 0.525326059375 0.23506487968749998 0.543009775 0.23679511718750001 0.5539340609375001
0 0.13499326875 0.5701388359374999 0.1917249015625 0.597436015625 0.2636392796875 0.5820144984375 0.2652446796875 0.57235363125 0.2183340515625 0.5448447578125 0.136321834375 0.5587300828124999 0.13499326875 0.5701388359374999
0 0.1515307921875 0.4963799015625 0.2211503546875 0.5400010921875 0.3116468796875 0.5202926531250001 0.31127505312500003 0.5122887484375 0.26163947187500003 0.46191893906250003 0.1595048515625 0.4816789390625 0.1515307921875 0.4963799015625
0 0.02905209375 0.519076825 0.1061001734375 0.56152145625 0.19972470625 0.541765521875 0.1958096125 0.5311872828124999 0.1285133265625 0.488093984375 0.0285635640625 0.5075079390624999 0.02905209375 0.519076825
0 0.015499328125 0.4023984921875 0.12197917656249999 0.4751203765625 0.23308256875 0.45259606249999995 0.23579125625000003 0.44141665156250004 0.152492609375 0.362335628125 0.016827890625 0.3909897390625 0.015499328125 0.4023984921875
0 0 0.5043853171875 0.01361659375 0.505681234375 0.0980154265625 0.483281528125 0.1033786890625 0.473431765625 0 0.4025373484375 0 0.5043853171875
0 0.6071578671875 0.293960190625 0.6016421421875 0.2847079921875 0.45521753593750003 0.3160000140625 0.48432998437499997 0.4166974203125 0.47467443437499995 0.339751725 0.5688238203125 0.31724557343750004 0.588920315625 0.3738048484375 0.5872131265625 0.391795396875 0.60460700625 0.3961285390625 0.6071578671875 0.293960190625
0 0.2803350484375 0.351323575 0.31683762187500003 0.4123724421875 0.320638534375 0.369242059375 0.4137755765625 0.3499339890625 0.4380088640625 0.4134324125 0.43541204999999994 0.41941290000000003 0.4567525375 0.4135014484375 0.42293576406250005 0.31506800468749996 0.2803350484375 0.351323575