0 0.49637744218749996 0.6112627109375001 0.4611663828125 0.6027577421875 0.46408728281249995 0.6195908609375 0.4305714078125 0.6734994796875 0.3712336484375 0.6540715968749999 0.3679174234375 0.645962215625 0.3564880390625 0.6576787765625001 0.358280815625 0.66823855 0.4496210328125 0.7025345234375 0.49730790156250004 0.6218979265625 0.49637744218749996 0.6112627109375001
0 0.260491215625 0.633058634375 0.3373445984375 0.663987825 0.3615004890625 0.6355173656249999 0.35430397812500003 0.6161619296875 0.333432128125 0.6391315828125 0.2801054234375 0.6188881625 0.276149696875 0.6067797921875 0.2583247453125 0.6248486625 0.260491215625 0.633058634375
0 0.5043578265625001 0.5766768250000001 0.45851155468749993 0.5691023171875 0.45945986562499996 0.589873315625 0.50708458125 0.6045331890625001 0.5413478484375001 0.5459249703125 0.5405682734374999 0.5370143828125 0.5279066578125 0.534646471875 0.5043578265625001 0.5766768250000001
0 0.5434429171875 0.5135918140625 0.5254062312500001 0.50937705 0.52640131875 0.52406155 0.54803815 0.529699171875 0.574597915625 0.48566756250000004 0.57331890625 0.4776695875 0.5630825328125 0.4765376859375 0.5434429171875 0.5135918140625
0 0.4241804828125 0.4025698015625 0.47093341562499996 0.40907319218750005 0.47745404843749994 0.404693725 0.476063409375 0.377914425 0.4489947359375 0.375997515625 0.422687728125 0.3963917671875 0.4241804828125 0.4025698015625
0 0.3837348484375 0.45455388125 0.38150232968750003 0.4480834734375 0.33023846875 0.43899896875 0.2887756921875 0.4711938875 0.2897649375 0.47705888124999996 0.34370137343749996 0.48948049375 0.3837348484375 0.45455388125
0 0.32284371875 0.4415504171875 0.32157688281249996 0.43523358749999996 0.2763640421875 0.427286115625 0.23031799375 0.456073034375 0.2333419515625 0.46342644375 0.2793373421875 0.474876378125 0.32284371875 0.4415504171875
0 0.26586490625 0.4841491578125 0.2643824859375 0.47808925 0.21385694375000003 0.46655953125 0.15994653125 0.5034144031250001 0.1621790515625 0.509884809375 0.211597115625 0.5250823453125 0.26586490625 0.4841491578125
0 0.32818244375 0.49440914999999996 0.2760740265625 0.48111342187500006 0.2218889125 0.5229916218749999 0.22264190468749998 0.528877284375 0.282077065625 0.547007421875 0.33148399375 0.502214396875 0.32818244375 0.49440914999999996
0 0.26258606093750003 0.55823513125 0.26170905312500004 0.5509319484375 0.20517094062500002 0.5332625359375001 0.1337037796875 0.58712743125 0.13572071562500002 0.593854759375 0.1975213015625 0.6172533687499999 0.26258606093750003 0.55823513125
0 0.193308046875 0.536442959375 0.19064436093749998 0.5304863984375 0.13863933281250002 0.514562946875 0.066120921875 0.5618540890625 0.0697414015625 0.57058368125 0.12321706875 0.58971133125 0.193308046875 0.536442959375
0 0.4389303015625 0.38068702656250003 0.4377874828125 0.375787715625 0.397208140625 0.3691012984375 0.3680867625 0.389979834375 0.368367246875 0.3959068359375 0.412573065625 0.40322822656249996 0.4389303015625 0.38068702656250003