0 0.0265400953125 0.4673888828125 0.13761600000000002 0.42918045937500005 0.1356964609375 0.41807244531250004 0.0307912046875 0.4531018984375 0.00439615 0.44121151249999996 0.002587575 0.4566271796875 0.0265400953125 0.4673888828125
0 0.15909559375 0.420299415625 0.240209471875 0.3905274921875 0.238106884375 0.38291224375 0.16526411875 0.4076139296875 0.1317527828125 0.3978522828125 0.1365353734375 0.411612028125 0.15909559375 0.420299415625
0 0.2302837453125 0.316086615625 0.23164954531249998 0.3210333359375 0.2530060625 0.316627421875 0.2530216703125 0.310128053125 0.21317061406249999 0.30153935781249996 0.1888120921875 0.307412990625 0.2302837453125 0.316086615625
0 0.2317554328125 0.33744498125 0.23463929218750001 0.34857554375 0.24454178437500002 0.347071984375 0.24517724375 0.340459846875 0.2317554328125 0.33744498125
0 0.25599068593749996 0.343626946875 0.30585047187500003 0.32948191875 0.30512073125 0.321353571875 0.2583651921875 0.31485816875 0.22964416718749997 0.32259879375 0.23092121250000003 0.33682339843750003 0.25599068593749996 0.343626946875
0 0.25082905625 0.3869851984375 0.3112418921875 0.364436334375 0.31022401093749996 0.3562928890625 0.25723385468750004 0.3419585046875 0.23600449218750003 0.3500917515625 0.24324556406250003 0.38283164687500004 0.25082905625 0.3869851984375
0 0.32097705312499997 0.3606125515625 0.36834927500000003 0.34431462968750004 0.3690451375 0.33654992968749997 0.32137864843749997 0.3253838671875 0.27329301093749997 0.338755078125 0.2732338328125 0.3453974171875 0.32097705312499997 0.3606125515625
0 0.1678818296875 0.49581249843749997 0.143109240625 0.5096042890625 0.1460334625 0.5257907359375 0.240418440625 0.5694055359375 0.2843696375 0.540585659375 0.28265506875 0.510315671875 0.2364757375 0.536660953125 0.1725372671875 0.5059593359375001 0.1678818296875 0.49581249843749997
0 0.3783109890625 0.5926653734375 0.2884808640625 0.55211866875 0.265020509375 0.5678654890625 0.266459971875 0.585388815625 0.389087971875 0.63897193125 0.473468640625 0.5495527890624999 0.469926271875 0.5361633343750001 0.43517336875 0.5244391562499999 0.4370831046875 0.5419871296875 0.3783109890625 0.5926653734375
0 0.47487130468750005 0.6217662453125 0.47392026718749997 0.576927203125 0.42693161875 0.636711153125 0.4250791734375 0.6540619578125 0.5829821328125 0.7274037796874999 0.6376556718749999 0.6109632656249999 0.6399290984375 0.5945776515625 0.6210175984374999 0.5865130734374999 0.5832412406249999 0.6684717906250001 0.47487130468750005 0.6217662453125
0 0.4333848609375 0.4955799859375 0.4332163390625 0.516791559375 0.4836627703125 0.534996975 0.535701190625 0.47783549374999995 0.5343869546875 0.466920634375 0.5084213609375 0.45848636562499995 0.5087704046875 0.4698222078125 0.4721956984375 0.50185805625 0.4333848609375 0.4955799859375
0 0.66035215625 0.5018160625 0.6374953046875 0.5600353218749999 0.6273957593749999 0.5547903796875 0.6254960203125 0.5820415624999999 0.6491102515625 0.5903526015625 0.6780293609375 0.5244344562500001 0.6816889609375 0.508593053125 0.66035215625 0.5018160625
0 0.404137665625 0.389678175 0.40396124687499996 0.398448421875 0.429396284375 0.4048791859375 0.442311825 0.3962101484375 0.47952026875 0.4049571875 0.48729519843749997 0.40791354062499996 0.5127994421875 0.391407965625 0.5119201343750001 0.381166340625 0.4483405421875 0.3676387359375 0.404137665625 0.389678175
0 0.5208396 0.3838994671875 0.5513228359375 0.3642563171875 0.5489573531249999 0.355352853125 0.4891542109375 0.345421678125 0.4559502484375 0.36293977499999996 0.4567247421875 0.36977739062500004 0.5208396 0.3838994671875
0 0.6100774578125 0.4050023734375 0.5333418937500001 0.3885196171875 0.501194859375 0.41289013125 0.5121653687500001 0.4143147 0.5107864078125 0.42981895156250005 0.5757189625 0.4445503015625 0.5854377203125 0.43203200468749997 0.591458840625 0.4360292796875 0.6113576125 0.4129993265625 0.6100774578125 0.4050023734375
0 0.541740896875 0.3903758375 0.6158753515625001 0.40785511249999995 0.6369334624999999 0.38431950000000004 0.6363513921874999 0.37381024531249996 0.5684908859375 0.3609079140625 0.5401043 0.38377624843749997 0.541740896875 0.3903758375
0 0.6711975640625 0.4546518921875 0.6676627453124999 0.46806069375000003 0.70595651875 0.477714240625 0.7214795656249999 0.430098953125 0.6330594046875 0.40960531875 0.6073947453125 0.43997975 0.6711975640625 0.4546518921875
0 0.725330025 0.4322832140625 0.7379731296875 0.40179277031250005 0.7387748249999999 0.39730343437500004 0.6585156390625 0.3778039171875 0.6392717453125 0.404549915625 0.6397786062499999 0.411090296875 0.725330025 0.4322832140625