0 0.276991784375 0.37926700625 0.302846325 0.39875328125 0.3035473453125 0.3833233125 0.3632727953125 0.36996861875 0.3964436859375 0.397912328125 0.40178595 0.3770845234375 0.3953705640625 0.37749035468750003 0.3766190359375 0.3584783734375 0.38033203125 0.3541601046875 0.3695294140625 0.3416939875 0.2802989484375 0.368533353125 0.276991784375 0.37926700625
0 0.5418721546875 0.357285153125 0.5354289828125001 0.3449564609375 0.5293092875000001 0.3461942921875 0.5159417046875 0.3254562921875 0.5206722484374999 0.31609094843749996 0.5079029921875 0.30020057968749997 0.3917046890625 0.336061975 0.3912442890625 0.3495322515625 0.40450173125 0.36468686875 0.4062480875 0.3569443484375 0.48172647968750004 0.33517984375 0.5251984109375 0.3926355171875 0.5200416984375 0.40871193593750005 0.5597440578125 0.39966211875 0.56060334375 0.389423596875 0.5532319234374999 0.37817447187500003 0.54823991875 0.3799486140625 0.5384067265625 0.3628273609375 0.5418721546875 0.357285153125
0 0.5915630171874999 0.44082035468749997 0.586589475 0.43275485312499995 0.5839053140625 0.4364011875 0.5760111703125 0.421764728125 0.5771577171875 0.41445067968749993 0.5715399375 0.40556059375000003 0.5187615359375 0.416474815625 0.5167005453125 0.43933171875 0.565755453125 0.4324332046875 0.5892702375 0.4696126609375 0.5883447890625 0.47310219687500005 0.6032540984375 0.47108116874999995 0.603356975 0.4621480078125 0.59994676875 0.45551693125000003 0.5954501296875 0.455710296875 0.588754284375 0.4434574171875 0.5915630171874999 0.44082035468749997
0 0.62363959375 0.5006882921875 0.62098770625 0.49418922343749994 0.6161580671875 0.49359621875000004 0.6136411265625 0.4874768625 0.614321984375 0.481931721875 0.6103081515625 0.4761732875 0.5874906515625 0.4786372484375 0.5876665859375 0.4875558921875 0.5861823734375 0.493728684375 0.6037309703125 0.49424922968749996 0.61969845 0.5179984656250001 0.6185500234375 0.5243940593749999 0.631513746875 0.5238069359375 0.632724890625 0.5154217484375 0.628754984375 0.5093055625 0.625268496875 0.5096037671875 0.6223279171875 0.5039771109375 0.62363959375 0.5006882921875
0 0.6595652624999999 0.56141229375 0.5945437015625 0.5650520859375 0.5943602828125 0.5700520375 0.657635859375 0.56777635625 0.6693425625 0.58930365 0.6718152484375 0.5890332593750001 0.671800215625 0.5821434515624999 0.6595652624999999 0.56141229375
0 0.5230192171875 0.567893421875 0.5223422640625001 0.5734067703125 0.576381859375 0.5727235375 0.5921112859375001 0.591874775 0.59438784375 0.582683353125 0.580111825 0.5657195609375 0.5230192171875 0.567893421875
0 0.515014753125 0.5713197671875 0.46074205 0.5717704125 0.4603966578125 0.5795784828125 0.4854536140625 0.5952894546875 0.5173303359375 0.5944195375 0.5187758453125 0.5786507390625 0.5148749453125 0.5764544765624999 0.515014753125 0.5713197671875
0 0.4032682625 0.579310503125 0.43322252812500006 0.5970947546875001 0.47503367656249995 0.595236684375 0.47542786562500006 0.589029234375 0.47089308125 0.5870004671875 0.4651541609375 0.586786471875 0.4639584375 0.58553568125 0.46487209375000005 0.5820906171875 0.4599599453125 0.5801381796875 0.4534959734375 0.579835159375 0.4538159734375 0.57423191875 0.404133121875 0.5742648171875 0.4032682625 0.579310503125
0 0.44120237968750003 0.6000371765625 0.46445726093750006 0.6134415984375 0.50494343125 0.6133834609375 0.50494541875 0.6073731828125 0.5013021109375 0.6055765390625 0.4969380359375 0.605654015625 0.495367090625 0.605461128125 0.49586628906249997 0.6023944984375 0.48707978281250003 0.6000276812500001 0.4865857046875 0.5950604671875 0.47664699375 0.5940854734375 0.44120865 0.59599004375 0.44120237968750003 0.6000371765625
0 0.5049243109375 0.6115411578125001 0.47095090781250004 0.6135029359375 0.47003725156250004 0.616948 0.49084133750000003 0.628334209375 0.527068365625 0.6279984437499999 0.511806028125 0.6164340296875 0.5127196859375001 0.6129889640624999 0.5049243109375 0.6115411578125001
0 0.2205431609375 0.39213728593749997 0.20614583749999998 0.3825190390625 0.142428809375 0.400945609375 0.1394758328125 0.4110094484375 0.223864646875 0.46099147656249995 0.285555053125 0.4480812625 0.287047371875 0.4399233640625 0.27680532812499997 0.4314286375 0.2702099609375 0.43319476718749994 0.2546487328125 0.42306561875000004 0.256851265625 0.4151175859375 0.241190459375 0.407797475 0.2376182796875 0.4109161140625 0.2183066703125 0.3983638578125 0.2205431609375 0.39213728593749997
0 0.12774131718749998 0.40368077031249994 0.07581585625000001 0.42097922812500005 0.0727377546875 0.42906508125 0.15816948125000002 0.47255132343749995 0.2101989578125 0.461398825 0.21084752343750002 0.454118634375 0.200185746875 0.4470443390625 0.1925049453125 0.44965850312500005 0.1761126609375 0.43930464843749994 0.178955503125 0.4341338375 0.164821128125 0.4273691421875 0.1581960859375 0.4293769546875 0.1390859296875 0.41918004375000006 0.1416404328125 0.4133605109375 0.12774131718749998 0.40368077031249994
0 0.23335823437499997 0.465591728125 0.1837413125 0.47507782968749995 0.180648371875 0.4832845265625 0.244885953125 0.516563303125 0.29344925625 0.5086651234375 0.2940533109375 0.5017474609375 0.2859631734375 0.4967062125 0.28013522812499997 0.49721726874999994 0.2693420546875 0.492212121875 0.270811125 0.4872406234375 0.2619810984375 0.48223119375 0.254826034375 0.483560609375 0.24218413125 0.47562986562500004 0.24457542499999999 0.4711395921875 0.23335823437499997 0.465591728125
0 0.305163259375 0.4512248296875 0.2463814734375 0.461425584375 0.24431676093750002 0.4702491875 0.30312288125000003 0.50580499375 0.3620319328125 0.4985637953125 0.363642953125 0.489439159375 0.355190290625 0.4843533984375 0.3485482671875 0.48550048125 0.34057897187499997 0.48047407187499996 0.3408989734375 0.47487083124999996 0.33176576875 0.4693335203125 0.32559227812499997 0.47066079531250005 0.3143686625 0.46216821093749993 0.31467382499999996 0.45668581250000007 0.305163259375 0.4512248296875
0 0.37948196562500003 0.50230101875 0.3208718046875 0.50810695 0.319922203125 0.5158408328124999 0.3661457703125 0.5429825265625 0.4190043171875 0.5380650140625 0.419500225 0.5300300953125 0.4137845546875 0.5266296984375 0.4075050578125 0.52782129375 0.4013335546875 0.5231382890625 0.40176170000000005 0.5186522984375 0.394973290625 0.514997521875 0.39008026406249996 0.5148873875 0.382944165625 0.5110672562499999 0.38296527343750003 0.5068992812500001 0.37948196562500003 0.50230101875
0 0.306862709375 0.5103120890625 0.2612864953125 0.51685974375 0.2592620109375 0.5233576734375001 0.30685507031250003 0.548336909375 0.3542927078125 0.5436124375 0.3548522515625 0.5370573000000001 0.34909206875 0.5340194265625 0.341390003125 0.5338097140625 0.33560014531250004 0.531013525 0.3361809484375 0.5272822640625 0.33050765000000004 0.5225377671875 0.32212718749999997 0.5228580765624999 0.315294265625 0.5195658234375 0.31710673906250003 0.5127965359375 0.306862709375 0.5103120890625