0 0.6391077546874999 0.6659225515625 0.6018865812499999 0.6396657546875 0.6004438999999999 0.661305971875 0.6399733640624999 0.694776175 0.722206190625 0.6512072046874999 0.7204749734375 0.641396971875 0.69566085625 0.623507725 0.6962379296875 0.635626246875 0.6391077546874999 0.6659225515625
0 0.521384971875 0.716704928125 0.47291088593749997 0.6595747546874999 0.47348795781249997 0.646590625 0.437420928125 0.6607289 0.4371323921875 0.67342449375 0.48935744999999997 0.738345146875 0.534946175 0.7407754375 0.6137165671875 0.7028551890625 0.61313949375 0.6861200875 0.5987126828125 0.6780410734375 0.521384971875 0.716704928125
0 0.42963045 0.6287013781249999 0.3981800015625 0.59378849375 0.3984685375 0.58946045 0.38202197187500003 0.5949426390625 0.38173343593750003 0.6033101890625 0.4238597265625 0.6575550015625 0.4755077109375 0.63937721875 0.4743535671875 0.6284128421874999 0.47377649374999997 0.6168713921875 0.42963045 0.6287013781249999
0 0.38000221875 0.571571203125 0.36009321875 0.5467570875 0.36009321875 0.54271758125 0.34653201562499997 0.5450258703124999 0.34682055156249997 0.5542590296875 0.3745200296875 0.5906145953124999 0.3984685375 0.5831126531249999 0.39673732031250003 0.5756107109374999 0.39673732031250003 0.5692629140625 0.38000221875 0.571571203125
0 0.791743421875 0.6269701609375 0.8480079875 0.600136290625 0.8468538421874999 0.58801776875 0.7594273640625 0.5513736671875 0.7017201171874999 0.5741680296875 0.7014315812499999 0.5810929 0.791743421875 0.6269701609375
0 0.8601265093749999 0.59378849375 0.9068693796874999 0.5712826671875 0.9074464515624999 0.5603182906249999 0.8185772921875 0.53117613125 0.7735656390625001 0.5499309859375 0.7741427125 0.5565673203125 0.8601265093749999 0.59378849375
0 0.7499056687500001 0.5479112328125 0.7957829296875001 0.532041740625 0.7960714656250001 0.5251168703125 0.7308622765624999 0.50001421875 0.6846964796874999 0.515595175 0.6852735531249999 0.5207888265625 0.7499056687500001 0.5479112328125
0 0.6835423359374999 0.5724368125 0.7374986109375 0.55397049375 0.739229828125 0.5450258703124999 0.675174784375 0.519057609375 0.6194872921875 0.534638565625 0.61891021875 0.5421405078125 0.6835423359374999 0.5724368125
0 0.60477194375 0.531753203125 0.6564199296875 0.5150181015624999 0.656708465625 0.5109785953125 0.6093885234374999 0.489338378125 0.5580290734375 0.5031881171875 0.558606146875 0.508958840625 0.60477194375 0.531753203125
0 0.6696925953124999 0.513286884375 0.7144157125 0.5003027546875 0.7152813203124999 0.4959747109375 0.664354675 0.4782297328125 0.6206414359375 0.4881842328125 0.6220841171875 0.49424349375 0.6696925953124999 0.513286884375
0 0.4878706359375 0.4564894 0.52711023125 0.44915801093749996 0.5265270515625 0.443826090625 0.5031999046875 0.43466185468749996 0.4638769984375 0.4408268859375 0.4638769984375 0.4458255609375 0.4878706359375 0.4564894
0 0.522694734375 0.4723185359375 0.5675161828124999 0.46398741093750007 0.567016315625 0.45848886875000006 0.5366910234375 0.4476584078125 0.4957018921875 0.455822909375 0.495035403125 0.45932198125 0.522694734375 0.4723185359375
0 0.513197253125 0.475317740625 0.51053129375 0.46848621875 0.4853712984375 0.455822909375 0.4547127609375 0.46032171718750003 0.45554587343749997 0.47865019062499997 0.4630438859375 0.48281575156249995 0.513197253125 0.475317740625
0 0.4963683828125 0.4364947015625 0.49586851562499995 0.4331622515625 0.474707459375 0.424331259375 0.44121634062500004 0.4283302 0.45504600625 0.44116013125000003 0.4625440171875 0.44282635625 0.4963683828125 0.4364947015625
0 0.45088044375 0.48648144687499995 0.45088044375 0.48098290468749993 0.39789449375 0.48964727343750003 0.3813988671875 0.4733182703125 0.3783996625 0.4738181375 0.37939939843750004 0.4819826390625 0.394395421875 0.49647879531249994 0.45088044375 0.48648144687499995
0 0.31674934375 0.5101418390625 0.3810656234375 0.49864488749999997 0.379066153125 0.49414608125 0.3162494765625 0.5049765421875 0.299587228125 0.485648334375 0.3005869625 0.49164674374999995 0.31674934375 0.5101418390625