0 0.5188611843750001 0.586642475 0.5491429796875 0.5838010171875 0.5841343906249999 0.5821388546875 0.584372484375 0.5763514578125 0.54254716875 0.5792348421875 0.5180194453125 0.580911671875 0.5188611843750001 0.586642475
0 0.441906275 0.5865603234375001 0.44127994218750005 0.59182666875 0.50498999375 0.5884877671875001 0.5047738234375 0.5809195140625001 0.441906275 0.5865603234375001
0 0.40723938593750003 0.6364896156250001 0.407825696875 0.6407900765625001 0.4175128234375 0.6534564281249999 0.44912185156250006 0.6505366046875001 0.44030552500000003 0.6407120749999999 0.4403730796875 0.6351140843749999 0.40723938593750003 0.6364896156250001
0 0.4416286234375 0.6356626125 0.4405722484375 0.6155057609375 0.39054949375 0.618307809375 0.39008426875 0.6232047765625001 0.4043838734375 0.63779499375 0.4416286234375 0.6356626125
0 0.3670991765625 0.5994343453125001 0.38452356249999997 0.6185529203125 0.44130979375 0.613952684375 0.4403077140625 0.6051623562499999 0.43020482031249996 0.5880061390625 0.36743235625000004 0.59201776875 0.3670991765625 0.5994343453125001
0 0.3475471578125 0.646945065625 0.362340284375 0.6571782296875 0.40740947812500006 0.6528311234374999 0.4076664359375 0.647403671875 0.3943508109375 0.637814940625 0.34715025 0.64281514375 0.3475471578125 0.646945065625
0 0.323712640625 0.6294976937500001 0.3417256328125 0.6426300375 0.39036596874999996 0.6375543796875001 0.3915707109375 0.629550728125 0.3783878984375 0.61905270625 0.3232119828125 0.6233880828125 0.323712640625 0.6294976937500001
0 0.29093828906249997 0.6061692265625 0.3144062640625 0.6235273421875 0.3699609890625 0.61953304375 0.3720467265625 0.611122290625 0.353229725 0.59297903125 0.291214875 0.5976728203125 0.29093828906249997 0.6061692265625
0 0.23259933593749998 0.526126203125 0.273423765625 0.5612008296875 0.35095114375 0.5527075359375 0.351348525 0.5433831734375001 0.32240671249999997 0.5067997546874999 0.23202047656250002 0.5150809015625 0.23259933593749998 0.526126203125
0 0.129661309375 0.531601015625 0.18322882812500002 0.5646787296875 0.25636123906249997 0.5568587921875 0.25896768125 0.5474186578125 0.21518949375 0.515156984375 0.13217513593750002 0.5203936328125 0.129661309375 0.531601015625
0 0.153818146875 0.45997478125 0.21849667031250003 0.5106342374999999 0.3105575375 0.500493225 0.3110243828125 0.4924943 0.266925790625 0.437212090625 0.16328519218749998 0.44618786874999994 0.153818146875 0.45997478125
0 0.029637925 0.469744859375 0.10182725468750001 0.520010690625 0.19700395937499998 0.5101494109375 0.1942160390625 0.49921988125 0.1317928859375 0.44932827656249996 0.0303613484375 0.4581882828125 0.029637925 0.469744859375
0 0.028355609375 0.352289053125 0.1266506421875 0.43574273281250003 0.23949983125 0.424955278125 0.243362246875 0.41412024374999995 0.1687861375 0.3267653546875 0.030869432812499997 0.34108167031250003 0.028355609375 0.352289053125
0 0 0.45163568437499996 0.0156872015625 0.45480920156250004 0.101965096875 0.441354284375 0.10832855937500001 0.4321190921875 0.0000975 0.339872584375 0 0.34001011875 0 0.45163568437499996
0 0.6281078703125 0.3062899453125 0.623589478125 0.29651188125 0.4746960953125 0.31232694375 0.4931233171875 0.41551579843750003 0.4915636765625 0.33798233906249997 0.5875498359375 0.3254407703125 0.6016241859375 0.3837908625 0.598045825 0.4015044078125 0.6148914828125001 0.40763196874999996 0.6281078703125 0.3062899453125
0 0.297079315625 0.3291768 0.327000578125 0.39370679375 0.335289021875 0.3512099875 0.42993409375 0.3417431609375 0.44739723593749997 0.4074268 0.44418951562500003 0.41310308593749995 0.46603101249999995 0.40945470625 0.4426885875 0.308025675 0.297079315625 0.3291768