0 0.3062923078125 0.461905240625 0.3742647859375 0.45053025468749996 0.3720452765625 0.4435942875 0.3098990109375 0.451640009375 0.292420375 0.432774178125 0.2907557421875 0.44220709375 0.3062923078125 0.461905240625
0 0.3867495265625 0.4466461125 0.44612140624999996 0.43638088125 0.44528908906250003 0.43083210781250003 0.3900787921875 0.43887782968750005 0.3714904 0.42361870156250003 0.3714904 0.434161371875 0.3867495265625 0.4466461125
0 0.44834091562499995 0.42861259843750005 0.45721895312500005 0.43388393281250004 0.5057707234375 0.42583821093749996 0.5066030390625 0.416682734375 0.4785817328125 0.40447543281250004 0.4466762828125 0.4097467671875 0.44834091562499995 0.42861259843750005
0 0.44612140624999996 0.4103016453125 0.4699811328125 0.40724981875 0.46970369375 0.40142360625 0.4463988453125 0.391158375 0.44612140624999996 0.4103016453125
0 0.4458439671875 0.3856096015625 0.4458439671875 0.3914358140625 0.4502829859375 0.393377884375 0.48995671874999996 0.3864419171875 0.4905115953125 0.3803382671875 0.47164576562500005 0.3725699828125 0.4319720328125 0.378673634375 0.4458439671875 0.3856096015625
0 0.4758073453125 0.40530774843749995 0.5204749734375 0.3994815359375 0.5218621671875 0.3928230078125 0.4971701234375 0.38366753125 0.4588835859375 0.3914358140625 0.45805126874999996 0.396152271875 0.4758073453125 0.40530774843749995
0 0.5132615671874999 0.423896140625 0.5615358984375 0.4139083484375 0.5607035828125 0.40697238125 0.5299078890625 0.3950425171875 0.4905115953125 0.40142360625 0.4896792796875 0.4116888375 0.5132615671874999 0.423896140625
0 0.5961133546874999 0.4865230328125 0.648994378125 0.47210093437499995 0.6485937640625 0.4628868171875 0.6005201062500001 0.44245551250000004 0.5524464499999999 0.4536727 0.5504433796875 0.46488988593749997 0.5961133546874999 0.4865230328125
0 0.6638170890625 0.46529049999999994 0.707884609375 0.450868403125 0.70908645 0.44245551250000004 0.65740726875 0.42763280156250005 0.6157434312500001 0.43684691875 0.6141409765625 0.4484647203125 0.6638170890625 0.46529049999999994
0 0.6734318203125 0.522578275 0.7303189828125001 0.50134574375 0.732722665625 0.49253223906250004 0.6710281375 0.46769418281249997 0.614541590625 0.48411935 0.6141409765625 0.49573714999999996 0.6734318203125 0.522578275
0 0.778392640625 0.5754592984375 0.8372828703125 0.5442114218749999 0.835680415625 0.536599759375 0.7503496734375 0.50134574375 0.6950649671875 0.5229788890625 0.693863125 0.534997303125 0.778392640625 0.5754592984375
0 0.8973340578125001 0.5073417625000001 0.8104417453125 0.47931198437500006 0.76437115625 0.4953365359375 0.7639705421875 0.5077555640625 0.84809944375 0.542608965625 0.8925675765625 0.5201745921875001 0.8973340578125001 0.5073417625000001
0 0.7399337140625 0.4961377640625 0.7876067578125 0.48251689375 0.7884079859375 0.473703390625 0.7267134578125 0.4496665609375 0.6790404140625 0.462486203125 0.67663673125 0.468094796875 0.7399337140625 0.4961377640625
0 0.34092235625 0.5085567921874999 0.36976654999999997 0.542208353125 0.3958064484375 0.5337954625 0.393402765625 0.5197739796875 0.374573915625 0.5233795031249999 0.353741996875 0.49213162656250004 0.34332603906250003 0.49573714999999996 0.34092235625 0.5085567921874999
0 0.3777788265625 0.5554286078125 0.418240821875 0.60430349375 0.46992000312500004 0.58908016875 0.4695193890625 0.5626396578125 0.4194426625 0.5770617546875 0.3958064484375 0.5374009875 0.3785800546875 0.5438108078125 0.3777788265625 0.5554286078125
0 0.433464146875 0.6115145421875 0.43266291875 0.61952681875 0.49796297031250003 0.7000501953125 0.6045262453125 0.6455667171874999 0.6065293140625 0.63475014375 0.5905047609375 0.6219305015625001 0.590905375 0.6287409359375 0.517192434375 0.6599888140625 0.4691187765625 0.6075084046875 0.4695193890625 0.5922850796875 0.433464146875 0.6115145421875
0 0.6289636875 0.6363525984375 0.7098876781250001 0.5986949 0.7086858359375 0.5874777140624999 0.6846490078125 0.56824825 0.68424839375 0.584272803125 0.6313673703125 0.6095114734375 0.5949115140625 0.584272803125 0.5929084437500001 0.6099120874999999 0.6289636875 0.6363525984375