0 0.4541221390625 0.533083409375 0.500965809375 0.49998986562500003 0.5569933390624999 0.53555621875 0.569293178125 0.53115230625 0.570670778125 0.5185458046875 0.49275114999999997 0.470498821875 0.430047053125 0.5115955984375 0.42843945625 0.5198659671875 0.4541221390625 0.533083409375
0 0.65381748125 0.5783373921875 0.6539797 0.5701436890625 0.5867716796875 0.52954311875 0.5533948171875 0.5448700671875 0.5538362421875 0.562836815625 0.5848202796875 0.5506209390625 0.6324047453125 0.5781089859375 0.6310747625 0.5867909375 0.65381748125 0.5783373921875
0 0.41450252968749995 0.5414392171875 0.45170185625 0.556573421875 0.45690797656250004 0.5389892046875 0.4181802796875 0.518099115625 0.3746412328125 0.54872533125 0.37314696718749996 0.5553077281250001 0.3835985375 0.5612052875 0.41450252968749995 0.5414392171875
0 0.36736475625 0.5717954656249999 0.3796387109375 0.5782620374999999 0.3834492546875 0.5641831421875 0.3652481875 0.5550610203125 0.333033625 0.5771496625 0.3304299328125 0.5850198453125001 0.3396339453125 0.5896010203125 0.36736475625 0.5717954656249999
0 0.6380296828125 0.6179640984375 0.637248375 0.6264032937499999 0.686631609375 0.65189589375 0.7579552374999999 0.6363354015625 0.7584893578125 0.6280629359375001 0.7099048781249999 0.5973561796875 0.6380296828125 0.6179640984375
0 0.7003823828125 0.648555028125 0.6983249218750001 0.6580348234375 0.7395447421875 0.6802224031249999 0.81350743125 0.6709738625 0.8114257515625001 0.6606894984375 0.7683200578125 0.6338398093750001 0.7003823828125 0.648555028125
0 0.7205739984374999 0.6816895046875 0.7204470203125 0.673503309375 0.678778871875 0.65251724375 0.6243045578124999 0.66426528125 0.6231723484375 0.6689850640625 0.6629836984375 0.6906840890625 0.7205739984374999 0.6816895046875
0 0.6142213359375 0.6653121750000001 0.6690291078125 0.65405850625 0.6698966859375 0.6462804109375 0.6266475234375 0.623483590625 0.568039884375 0.6355020734375 0.5664651609375 0.642498384375 0.6142213359375 0.6653121750000001
0 0.5980733500000001 0.6688314 0.5995215703125 0.6613809453124999 0.55289226875 0.6405044125 0.512398946875 0.6532518656249999 0.510737953125 0.6595870781250001 0.5562864265624999 0.6793944140625 0.5980733500000001 0.6688314
0 0.5659324734375 0.673967009375 0.5651511671875 0.6824062046875 0.6039907437500001 0.70026513125 0.6505493078125 0.6927773984375001 0.6500946875 0.685171846875 0.609927096875 0.6664104484375 0.5659324734375 0.673967009375
0 0.5131433703125 0.69914399375 0.5136891234375 0.6930215546875 0.47523486249999997 0.67760006875 0.44607765625000007 0.6839599734374999 0.444864990625 0.689093671875 0.481588953125 0.705682259375 0.5131433703125 0.69914399375
0 0.4627660578125 0.680975346875 0.46273116718749996 0.674525265625 0.4174817375 0.656494271875 0.4097385328125 0.6620767734374999 0.40659490312499996 0.6771444109375 0.434890825 0.687369665625 0.4627660578125 0.680975346875