0 0.5004464750000001 0.68769675625 0.6489184156250001 0.689917171875 0.6240659749999999 0.5814809578125 0.6221392421874999 0.5806370000000001 0.6099549421875 0.5833297890625 0.6096703031249999 0.6619695796875 0.5072614890625 0.664002765625 0.50442145625 0.5833061515625 0.500871090625 0.679895559375 0.5004464750000001 0.68769675625
0 0.3453392671875 0.6224812515625 0.32233045625 0.681751353125 0.3228967375 0.6925566328125 0.46667320468750007 0.6953009453125001 0.47760486406249997 0.5858228265625 0.4601647015625 0.5870146468749999 0.462686090625 0.5927167140625 0.45257933125000005 0.6649237984374999 0.35399125625 0.6656454703125 0.3453392671875 0.6224812515625
0 0.260330590625 0.6066555499999999 0.257591403125 0.59679760625 0.1434735328125 0.5980553390625001 0.05152817656250001 0.69372094375 0.0572267078125 0.7070354484375 0.1969501171875 0.706658340625 0.260330590625 0.6066555499999999
0 0.20292456093750003 0.5290964390624999 0.19916425937499999 0.520958925 0.1100542515625 0.5222951499999999 0.033967553125 0.5812909312500001 0.03756695625 0.5916594328125 0.143796509375 0.5883147328125 0.20292456093750003 0.5290964390624999
0 0.21997268281250001 0.520424040625 0.163687815625 0.5808824265625 0.1679139375 0.5926071796875 0.27444958750000004 0.589802078125 0.31431540625 0.5288150796875 0.3132530875 0.5191470734375 0.21997268281250001 0.520424040625
0 0.3481864 0.4753655640625 0.34712408125 0.46569755625000003 0.2702191671875 0.466671959375 0.2322539109375 0.5056116171875 0.23443898281250003 0.5154986015625 0.3208074453125 0.5148616953125 0.3481864 0.4753655640625
0 0.25398770000000004 0.4750237390625 0.25380011874999997 0.46614334687500003 0.1769678015625 0.4685030421875 0.12600983906250002 0.5086792578125 0.12898252500000001 0.5176915078125 0.21338253906250002 0.5166021234375 0.25398770000000004 0.4750237390625
0 0.497116565625 0.39150885468749996 0.4940380359375 0.4123597359375 0.4352747453125 0.41493883593750003 0.43515996562500003 0.4191161296875 0.498976121875 0.417440178125 0.5001029390625 0.39118549375 0.497116565625 0.39150885468749996
0 0.4310392390625 0.4009784625 0.43050658906250006 0.39399862812499997 0.3746511890625 0.3947568203125 0.3580860140625 0.41614765625 0.3608696984375 0.42150785781250005 0.42187459531249993 0.420312940625 0.4310392390625 0.4009784625
0 0.361644871875 0.40127824375000004 0.361015590625 0.3956382828125 0.304652290625 0.3962562421875 0.28260482656249997 0.41810124374999996 0.282988521875 0.42542258593750004 0.34523736875 0.4224939640625 0.361644871875 0.40127824375000004
0 0.380539565625 0.37976532343749997 0.380234353125 0.373941528125 0.32831066249999996 0.3764958828125 0.3119307375 0.39187036875 0.313181990625 0.3966434765625 0.36783774999999996 0.3952807484375 0.380539565625 0.37976532343749997
0 0.3944853296875 0.36251619218750003 0.3928053625 0.3559301890625 0.3472220890625 0.358485959375 0.3330757578125 0.37190802500000003 0.3349489875 0.37581428125 0.3819854984375 0.37551826718750003 0.3944853296875 0.36251619218750003