0 0.696230384375 0.4130549046875 0.6912553078125 0.4031415796875 0.682699215625 0.42589933125 0.6171595890625 0.42363279687500005 0.6156137140625 0.42922829062499995 0.6839017171874999 0.43349163593749995 0.696230384375 0.4130549046875
0 0.618254525 0.415190190625 0.614252065625 0.40220428124999996 0.60104951875 0.423265846875 0.5456251062499999 0.42037006562499996 0.545629521875 0.4296113984375 0.601552034375 0.42950974999999997 0.618254525 0.415190190625
0 0.5392095546875 0.4047036859375 0.507782565625 0.40179364375000004 0.4805196890625 0.4177969734375 0.4812586953125 0.42615178125000003 0.534914428125 0.42554113437499996 0.540176896875 0.420033515625 0.5392095546875 0.4047036859375
0 0.5149851203125 0.40311167656249997 0.53716551875 0.4036805484375 0.5362802359375001 0.3829310265625 0.5136633640625 0.397798446875 0.5149851203125 0.40311167656249997
0 0.5359325234375001 0.3777036359375 0.545348521875 0.370449603125 0.5103084250000001 0.3690361625 0.48978585781249995 0.3804504234375 0.4906646015625 0.38751460312499997 0.53064693125 0.385263925 0.5356517265625 0.3835107953125 0.5359325234375001 0.3777036359375
0 0.525778896875 0.38939651406250003 0.5249998109375 0.38447755781250004 0.4856576265625 0.3847059484375 0.46387804062500004 0.39727975 0.4635230453125 0.4026184375 0.5070698375 0.4031647734375 0.525778896875 0.38939651406250003
0 0.49600036562499994 0.4075592375 0.49514708125 0.40217180937499997 0.45358547812500005 0.4020313875 0.4258037734375 0.419157509375 0.426459921875 0.42481627031249997 0.472263234375 0.42596565625 0.49600036562499994 0.4075592375
0 0.44137042031249996 0.47029257031249994 0.4395960921875 0.46080341718750006 0.3896631421875 0.4556851125 0.3447777296875 0.48586274375 0.3467461015625 0.4931500125 0.40165425781249997 0.49883728906249997 0.44137042031249996 0.47029257031249994
0 0.3779194796875 0.4637871859375 0.3751149171875 0.45636096249999997 0.33125811562499996 0.45190865625 0.286399015625 0.47882539062499996 0.28889689375 0.48602879374999997 0.3359175671875 0.4916083578125 0.3779194796875 0.4637871859375
0 0.387278690625 0.510884334375 0.385029946875 0.5001133515625 0.3274742671875 0.4948454015625 0.27180471562499997 0.5289022234375 0.2739276625 0.5388789468749999 0.33303238749999997 0.54878664375 0.387278690625 0.510884334375
0 0.319937865625 0.500381353125 0.31591972031250004 0.49043340312500006 0.26800776718749997 0.48608058125 0.211153409375 0.519510875 0.21202083906250002 0.526701121875 0.263877765625 0.5336858484375 0.319937865625 0.500381353125
0 0.3138630359375 0.5510384796875 0.256443846875 0.5397782453125 0.17887548281250001 0.5897876156249999 0.1802592609375 0.5985244437499999 0.2411095390625 0.6160260937500001 0.3187880796875 0.5632853359375 0.3138630359375 0.5510384796875
0 0.24054254843749998 0.5474233578125001 0.238838928125 0.54009415625 0.18795468437500001 0.5272561 0.1101191046875 0.5721513078125 0.113091396875 0.580636540625 0.1632101625 0.59549559375 0.24054254843749998 0.5474233578125001
0 0.65775470625 0.4844916421875 0.655879740625 0.47265358125 0.641814825 0.4714140953125 0.6249526624999999 0.50286214375 0.6089823140624999 0.5005375890625 0.6111618937500001 0.516487984375 0.6366394515625 0.51973375 0.65775470625 0.4844916421875
0 0.626605978125 0.5351914953125 0.62601355625 0.5248838765625 0.611503271875 0.5230214984375 0.5880035968749999 0.5607215531249999 0.5393289046875 0.5576827015625 0.5428645515625 0.5800059 0.5957986296875 0.5924248671875 0.626605978125 0.5351914953125
0 0.4174399078125 0.6484113125000001 0.41903021249999994 0.6606411734375001 0.534214396875 0.6961386171874999 0.584412234375 0.60809689375 0.5819311875000001 0.5946212531249999 0.5424055203125 0.5880530484375 0.5475220296875001 0.6028448484375 0.510609728125 0.6631254375 0.4295594796875 0.6395574609375 0.430641403125 0.631064940625 0.4174399078125 0.6484113125000001
0 0.305342853125 0.6280270906250001 0.39559884375 0.6549910328124999 0.42873282343749997 0.623392784375 0.4213695015625 0.6009824015625 0.3916346328125 0.6299619921875 0.33002737187500003 0.610942278125 0.3266387734375 0.5983038078125 0.304767240625 0.6156365187499999 0.305342853125 0.6280270906250001