0 0.4507089640625 0.42477489999999996 0.47499720625 0.4209667203125 0.4736591984375 0.4153310859375 0.443740284375 0.4208009640625 0.40902689375 0.425506503125 0.4092941109375 0.431292628125 0.4507089640625 0.42477489999999996
0 0.487316778125 0.4122838625 0.48819174218750006 0.419804475 0.55032843125 0.4087058625 0.5504933890625 0.40340496875 0.487316778125 0.4122838625
0 0.5472034546875 0.354620659375 0.5476240531250001 0.3602032375 0.580511778125 0.35594514843749997 0.5795528875 0.351712153125 0.5687986796875 0.3399382890625 0.5375644109375 0.345601909375 0.5472034546875 0.354620659375
0 0.5987594656249999 0.36768426718749997 0.583242653125 0.3543958640625 0.5463254796875 0.3597662234375 0.5491346203125 0.379754303125 0.598722809375 0.3726031484375 0.5987594656249999 0.36768426718749997
0 0.5618593484375001 0.40624570000000004 0.6240433078125001 0.3967783546875 0.623728821875 0.38936096249999996 0.604704446875 0.371833775 0.5485352406249999 0.3813657515625 0.550299634375 0.3900352921875 0.5618593484375001 0.40624570000000004
0 0.5932357984375 0.353501553125 0.6398209515625 0.344406578125 0.6390656078125 0.3403269640625 0.62343689375 0.331422046875 0.5789180765624999 0.3396806484375 0.5791351296875 0.34510984218749996 0.5932357984375 0.353501553125
0 0.610773203125 0.3708011328125 0.6653613046875 0.3616733546875 0.664330065625 0.355630628125 0.645241059375 0.3441181921875 0.5972281875000001 0.3534138203125 0.5967255921875 0.361492015625 0.610773203125 0.3708011328125
0 0.6381081140625 0.394582909375 0.6994778875 0.38450203125 0.6990129109375001 0.37601385 0.674121378125 0.36076715625 0.6191261828125 0.36958816875 0.6177814265625 0.37814870156249997 0.6381081140625 0.394582909375
0 0.676324853125 0.47774784531250003 0.7656453937500001 0.46162053125 0.764106075 0.45066771250000004 0.7203800390625 0.4192846375 0.6438879156249999 0.43450256875 0.6443047187500001 0.4438260828125 0.676324853125 0.47774784531250003
0 0.7824056984375 0.46007782031250005 0.8646477578124999 0.447625921875 0.8661752296874999 0.4362420921875 0.809928640625 0.40795896562499995 0.737756071875 0.42212305624999996 0.7359823109375 0.4317544328125 0.7824056984375 0.46007782031250005
0 0.7376596171875 0.5422352265625 0.8401235421875001 0.52426073125 0.8483529546874999 0.5097011734375 0.7795052890624999 0.46487159843750003 0.6886785890625 0.482997653125 0.688910671875 0.491006828125 0.7376596171875 0.5422352265625
0 0.87122230625 0.5183875390625 0.9714956656249999 0.5007209046875001 0.9712091140625001 0.4891452546875 0.89491353125 0.4453624140625 0.80095846875 0.46348136562500003 0.8046883515625 0.47412632187500003 0.87122230625 0.5183875390625
0 0.8450518890625001 0.6437082453125 0.9811960281250001 0.6174261750000001 0.9827234984375 0.6060423453125 0.877529040625 0.5314732078125 0.766049465625 0.55205506875 0.7631460828125001 0.5631855046875 0.8450518890625001 0.6437082453125
0 1 0.5043415109375 0.9864084796875 0.5028081921875 0.9016315718750001 0.5237315234375 0.8960972234375 0.533486184375 1 0.6074388671875 1 0.5043415109375
0 0.41091172656249997 0.60666604375 0.39359611875 0.6020299953125 0.3892625640625 0.7041382671874999 0.394615975 0.7134853171875 0.5415644000000001 0.6847535234375 0.5142137984375 0.583563371875 0.522524990625 0.660665859375 0.42799715625 0.68152545 0.40889081875000005 0.6246240578125 0.41091172656249997 0.60666604375
0 0.5417312671875 0.58724015 0.573824990625 0.6862487859375 0.7170367328125 0.6524874625 0.6816051703125 0.5908108359375001 0.6770521078125 0.6338683140625 0.5835922765625 0.651547978125 0.56047088125 0.587636296875 0.563171675 0.581702040625 0.5417312671875 0.58724015