0 0.47181302656249996 0.41796761406250005 0.4712723703125 0.41220060937499997 0.40585291718749994 0.4132819234375 0.40531226093750006 0.4190489265625 0.47181302656249996 0.41796761406250005
0 0.54840605 0.41544454999999997 0.5493071453125 0.4102182015625 0.4855096609375 0.4102182015625 0.48532944218749996 0.41778739531250003 0.54840605 0.41544454999999997
0 0.5539928359374999 0.36173932343750004 0.5536323984375 0.367326109375 0.586792671875 0.367686546875 0.5864322343749999 0.36336129375000004 0.577421290625 0.350205315625 0.5457027671875 0.351466846875 0.5539928359374999 0.36173932343750004
0 0.6019310578125 0.3878710609375 0.6026519328125 0.38300515156250003 0.5891355171875 0.367686546875 0.551830209375 0.367866765625 0.551830209375 0.38805127968750003 0.6019310578125 0.3878710609375
0 0.560660934375 0.4138225796875 0.6235573234375 0.41310170468749996 0.6242781984375 0.40571272968749994 0.60787828125 0.385708434375 0.550929115625 0.3873304046875 0.551469771875 0.3961611296875 0.560660934375 0.4138225796875
0 0.5988673375 0.367326109375 0.6462649015624999 0.3648030453125 0.6460846828125 0.3606580109375 0.6318473921875001 0.349664659375 0.586612453125 0.35164706562500003 0.586071796875 0.3570536328125 0.5988673375 0.367326109375
0 0.612383753125 0.3866095296875 0.6677109484375 0.38516777812499997 0.6675307296875 0.3790403359375 0.6502297171875 0.36498326406250003 0.6013904015625 0.367506328125 0.59976843125 0.3754359578125 0.612383753125 0.3866095296875
0 0.6368935203125 0.4134621421875 0.699069034375 0.41202039062500007 0.699789909375 0.403550103125 0.67726255 0.384987559375 0.621574915625 0.386068871875 0.6190518515625001 0.394358940625 0.6368935203125 0.4134621421875
0 0.6653972390625 0.5018202703125 0.75609300625 0.49828092343749997 0.75609300625 0.4872204640625 0.7171601890625 0.45005732031249995 0.6392945546875 0.4544815046875 0.63840971875 0.46377229062499997 0.6653972390625 0.5018202703125
0 0.7729049046875 0.49429915781249995 0.8560795609375 0.493414321875 0.8591764890625001 0.4823538625 0.8074135390625001 0.4465179734375 0.7339720875 0.4504997390625 0.730875159375 0.459790525 0.7729049046875 0.49429915781249995
0 0.7171601890625 0.5721647921875 0.8211285078125 0.5686254453124999 0.8313041312499999 0.5553528937500001 0.7693655578125 0.5013778531249999 0.6769001171875 0.5066868734375001 0.67601528125 0.514650403125 0.7171601890625 0.5721647921875
0 0.8459039374999999 0.5650860984375 0.9476601640625001 0.5615467515625 0.94898741875 0.5500438734374999 0.879527734375 0.49606883125 0.7839653640625001 0.500935434375 0.78617745625 0.51199589375 0.8459039374999999 0.5650860984375
0 0.8025469359375 0.6814421312500001 0.9410238890624999 0.6743634375 0.9441208171875 0.663302978125 0.8503281218750001 0.574819303125 0.7370690171875001 0.5796859046875 0.7326448328125 0.590303946875 0.8025469359375 0.6814421312500001
0 0.9688962468750001 0.6774603671875 0.9989806953125001 0.6730361828125 1 0.58543734375 0.9812839609375 0.567740609375 0.8746611328125 0.5739344656250001 0.8697945296875 0.5858797625000001 0.9688962468750001 0.6774603671875
0 0.35704065625000003 0.6974248796875 0.50655768125 0.68942396875 0.4935562 0.5854121250000001 0.49105591562499995 0.6629209515625 0.3945449265625 0.6704218046875 0.3835436734375 0.6114150859375 0.3880441859375 0.59391309375 0.37154230625 0.5869122953125 0.3530402 0.687423740625 0.35704065625000003 0.6974248796875
0 0.6820776671875 0.6764224890625 0.6555746484375 0.6104149718749999 0.645073453125 0.6524197546875 0.5500626343749999 0.6569202671875 0.536061040625 0.5904126953125 0.5395614390625 0.58491206875 0.5175589328125 0.5874123531250001 0.5355609828125 0.6899240265625 0.6820776671875 0.6764224890625