0 0.5493753140625001 0.658355059375 0.5490377671875 0.6455282890625 0.5308102515625001 0.64012754375 0.471402053125 0.7042613953125 0.399842178125 0.6651059906250001 0.3988295375 0.6458658359375 0.36372469375 0.6705067359375 0.3620369609375 0.6826584140625 0.4508117109375 0.7397037859375 0.47849053125 0.740716425 0.5493753140625001 0.658355059375
0 0.2651610921875 0.60806061875 0.2681990109375 0.6202122953125 0.34549717812499997 0.6691565500000001 0.39579161875 0.626288134375 0.3927537 0.60434760625 0.3542733890625 0.6323639734375 0.2979031109375 0.6046851531249999 0.294865190625 0.5911832890625 0.2651610921875 0.60806061875
0 0.5591641640625 0.609073259375 0.5304727046875 0.5952338484374999 0.5277723328125 0.61919965625 0.5625396296875 0.633714159375 0.6135091640625 0.5753186 0.6145218031249999 0.56485465625 0.60068239375 0.5618167374999999 0.5591641640625 0.609073259375
0 0.5156206546875 0.4662910546875 0.5753664 0.4828308375 0.5959567421874999 0.4696665203125 0.59325636875 0.45751484375 0.5716533874999999 0.47270443906250004 0.5156206546875 0.4595401234375 0.5156206546875 0.4662910546875
0 0.597644475 0.48148065000000007 0.59325636875 0.48688139531249996 0.669541896875 0.50679664375 0.694857890625 0.4774300921875 0.6928326109375 0.47101670625000003 0.665828884375 0.4993706203125 0.597644475 0.48148065000000007
0 0.14668224218749998 0.5604665515625 0.2006896953125 0.5925334765625 0.2756250359375 0.54763978125 0.29081463125 0.5385260234375 0.2361320859375 0.5094970171875 0.144319415625 0.550340153125 0.14668224218749998 0.5604665515625
0 0.22735587499999999 0.5132100296875 0.22634323437499998 0.5040962718750001 0.1821246328125 0.482493290625 0.09199969531249999 0.514560215625 0.093012334375 0.5236739734375 0.136893390625 0.550340153125 0.22735587499999999 0.5132100296875
0 0.2037276140625 0.4740546265625 0.20575289375 0.4811431046875 0.24997149531249999 0.5020709921875001 0.316130625 0.4740546265625 0.31680571875 0.4656159609375 0.270899384375 0.449751271875 0.2037276140625 0.4740546265625
0 0.3228815578125 0.47101670625000003 0.2594228 0.49903307343750003 0.25908525312499997 0.5078092843750001 0.31309270625 0.5314375453125 0.37823919687499996 0.497345340625 0.3789142890625 0.4902568625 0.3228815578125 0.47101670625000003
0 0.51123255 0.45683975 0.51123255 0.4264605578125 0.48760428906250003 0.420722265625 0.44979907187499996 0.44029996718750003 0.44844888593750004 0.4470509 0.5048191640625 0.4625780421875 0.51123255 0.45683975
0 0.47579015937499997 0.42713565156250005 0.4778154375 0.41970962656250005 0.4308964640625 0.40823304218749995 0.3907284203125 0.424435278125 0.39174105937500003 0.431186209375 0.43730984843750004 0.446038259375 0.47579015937499997 0.42713565156250005