0 0.5558940421874999 0.537254890625 0.5305291203125 0.5430372515624999 0.5047219015625 0.4999493234375 0.4916754140625 0.505516665625 0.49139381249999997 0.5129148921875 0.5243964937500001 0.5681994109375 0.5579378687500001 0.5602206328125 0.5558940421874999 0.537254890625
0 0.6765275453124999 0.624279715625 0.5922778265625 0.645055059375 0.5575896828125 0.5873355234375001 0.558174390625 0.5737709109375 0.535640765625 0.5770394125 0.5366555109375 0.58811166875 0.5850352 0.6772191671875001 0.7097637390625 0.6458795125 0.711162509375 0.6318899515624999 0.6810248828125001 0.5995568390625 0.6765275453124999 0.624279715625
0 0.5388119359375 0.6410594359374999 0.53908429375 0.6566627859375 0.4413703046875 0.682602025 0.4234334234375 0.5962490625 0.3886530375 0.6038387296875001 0.40914470156249994 0.71889886875 0.55635669375 0.6814164093749999 0.5545063828125001 0.6695372578125001 0.5388119359375 0.6410594359374999
0 0.42128717812499994 0.5909469109375001 0.418746728125 0.5630609625 0.3978698953125 0.567122025 0.38640551562500003 0.52214078125 0.372898240625 0.524840990625 0.38397859843750004 0.5948840515625 0.42128717812499994 0.5909469109375001
0 0.48329526562499997 0.44898087656249996 0.46447150625000005 0.453006103125 0.46583236093749997 0.4603756609375 0.4882901546875 0.49982540000000003 0.507113915625 0.49580017343750005 0.5064309453125 0.480203990625 0.4982329890625 0.481168565625 0.48329526562499997 0.44898087656249996
0 0.728314209375 0.55560374375 0.8133840125 0.6288734500000001 0.9154290140624999 0.6016263937499999 0.9172670671875001 0.5892721234375 0.8181691859375 0.5265157671875 0.7310021609375 0.5448775968749999 0.728314209375 0.55560374375
0 1 0.5483205250000001 0.9203647015625 0.507891615625 0.8396886671875 0.5216220078125 0.8386718421875001 0.5339619453125 0.939612265625 0.5987398359375 1 0.5828604671875001 1 0.5483205250000001
0 0.7100034843749999 0.5419582140625 0.7971633406249999 0.52318576875 0.7961916 0.5145772 0.7325648453125 0.4696849765625 0.6539347171875 0.48296891718749996 0.65492079375 0.492398715625 0.7100034843749999 0.5419582140625
0 0.8127093546875 0.519628496875 0.889250571875 0.5043273187499999 0.8911029609375 0.49279427499999995 0.8160793453125 0.45385133906249997 0.7476930765625001 0.46572425468749995 0.7470366953124999 0.4751827234375 0.8127093546875 0.519628496875
0 0.732046721875 0.463532925 0.7971839109375 0.45377042031250003 0.797833125 0.4439013390625 0.7468401671875 0.41686113125 0.6841666656250001 0.42658063281249997 0.6834457781250001 0.4323435703125 0.732046721875 0.463532925
0 0.6407448828125 0.48032396874999994 0.7161044296875 0.46791859531249996 0.7159395828124999 0.4584744609375 0.6697951578125 0.42683148906249996 0.6038439078125 0.4370189421875 0.6027697437499999 0.44607396406250005 0.6407448828125 0.48032396874999994
0 0.5856639671874999 0.397786284375 0.6401062859375 0.39138057656249997 0.640718309375 0.3856772890625 0.612190653125 0.36838585 0.5622329125000001 0.37352731875 0.562835459375 0.38086975 0.5856639671874999 0.397786284375
0 0.5563463125 0.37600198906250004 0.6046276609375 0.3699410140625 0.60357156875 0.36379245781249997 0.58271038125 0.350873846875 0.5363177109375 0.3564274703125 0.536421184375 0.36235546093750004 0.5563463125 0.37600198906250004
0 0.5311134953125001 0.3572298859375 0.577743284375 0.3516721234375 0.5767244453125 0.3476576453125 0.5594655796875 0.337285265625 0.517782190625 0.3408591546875 0.51620099375 0.34539339999999996 0.5311134953125001 0.3572298859375
0 0.5037719765625 0.3807147453125 0.5044904125 0.394696528125 0.51298826875 0.40593340624999996 0.5721605640625 0.3987335625 0.57276845 0.3927931546875 0.5511296796875 0.3760930453125 0.5037719765625 0.3807147453125
0 0.432265321875 0.387892696875 0.4270652453125 0.38893223125 0.42789249375000005 0.39555916406249997 0.439164225 0.41623530156250005 0.50187261875 0.4077877734375 0.5010908984375 0.40376915625 0.44282155312500004 0.40834413124999996 0.432265321875 0.387892696875