0 0.365349296875 0.5025359296875 0.391489096875 0.5329310453125 0.4188447015625 0.5280678265625001 0.41702099375 0.513478171875 0.3999997296875 0.5165176828125 0.37993895312500003 0.48976998125 0.36899671093749997 0.49037788281249994 0.365349296875 0.5025359296875
0 0.398783925 0.5505602125 0.43951337968750004 0.6040556171875 0.48936137031250004 0.5876422546875 0.49179297968749996 0.5596787484375 0.4480240125 0.5718367953125 0.42127631093750006 0.5311073390625001 0.40060763125000004 0.5359705578125 0.398783925 0.5505602125
0 0.45531884062500005 0.6174294687499999 0.5161090734375 0.6946330640625 0.62613939375 0.6484324875 0.6267472953125 0.63688234375 0.6109418359375 0.6222926875 0.6054707140625 0.63384283125 0.533738240625 0.6593747296875 0.48753766406250004 0.5931133765625 0.45531884062500005 0.605271421875 0.45531884062500005 0.6174294687499999
0 0.617020859375 0.613174153125 0.6492396828125 0.6393139531250001 0.7386013234375 0.6040556171875 0.7361697140625 0.59128966875 0.7106378171875 0.57487630625 0.7057745984375 0.5900738640625 0.6510633890624999 0.6174294687499999 0.61641295625 0.5852106453125 0.617020859375 0.613174153125
0 0.6200603703125 0.4849067625 0.6796347984375 0.472748715625 0.67537948125 0.46180647343750003 0.6273551984375 0.4387061859375 0.5787230125 0.4526879390625 0.5787230125 0.46363018125 0.6200603703125 0.4849067625
0 0.697263965625 0.5274599249999999 0.7574462953125 0.5092228546875 0.7562304906249999 0.49828061406249996 0.69483235625 0.4684934 0.6376895375 0.4836909578125 0.6389053421875001 0.49949641875 0.697263965625 0.5274599249999999
0 0.7179326453125 0.5377942640625 0.803646871875 0.579131621875 0.8656529093750001 0.557855040625 0.8668687140625 0.5438732875000001 0.7817623890625 0.5019280265625 0.7203642546875 0.5213809015625 0.7179326453125 0.5377942640625
0 0.8784188578125001 0.5493444078125 0.9325221656249999 0.526852021875 0.9313063609375 0.51590978125 0.8480237421875 0.4849067625 0.801823165625 0.49828061406249996 0.79635204375 0.5153018781250001 0.8784188578125001 0.5493444078125
0 0.76352531875 0.503751734375 0.81884443125 0.48733837187500006 0.818236528125 0.47761193437499994 0.7556225890625 0.449648428125 0.708814109375 0.46180647343750003 0.7063824999999999 0.47335661875 0.76352531875 0.503751734375
0 0.6869296265625 0.467885496875 0.7325223000000001 0.4575511578125 0.7349539093749999 0.44843262343749996 0.6820664078124999 0.4271560421875 0.6437685609375 0.4356666734375 0.64072905 0.4478247203125 0.6869296265625 0.467885496875
0 0.3334960234375 0.457852390625 0.3962796875 0.4457007125 0.3972923265625 0.4409750609375 0.33383356875 0.449413725 0.319319065625 0.4294984765625 0.3186439734375 0.43996242187499995 0.3334960234375 0.457852390625
0 0.41281946875 0.4457007125 0.4702023875 0.4332114890625 0.4702023875 0.42679810468749996 0.4145072015625 0.43624940937499995 0.3939168609375 0.41802189375000004 0.395942140625 0.42916093125000004 0.41281946875 0.4457007125
0 0.47897860000000003 0.4332114890625 0.5306232265624999 0.42342263906250005 0.5302856796875 0.41532152031249997 0.503281953125 0.40249474999999996 0.4702023875 0.40654530937500005 0.47087748124999995 0.42544791875000004 0.47897860000000003 0.4332114890625
0 0.539061890625 0.42105981249999996 0.586655959375 0.41363378749999996 0.585305771875 0.40823304218749995 0.5552641265625 0.3947311796875 0.515096084375 0.4021572046875 0.5137458968749999 0.4112709625 0.539061890625 0.42105981249999996
0 0.50429459375 0.4038449375 0.545812821875 0.3987817375 0.5478381015625 0.3937185390625 0.5211719218749999 0.38190440937500003 0.4833667046875 0.38966798125 0.481678971875 0.3940560859375 0.50429459375 0.4038449375
0 0.4722276671875 0.40620776249999996 0.49484328906249997 0.4051951234375 0.49855630156249997 0.39945683125000003 0.47121502812499994 0.388655340625 0.4722276671875 0.40620776249999996
0 0.47526558750000003 0.3900055265625 0.5154336296875 0.38359214218750004 0.515096084375 0.37819139687500003 0.496193475 0.370090278125 0.4587258046875 0.375153478125 0.47526558750000003 0.3900055265625