0 0.2755294453125 0.46851607812499996 0.344847265625 0.4554902 0.3433382296875 0.44640139375 0.27911818125 0.46136387812499996 0.25687466406250004 0.44419704531250004 0.2562998203125 0.44994624375000003 0.2755294453125 0.46851607812499996
0 0.357740425 0.45239985000000005 0.416037178125 0.439377340625 0.4150218671875 0.43279235 0.3602888390625 0.44365178906249997 0.3402091625 0.428095740625 0.341029184375 0.440686609375 0.357740425 0.45239985000000005
0 0.399724790625 0.381738259375 0.41421535781249996 0.3865874234375 0.41552022656250004 0.392567115625 0.4209522234375 0.394273040625 0.4589253578125 0.38610713125 0.4588520390625 0.38190668437499997 0.43711357343749996 0.374482921875 0.399724790625 0.381738259375
0 0.4163753875 0.4243652671875 0.41770120625 0.4315450875 0.4253015109375 0.4371147671875 0.47610793749999997 0.4248232484375 0.4759717734375 0.4170224171875 0.44728543906249996 0.40701882031250003 0.41677644375 0.41295357812500005 0.4163753875 0.4243652671875
0 0.438526903125 0.40387034374999997 0.4152201953125 0.392572353125 0.41708694843750005 0.41354840625 0.4395160296875 0.408955178125 0.438526903125 0.40387034374999997
0 0.45117537968750004 0.406350675 0.49275413593749995 0.39842195468749997 0.49387570781249995 0.393900525 0.4654946390625 0.384191725 0.4257579734375 0.3944892796875 0.4264156453125 0.39777915468749997 0.45117537968750004 0.406350675
0 0.48779347343749996 0.4237189078125 0.531467215625 0.41545349375 0.5300995015625001 0.40587341875 0.49898672499999996 0.394411559375 0.46106072343750004 0.40527775625 0.46118641406250005 0.4124785234375 0.48779347343749996 0.4237189078125
0 0.56889705625 0.47932668281249996 0.6223514015625 0.4639877125 0.6213518 0.458302815625 0.5753593953125 0.43689648437499995 0.523052809375 0.4492141875 0.5229256 0.45912048125 0.56889705625 0.47932668281249996
0 0.630052728125 0.45815094062500006 0.674553246875 0.44566936874999996 0.6750380953125 0.43905819062500007 0.6264082484375 0.42129937812499996 0.584313221875 0.43403908593749996 0.58535995625 0.44242426874999996 0.630052728125 0.45815094062500006
0 0.6463389312500001 0.5142898609375 0.69971471875 0.494450409375 0.7016525921875 0.4851127578125 0.6382059625000001 0.46100985781250003 0.5868832640625 0.4781123625 0.5858821453124999 0.4895345265625 0.6463389312500001 0.5142898609375
0 0.705621090625 0.48894509218750004 0.75418589375 0.46858937031250003 0.7519914015625 0.463225453125 0.6898025062500001 0.44240195781249997 0.6471126546875 0.4554521703125 0.6472750046875 0.4647531625 0.705621090625 0.48894509218750004
0 0.8143500828124999 0.528164125 0.855956540625 0.504628503125 0.8569628968749999 0.49350637343750003 0.7748880984375 0.4682280109375 0.7317029234375 0.48728933906250005 0.729491203125 0.4981323875 0.8143500828124999 0.528164125
0 0.747745184375 0.5638409078125 0.8012481796875001 0.5340951640625 0.8013387281250001 0.5220886484375 0.71947493125 0.49170450624999995 0.6640931875 0.51698119375 0.66276585 0.526908434375 0.747745184375 0.5638409078125
0 0.31420504843749997 0.502980246875 0.3143307375 0.5101810140625 0.3440361046875 0.54417669375 0.3676443625 0.538362390625 0.3678987796875 0.5185498046875 0.351848928125 0.5275335343750001 0.3273383734375 0.4988494 0.31420504843749997 0.502980246875
0 0.3689701796875 0.545542209375 0.34894659375 0.5503935734375001 0.352072603125 0.5575419703125 0.3982991578125 0.6095568 0.448037903125 0.5876799687500001 0.44400284062499995 0.562840159375 0.4007757703125 0.5795012296875 0.36906444843749997 0.5509427859375 0.3689701796875 0.545542209375
0 0.4472829265625 0.6132036359375 0.4497213609375 0.598154903125 0.41068426249999995 0.614142590625 0.41175718281250007 0.624027934375 0.4796892625 0.69877339375 0.58583181875 0.6413978421875 0.5829115734375 0.6288436328125 0.5677057296875 0.6174042390625 0.5657521437499999 0.62584179375 0.49998973125 0.6582025125000001 0.4472829265625 0.6132036359375
0 0.5688879453125 0.5819690421875 0.5695650484375 0.603566109375 0.6063664390625 0.631435459375 0.6851103000000001 0.586242965625 0.6831320484375001 0.5760733 0.6597939171875 0.5629751171875 0.6597452640625 0.5773818890625 0.6053264609375 0.6062432484375 0.5688879453125 0.5819690421875