0 0.7158661078125 0.399730615625 0.7146997109375001 0.3937300265625 0.6967062281249999 0.4217705515625 0.6169642453125 0.418588878125 0.6176892171875 0.42797208593749997 0.702657228125 0.4297716078125 0.7158661078125 0.399730615625
0 0.6166311046875 0.41499050625 0.61381803125 0.4005184953125 0.5996882625 0.4182838609375 0.5312117546875 0.41840709218749994 0.53286835 0.42504502187500004 0.6057078734375 0.426637896875 0.6166311046875 0.41499050625
0 0.525211734375 0.3942399359375 0.4951720625 0.39392285312499997 0.461047428125 0.41527736875 0.46182058125000003 0.42476288125000006 0.5216993921874999 0.42436538281249997 0.5285417109375 0.416879165625 0.525211734375 0.3942399359375
0 0.5213528328125 0.37418476875 0.5021990375 0.3897051125 0.5034998625 0.39535086875 0.52570696875 0.3944920515625 0.5213528328125 0.37418476875
0 0.53764335 0.352305375 0.5022774953125 0.35348459062500004 0.477995240625 0.36878140312499996 0.4807497328125 0.3735343953125 0.5209663499999999 0.373242890625 0.521206403125 0.3650602125 0.53764335 0.352305375
0 0.493046946875 0.3949419046875 0.517890103125 0.3772986578125 0.51643138125 0.3718869953125 0.47465231250000006 0.37146520625 0.4442070046875 0.3895871984375 0.4460141125 0.3957447453125 0.493046946875 0.3949419046875
0 0.48208729687499996 0.401343653125 0.4801278 0.3944021265625 0.4323545875 0.3945352796875 0.39829416093750003 0.414987184375 0.3982937078125 0.42230968593749996 0.4495402109375 0.42434899843749996 0.48208729687499996 0.401343653125
0 0.35410300625 0.519758425 0.3997544109375 0.48598704687499994 0.407307440625 0.48036927812499997 0.4076320578125 0.46958635937500004 0.3464890515625 0.46279812343750004 0.2881662796875 0.50076156875 0.289109734375 0.5109521984375001 0.35410300625 0.519758425
0 0.33564995625 0.47285844375 0.334428696875 0.4647966171875 0.28346695624999996 0.458795746875 0.22876345625 0.492251871875 0.22858710468750001 0.500239565625 0.2750782046875 0.5081468421875 0.33564995625 0.47285844375
0 0.2771937984375 0.572400328125 0.3342484984375 0.535029171875 0.3305558609375 0.528485134375 0.26984828437499997 0.515042046875 0.1876818375 0.5673226515625001 0.1903654796875 0.5757918203125 0.2514429484375 0.5946958171875 0.2771937984375 0.572400328125
0 0.22671981875 0.6116045296875 0.2261743421875 0.601682340625 0.163032840625 0.58283375 0.0472761140625 0.6544382671875 0.05087589375 0.6658415625 0.1133408421875 0.6989994875 0.22671981875 0.6116045296875
0 0.2604902984375 0.5220480640625 0.257612346875 0.5125792625 0.20732639062499997 0.5047180296875 0.1267339078125 0.5490850734375 0.12946359375 0.5613490999999999 0.1798603640625 0.5733383984375 0.2604902984375 0.5220480640625
0 0.1479548640625 0.5888768171875001 0.1485939671875 0.581490775 0.0983548234375 0.5649754265625 0.0121092703125 0.6104413171874999 0.020203321875 0.6503640671875 0.038862353125 0.659185940625 0.1479548640625 0.5888768171875001
0 0.6682904453125 0.4972878875 0.6668210765625 0.48459101093749996 0.6489386296874999 0.4850710484375 0.6286741546875 0.5349481078125 0.599498825 0.526138746875 0.6027181406250001 0.5529759359375 0.638068375 0.5575890578125 0.6682904453125 0.4972878875
0 0.49475081875000004 0.6268912734375001 0.49972118906249996 0.6498928078125 0.5821551265625 0.6758127046875 0.6306494859375 0.5785048796875001 0.6293806875 0.5642710390625 0.6028646328125 0.5614360125 0.571653228125 0.6269227578125001 0.48351201406250005 0.6076048328125 0.480158615625 0.5877842796875 0.4535468140625 0.62042005 0.49475081875000004 0.6268912734375001
0 0.315997428125 0.7810484343749999 0.5493537875000001 0.7331199484375001 0.5657679765625 0.7019670671875 0.5610646625 0.6829082359374999 0.499626553125 0.6673876328125 0.5130029234375 0.700239715625 0.48276844218750004 0.745064175 0.3435434140625 0.76863149375 0.336794946875 0.754464140625 0.315997428125 0.7810484343749999