0 0.50094613125 0.5001942328125 0.46127765624999995 0.4587705171875 0.43354482968749997 0.46684463125000003 0.43354482968749997 0.47526979375 0.48725524218749994 0.5275760125 0.5729110625 0.49527955468749996 0.5739642078125 0.4826418109375 0.5627306578125 0.475971890625 0.50094613125 0.5001942328125
0 0.66453470625 0.460525759375 0.6659389 0.4524516453125 0.6452270421875 0.4398139 0.64487599375 0.44859011249999997 0.5929208234375001 0.46649358281250003 0.5648369484375 0.44859011249999997 0.560975415625 0.46614253437500003 0.5908145328125001 0.48755648906250004 0.66453470625 0.460525759375
0 0.42398033437500005 0.4430084515625 0.3974156796875 0.4177087796875 0.3860308265625 0.42150373124999996 0.38624165781249997 0.42825030937499997 0.42313701249999996 0.466621478125 0.46513918906249996 0.453504790625 0.46338394687499995 0.4352502703125 0.42398033437500005 0.4430084515625
0 0.383500859375 0.404215621875 0.35967700156250004 0.3814459171875 0.3497679640625 0.3841867140625 0.3508221171875 0.3924091078125 0.3782300953125 0.42023874687499996 0.397837340625 0.4147571515625 0.39678318749999997 0.400209840625 0.383500859375 0.404215621875
0 0.72462476875 0.444484265625 0.778175740625 0.42361203593749996 0.77922989375 0.41538964375000004 0.7121857640625 0.3865058515625 0.6588456218750001 0.402107315625 0.6580022999999999 0.4105405390625 0.72462476875 0.444484265625
0 0.7889281015625 0.4198170859375 0.8363649859375 0.4016856546875 0.8403707671875 0.391987446875 0.7695316859375 0.36879608125 0.7248356 0.3827109 0.7250464296875 0.3924091078125 0.7889281015625 0.4198170859375
0 0.69637346875 0.3439180703125 0.6531531953124999 0.357622059375 0.6533640265625 0.3624711625 0.7045958625 0.38439754531250003 0.7495027796875 0.371747709375 0.751189425 0.363736146875 0.69637346875 0.3439180703125
0 0.5924339828125 0.37280186249999997 0.5926448140625 0.379970103125 0.64788243125 0.40295063750000004 0.6946868234375 0.3888249875 0.695319315625 0.38102425625 0.64366581875 0.359519534375 0.5924339828125 0.37280186249999997
0 0.5894823546875 0.33464152343750003 0.5409913171875 0.345393884375 0.541412978125 0.3519296328125 0.57872999375 0.3721693703125 0.628486015625 0.36057368749999996 0.628486015625 0.3529837859375 0.5894823546875 0.33464152343750003
0 0.6396600375 0.357622059375 0.6826694796874999 0.34686969843750004 0.6845669546875001 0.33949062812499997 0.6402925296875 0.32325667187499996 0.5987589015625 0.333376540625 0.5979155781250001 0.3418097640625 0.6396600375 0.357622059375
0 0.521173240625 0.294583709375 0.48195875 0.30386025625 0.48216957968749996 0.30913102187499997 0.5095775578125 0.320937534375 0.5502678640625 0.31313680312500003 0.5509003546875 0.307022715625 0.521173240625 0.294583709375
0 0.47183888124999995 0.3036494265625 0.442111765625 0.3082876984375 0.442322596875 0.3236783328125 0.4488583453125 0.3306357421875 0.496716890625 0.3215700265625 0.49798187499999996 0.315245109375 0.47183888124999995 0.3036494265625