0 0.6573162703125 0.51894023125 0.6575830375 0.5120042640625 0.6090312671875 0.49119636250000004 0.558612121875 0.5024006171875001 0.5580785859375 0.510670425 0.603162371875 0.532812165625 0.6573162703125 0.51894023125
0 0.6687872921875 0.5154722484375001 0.7138710781250001 0.5024006171875001 0.7138710781250001 0.49439757812499996 0.6642522375000001 0.47732442812500003 0.620235521875 0.48879545156250004 0.61943521875 0.4949311140625 0.6687872921875 0.5154722484375001
0 0.6837262984375 0.575495040625 0.737346659375 0.5533532984375 0.737613428125 0.5440164203125 0.675723259375 0.518139928125 0.6189016828125 0.5338792375 0.61916845 0.5408152046875 0.6837262984375 0.575495040625
0 0.790700253125 0.6280483296875 0.8480553656250001 0.5995041578125 0.8480553656250001 0.5888334390625001 0.7613557765625 0.5504188515624999 0.7018665203125 0.5738944328125 0.70240005625 0.58296454375 0.790700253125 0.6280483296875
0 0.7464167703125 0.5472176359375001 0.7963023796875001 0.5320118625 0.7960356125 0.5240088234375 0.7304106921875 0.5005332421875 0.683993065625 0.5144051765625 0.6847933703125 0.5237420546875 0.7464167703125 0.5472176359375001
0 0.8603266921875001 0.5941687984375 0.9070110859374999 0.5720270562499999 0.9075446218750001 0.562690178125 0.8211118015625001 0.5301444859375 0.77442740625 0.5490850125 0.773627103125 0.5565545140625 0.8603266921875001 0.5941687984375
0 0.5120293765625 0.473977365625 0.51054595 0.467054709375 0.4843387484375 0.455434534375 0.45392850625000003 0.4593903390625 0.45368126875000003 0.4786748828125 0.460603925 0.48312516250000004 0.5120293765625 0.473977365625
0 0.5211771734374999 0.4717522265625 0.56691615625 0.46482956875000003 0.5671633953125 0.45741243593750003 0.5355169625 0.44628673750000003 0.4962061609375 0.454692821875 0.4957116859375 0.4598848140625 0.5211771734374999 0.4717522265625
0 0.485822175 0.455681771875 0.5268636421874999 0.449253590625 0.5266164046874999 0.44455607343750003 0.5031288171875 0.4341720875 0.4657959171875 0.4408475078125 0.463076303125 0.44628673750000003 0.485822175 0.455681771875
0 0.43934147812499996 0.4287328578125 0.45392850625000003 0.436397228125 0.45293955468749997 0.4406002703125 0.4586260234375 0.442825409375 0.49645339843749997 0.4349138015625 0.4969478734375 0.43194694843750003 0.47370752656250004 0.423788103125 0.43934147812499996 0.4287328578125
0 0.6388182375 0.6941961625 0.722652653125 0.6506022671875 0.7195787234375 0.6399832421875 0.6958256406250001 0.6237752546875 0.6947078484375 0.6388654500000001 0.6390976859374999 0.6668102546875 0.6013721999999999 0.6385860015625 0.59857771875 0.6609418453125 0.6388182375 0.6941961625
0 0.435380059375 0.6601035015625001 0.436218403125 0.671001975 0.4887546359375 0.73890785 0.5396141812499999 0.7383489546875001 0.6136679140625 0.7020207078125 0.6145062578125 0.6877688578125001 0.59690103125 0.674075903125 0.5971804796875 0.685253825 0.5220089546875 0.7157136625 0.4739438890625 0.6606623968750001 0.4753411296875 0.6452927546875 0.435380059375 0.6601035015625001
0 0.3829283296875 0.606211234375 0.4237153328125 0.6578552078125 0.47418557968749997 0.6405427390625 0.47418557968749997 0.615307615625 0.42870367031249995 0.6264580203125 0.398773640625 0.5897790609375 0.3826348984375 0.592713378125 0.3829283296875 0.606211234375
0 0.3464750875 0.5542174 0.3749718171875 0.5908963578125 0.3969791921875 0.5841248578125 0.3969791921875 0.569453275 0.3820254625 0.5719925875 0.3617109625 0.542085128125 0.34675723281250004 0.5477280453125 0.3464750875 0.5542174
0 0.38218405624999996 0.488143678125 0.39277291875000003 0.4960237625 0.4521197984375 0.4856811515625 0.4508885359375 0.480509846875 0.3984367296875 0.4886361828125 0.383907825 0.47730856250000003 0.3816915515625 0.48100235312499995 0.38218405624999996 0.488143678125
0 0.316434609375 0.5041500984375 0.3014132 0.4859274046875 0.30018193593750003 0.4918374671875 0.3156958515625 0.510552665625 0.37947527812500004 0.4992250453125 0.3799677828125 0.492576225 0.316434609375 0.5041500984375