0 0.475492728125 0.41004355 0.5123311078125 0.36171094375 0.5777893765625 0.383239065625 0.5896734125 0.375234115625 0.589012003125 0.3626136921875 0.49434790156249997 0.33382792656250004 0.44394614062500004 0.3916596140625 0.4451800765625 0.40178932187500005 0.475492728125 0.41004355
0 0.68823348125 0.3911606140625 0.611022765625 0.36673310937500003 0.578156825 0.39025041250000003 0.580384365625 0.41263160625 0.6111101546875 0.3885234015625 0.6651298 0.4064326359375 0.664241959375 0.4163220109375 0.6862939375 0.4011051078125 0.68823348125 0.3911606140625
0 0.43984211406249996 0.42737924843749997 0.47855001093749994 0.43484196875 0.478886678125 0.4144355734375 0.43433086093749995 0.402709434375 0.40199623124999995 0.44307234375000004 0.40350724375 0.4517814109375 0.4131746609375 0.4551415953125 0.43984211406249996 0.42737924843749997
0 0.40027417656250003 0.47058194843749995 0.41510824062499996 0.471913709375 0.41684568593750004 0.45811297656249994 0.395904996875 0.4542890078125 0.371783378125 0.48367558437499997 0.37244627656249996 0.4896168578125 0.382427515625 0.4922575359375 0.40027417656250003 0.47058194843749995
0 0.5727557796875 0.541841396875 0.531212146875 0.5387433734375 0.507028434375 0.5514990734375 0.5076303531249999 0.5562738515625 0.546737334375 0.5598512578125 0.5724775890625 0.5477173468750001 0.5727557796875 0.541841396875
0 0.5211832078125 0.5375105578125 0.47168994375000006 0.5348291546875 0.46836307968749996 0.5541115765625 0.4968320828125 0.5560191734375 0.520012653125 0.544253865625 0.5211832078125 0.5375105578125
0 0.5374527203125 0.5594000234375 0.498308978125 0.5551211796875 0.4782236109375 0.565552003125 0.4783456515625 0.5701174765625 0.5153855765625 0.5722792546875 0.537372078125 0.5623349359375001 0.5374527203125 0.5594000234375
0 0.61134265625 0.47733693906249997 0.6130452484375 0.48521917343750004 0.6627953390625 0.49503798593750004 0.716004934375 0.4702106375 0.71515745 0.462986953125 0.66438633125 0.45158046562500004 0.61134265625 0.47733693906249997
0 0.6726353406250001 0.4881920125 0.6723872875 0.496879840625 0.7171476640625001 0.5054361968750001 0.7708366421874999 0.4830455015625 0.76956441875 0.47666466874999996 0.7241214796875 0.46626844375000004 0.6726353406250001 0.4881920125
0 0.7454060453125 0.4585882328125 0.7445862109375 0.4653131609375 0.7918478875 0.47596575156250004 0.86456245625 0.4497645078125 0.8629155031250001 0.4407070828125 0.8171634765625001 0.425755190625 0.7454060453125 0.4585882328125
0 0.6788086953125 0.45164521406249997 0.731007196875 0.4634458046875 0.80362473125 0.43091936718749996 0.802814503125 0.42216977343749995 0.74696839375 0.4056367953125 0.6779060671875 0.4433693734375 0.6788086953125 0.45164521406249997
0 0.7017532890625 0.5047190265625 0.6586045953124999 0.4978366171875 0.617616015625 0.5165138 0.6173562031250001 0.52274046875 0.659496125 0.52826901875 0.7025517625 0.5110074609375 0.7017532890625 0.5047190265625
0 0.648149925 0.50190134375 0.6478502078124999 0.4939455875 0.5971893749999999 0.484643415625 0.56041130625 0.5111886265625001 0.561025975 0.5139698703125 0.6074603 0.52091454375 0.648149925 0.50190134375