0 0.58825278125 0.42816889375 0.588317903125 0.4223769671875 0.5534614375 0.41888577343750005 0.523369853125 0.41446338281250006 0.522229340625 0.42014227968749995 0.546635690625 0.42310049375 0.58825278125 0.42816889375
0 0.446166253125 0.40522600625000005 0.4465161078125 0.41051791406250004 0.50900228125 0.4194412265625 0.509614246875 0.41189465937499997 0.446166253125 0.40522600625000005
0 0.45707005624999997 0.34700694374999996 0.4256571578125 0.3424368328125 0.41532040312499996 0.354578840625 0.4145098265625 0.3588427234375 0.447526121875 0.361950453125 0.447751634375 0.3563565984375 0.45707005624999997 0.34700694374999996
0 0.44880865312499996 0.36146838593749997 0.4117265453125 0.3573896875 0.39668294375 0.371211525 0.39689124374999996 0.37612613125 0.44669879687499997 0.3815423265625 0.44880865312499996 0.36146838593749997
0 0.44589329375000003 0.3918577109375 0.44735405000000006 0.3831318765625 0.39088639999999997 0.37556598281250003 0.372485303125 0.393746434375 0.3724298734375 0.4011702828125 0.43490635624999996 0.40846167187500004 0.44589329375000003 0.3918577109375
0 0.4155074890625 0.3479659734375 0.415534934375 0.3425325125 0.3707550140625 0.335832625 0.35544659843750004 0.3452775515625 0.3548340921875 0.3493810421875 0.4017082765625 0.356844678125 0.4155074890625 0.3479659734375
0 0.3984994703125 0.364952065625 0.3977152578125 0.3568963328125 0.349407221875 0.349281990625 0.330731621875 0.3614536109375 0.3299118984375 0.3675286453125 0.3847853015625 0.374745765625 0.3984994703125 0.364952065625
0 0.3780377734375 0.3823334421875 0.3763950796875 0.37382505625 0.3211255359375 0.36692872187500003 0.29678126875 0.3830348296875 0.296612809375 0.39153406875 0.358297015625 0.39946703125 0.3780377734375 0.3823334421875
0 0.35382274687500004 0.44889646406250006 0.353913909375 0.439564084375 0.276937284375 0.4270249609375 0.2343331390625 0.45991493281249995 0.23317700624999999 0.4709148015625 0.3230059703125 0.4839150484375 0.35382274687500004 0.44889646406250006
0 0.26177970781250004 0.4400316703125 0.259670896875 0.43046806406250004 0.187047975 0.41883138906250006 0.131822715625 0.44906026250000003 0.133746546875 0.4603838484375 0.21637307187500002 0.46995795625000003 0.26177970781250004 0.4400316703125
0 0.31089055 0.49760519375 0.310842975 0.4895927984375 0.2194390140625 0.47464759062499995 0.15219781875 0.52185260625 0.1609303390625 0.5361160921875 0.2639591453125 0.5505036984375 0.31089055 0.49760519375
0 0.19459427812500002 0.484775553125 0.197950384375 0.47400691093749997 0.10342021562499999 0.45917798125 0.028699107812500003 0.5055968281250001 0.028816715625 0.5171754265625 0.1296455484375 0.531331809375 0.19459427812500002 0.484775553125
0 0.23921936093750001 0.5723306796875 0.2359293 0.56130835 0.1237993390625 0.544629609375 0.0212713875 0.6228245546875 0.0231952171875 0.634148140625 0.160173653125 0.6556628390625 0.23921936093750001 0.5723306796875
0 0 0.6279274328125 0.10531271874999999 0.5472893796875 0.099441309375 0.53773380625 0.01398583125 0.5197818921875 0 0.5218562625 0 0.6279274328125
0 0.4887111796875 0.584008521875 0.4649087234375 0.686091553125 0.6127703578125 0.70967741875 0.6177943015625 0.7001492296875 0.6098998578125 0.5982544 0.5927565953125 0.6034919296875 0.595402996875 0.6213684765624999 0.578294128125 0.6789020078125 0.4830958890625 0.661354096875 0.4887111796875 0.584008521875
0 0.3216747125 0.5970934453125001 0.288417215625 0.65996904375 0.43271997031250004 0.6887117828125 0.46133879218749996 0.58864340625 0.43971816874999997 0.5838569296875 0.44262441875 0.589693315625 0.42174759375 0.6543729875000001 0.327727684375 0.6399657953125 0.3216747125 0.5970934453125001