0 0.259389103125 0.5533736953124999 0.2607046859375 0.5612671921875 0.27868431875 0.5419719765625 0.34358641093750003 0.552715903125 0.3446827296875 0.5478921 0.27649168125 0.5347362703125 0.259389103125 0.5533736953124999
0 0.3411745078125 0.563898359375 0.34205156406250004 0.575519340625 0.35937340624999997 0.5579782359375 0.41703979062499996 0.5685028984375 0.41747831875 0.5617057203125 0.35937340624999997 0.5476728359374999 0.3411745078125 0.563898359375
0 0.42800298281250004 0.5647754140625 0.419013165625 0.56981848125 0.4192324296875 0.5781505078125 0.41835537343749996 0.588894434375 0.44861378125 0.5954723484375 0.478652925 0.5814394640625 0.4784336609375 0.575300078125 0.42800298281250004 0.5647754140625
0 0.441378075 0.5917448640625 0.4185746375 0.58823664375 0.416820528125 0.6099437609375 0.44093954843749994 0.5972264593750001 0.441378075 0.5917448640625
0 0.41640958437500003 0.614125209375 0.40202673125 0.6214032796875 0.4410163921875 0.6266019015625 0.462504028125 0.61880396875 0.4616375921875 0.613951921875 0.42126163125 0.6071937140625 0.41710273437499995 0.609793025 0.41640958437500003 0.614125209375
0 0.4274999765625 0.6028615296875001 0.4280198390625 0.6084067265625 0.4685690875 0.6162046578125 0.49230945937500004 0.6075402890625 0.4940423328125 0.6028615296875001 0.4505471984375 0.5926375734375 0.4274999765625 0.6028615296875001
0 0.4611177296875 0.589864975 0.46059786718750007 0.5966231843750001 0.5025334140625 0.6051142656249999 0.53285870625 0.59159785 0.53424500625 0.586572515625 0.4890169984375 0.576695134375 0.4611177296875 0.589864975
0 0.523785090625 0.5412359671875 0.5240679125 0.548589321875 0.5763898562499999 0.561599103125 0.6222069109375 0.540670325 0.6205099828125 0.5333169703125 0.569884965625 0.5174789765625001 0.523785090625 0.5412359671875
0 0.5865714234375 0.556225496875 0.58798553125 0.5655586015625 0.628146159375 0.575457346875 0.677074246875 0.5584880671875 0.677074246875 0.551983178125 0.632388478125 0.537559290625 0.5865714234375 0.556225496875
0 0.58600578125 0.5106912640625 0.5862886031250001 0.517761796875 0.640590296875 0.5361451828125 0.6994171328125 0.50842869375 0.6991343109375 0.5024894453125001 0.6451154375 0.48212631093749997 0.58600578125 0.5106912640625
0 0.6476608296874999 0.5299231140625 0.65048904375 0.5398218609375001 0.6912153140624999 0.5542457484375001 0.7551329328125 0.5319028640625 0.751173434375 0.5253979734375 0.709315878125 0.506731765625 0.6476608296874999 0.5299231140625
0 0.663216003125 0.4753385984375 0.6637816453125 0.482974775 0.7183661609375 0.5061661234375 0.8034953796875 0.4710962796875 0.7998187015625 0.461763175 0.7452341859375 0.43404668593749995 0.663216003125 0.4753385984375
0 0.7310931203125001 0.49626737656250003 0.7310931203125001 0.5070145875 0.776910175 0.5262464375 0.856948609375 0.4993784109375 0.8561001453125 0.4917422359375 0.8116971968750001 0.466853959375 0.7310931203125001 0.49626737656250003
0 0.3436425359375 0.4542029421875 0.3123151234375 0.49288270624999997 0.3135937921875 0.5005547265625 0.32574115625 0.5066284078125001 0.32670015937499997 0.49927605625 0.350035884375 0.47466166093749995 0.3663389265625 0.48105501093749997 0.366019259375 0.46155529375000004 0.3436425359375 0.4542029421875
0 0.35163422187500004 0.44045724062499997 0.3506752203125 0.4510062671875 0.3679372640625 0.457719284375 0.40437935625000004 0.42191652812499997 0.44529679218749996 0.4308672171875 0.447534465625 0.4094494953125 0.3935106609375 0.3896301125 0.35163422187500004 0.44045724062499997
0 0.58115546875 0.369165 0.5801964671875 0.35669796875 0.47470619999999997 0.302674165625 0.4078956984375 0.377802415625 0.4094940359375 0.388990778125 0.4462557953125 0.40241681093750004 0.44529679218749996 0.3902630546875 0.49708292343749994 0.338796590625 0.5638934265625 0.37587801718749997 0.5654917625 0.38386970468750004 0.58115546875 0.369165
0 0.6821703921875 0.40912982812500004 0.603212525 0.3662943875 0.5674097687499999 0.39474479218749997 0.5686884375 0.417121515625 0.60001585 0.3941054578125 0.6578756640625001 0.4180805171875 0.6591543328125 0.43438355937499995 0.68472773125 0.4190395203125 0.6821703921875 0.40912982812500004