0 0.656108321875 0.635249646875 0.7410329109375 0.5979854859375 0.741691534375 0.5867006421875 0.71217013125 0.571997321875 0.7130861078125 0.583512153125 0.6535223984375 0.609759425 0.618508221875 0.5856561890624999 0.618109603125 0.6078652234375 0.656108321875 0.635249646875
0 0.6331263328125 0.6439543 0.6333263046875001 0.6298809109375 0.616860340625 0.6198060390625 0.6153007500000001 0.6258254453125 0.5427456109375 0.6546286265625 0.49046647343750005 0.5992417703124999 0.4617590734375 0.6119965890625 0.46321669062500004 0.6219204890625 0.5262037109375 0.690809075 0.6331263328125 0.6439543
0 0.49640094531249995 0.5675743203125 0.4514455375 0.5821104671875 0.422342359375 0.5521008328125 0.4100720875 0.5567483171875 0.4100612453125 0.56609255 0.4492411640625 0.6100901359375 0.4974634125 0.5942148234375 0.49640094531249995 0.5675743203125
0 0.42203997812500005 0.533596203125 0.405645440625 0.5359570640625 0.38610379687499996 0.5132883359375 0.372853309375 0.5151507234375 0.3753209375 0.5240313624999999 0.4026025 0.5543033140625 0.42419956406250003 0.5493338828125001 0.42203997812500005 0.533596203125
0 0.8088485875 0.575893603125 0.8673109125 0.5484694546875 0.8689246531249999 0.537873259375 0.7794647140625 0.5086908734375 0.7207502078125 0.5281193828124999 0.720248903125 0.5376561718749999 0.8088485875 0.575893603125
0 0.883469290625 0.544786159375 0.9312975203124999 0.520755790625 0.9327710296875 0.5106675 0.84162829375 0.48757994531250004 0.79243544375 0.5046740828125 0.7932304109375 0.51347553125 0.883469290625 0.544786159375
0 0.7500846078125 0.46384600000000004 0.7031237499999999 0.47832039687499994 0.704829878125 0.4854055828125 0.7691577046875 0.5062277203125001 0.8153832234375 0.4904570515625 0.81761823125 0.48216421406250004 0.7500846078125 0.46384600000000004
0 0.6934776968749999 0.480828140625 0.63914246875 0.4978580765625 0.63951744375 0.505013021875 0.709286453125 0.529053875 0.7565895265625 0.511558221875 0.756617809375 0.5025467781249999 0.6934776968749999 0.480828140625
0 0.7351803125 0.4596215671875 0.6840921296875 0.44628127500000003 0.6389099953125 0.456491175 0.6400646171875 0.46260415468750005 0.6891728031250001 0.4795520890625 0.733558559375 0.466881159375 0.7351803125 0.4596215671875
0 0.577507728125 0.47238981874999997 0.6242493921875 0.4983048859375 0.6753439421875 0.48311329843750006 0.6757834968750001 0.4755819609375 0.6274193703125001 0.46009669375 0.577507728125 0.47238981874999997
0 0.5861512734375001 0.433561065625 0.5559401328125 0.42379848437499995 0.51563645625 0.43158365156249995 0.5150573765625001 0.43645268281250005 0.5424921375 0.4473618734375 0.5857821875 0.439253346875 0.5861512734375001 0.433561065625