0 0.3444734140625 0.44654458906250005 0.346492290625 0.4563626875 0.35953906406249997 0.46290912500000003 0.3805601140625 0.4323663546875 0.39536785625 0.43395538437500003 0.39508845625 0.4179485890625 0.3746861703125 0.41337804218749996 0.3444734140625 0.44654458906250005
0 0.380530990625 0.395416846875 0.380756659375 0.4083454125 0.39682793437499997 0.41175988906249994 0.4257879046875 0.37738354375 0.47340757031249997 0.3888690125 0.473485909375 0.35807596406250003 0.41779836875000004 0.34303632031250003 0.380530990625 0.395416846875
0 0.6106168953125 0.31134231562500003 0.6078749125 0.29537850312499997 0.5296479984375 0.25917810937499997 0.48410093906249996 0.26058897187499996 0.43415215625 0.327355025 0.43621401875 0.33963570781249997 0.47093735625 0.3531937796875 0.4706794484375 0.3384182765625 0.5201952703125 0.2821289515625 0.593994453125 0.31163246093749997 0.5978710140625 0.3220339671875 0.6106168953125 0.31134231562500003
0 0.6338932359375 0.30416185625000003 0.598075190625 0.33373124062500004 0.5997148343750001 0.357104296875 0.6325621140625 0.333745103125 0.69208323125 0.35672366875 0.69360466875 0.37332461875 0.7204136937500001 0.356844990625 0.72145155625 0.345741871875 0.6338932359375 0.30416185625000003
0 0.560017040625 0.4967795828125 0.61333669375 0.5082154562500001 0.6562533890625 0.4872301375 0.6549725578125 0.47825862499999994 0.6035755734375 0.4642596671875 0.5593128671875001 0.48864118124999995 0.560017040625 0.4967795828125
0 0.62039534375 0.5100596562499999 0.66470425 0.5205285765625 0.714679596875 0.5013874578124999 0.713980328125 0.4935300265625 0.668537721875 0.48251877812500005 0.61942000625 0.5024881031249999 0.62039534375 0.5100596562499999
0 0.684716440625 0.47549097500000004 0.6853862828125 0.48166256875 0.73285945625 0.49629213437499997 0.7942825515624999 0.4721732 0.7952691187500001 0.4642863453125 0.746918696875 0.44770468125 0.684716440625 0.47549097500000004
0 0.7749718375 0.4446854875 0.8202855078125 0.46441179843749997 0.9087989750000001 0.4313882484375 0.9064040609375 0.4229982984375 0.8598929328124999 0.3990770125 0.7711615359375 0.4360391859375 0.7749718375 0.4446854875
0 0.7005161734375001 0.414225515625 0.7014915109375 0.42179706875 0.758098040625 0.4444179046875 0.8462331624999999 0.4054987296875 0.8465940281250001 0.3939690375 0.7876906703125 0.3685777078125 0.7005161734375001 0.414225515625
0 0.675508809375 0.479024396875 0.7390752640625 0.4495279390625 0.7378189546875 0.4419612921875 0.679033303125 0.423313309375 0.6188826609375 0.45527966875 0.6190248875 0.46342788125 0.675508809375 0.479024396875
0 0.4544663046875 0.56449481875 0.4409288296875 0.5721361625 0.4774694234375 0.5770046609375 0.4981933703125 0.5677188921874999 0.49813041875 0.5641124046875 0.4594819765625 0.5581414609375 0.45515598749999997 0.560495446875 0.4544663046875 0.56449481875
0 0.4776554953125 0.5441533859375001 0.4546116546875 0.5401885375 0.4545335296875 0.55746834375 0.47790163437500005 0.5473769296875 0.4776554953125 0.5441533859375001
0 0.4651234203125 0.5550050203125 0.46537949999999995 0.558798009375 0.5044075703125 0.5647623281249999 0.52930745 0.55540366875 0.5288317359375 0.5499056546875 0.48656686718750003 0.5434282171875 0.4651234203125 0.5550050203125
0 0.45436647499999994 0.5261422171875 0.45422871249999996 0.54000535 0.48525804062500005 0.5445903000000001 0.512562565625 0.5315820812500001 0.511504153125 0.525334746875 0.46198655000000005 0.5167054296875 0.45436647499999994 0.5261422171875
0 0.49715344375 0.540775078125 0.49628057343750004 0.54515739375 0.5387584484375 0.552960225 0.567408246875 0.5408778875 0.5676752265625 0.534417546875 0.5208448546875 0.5274501796875 0.49715344375 0.540775078125
0 0.37962237656250003 0.5299152281249999 0.3988917109375 0.5134396765625 0.4514198515625 0.520497459375 0.45209296875 0.5155490125 0.3962717046875 0.50475125 0.379613396875 0.5185230062499999 0.37962237656250003 0.5299152281249999
0 0.3003180046875 0.5117425734375 0.30214561875 0.5185460984375 0.3189109125 0.5000256515625 0.3801771765625 0.5073106578125001 0.3802974140625 0.5033212265625 0.314622328125 0.493644828125 0.3003180046875 0.5117425734375