0 0.2216494140625 0.5072483671875 0.2474172984375 0.5414535234375 0.3493486640625 0.5143174328125 0.3472963546875 0.5045119546875 0.3254050546875 0.48718134218750003 0.3228966765625 0.5017755421875 0.2551704671875 0.5184220515625 0.23783985468750002 0.49493451093749996 0.22210548281250003 0.4983550265625 0.2216494140625 0.5072483671875
0 0.3397712203125 0.4830767234375 0.3735203078125 0.5079324703125 0.45470054531250004 0.48718134218750003 0.45378840781249996 0.4807963796875 0.43714189843750006 0.4719030390625 0.4382820703125 0.47691979531250006 0.3826416828125 0.4887775828125 0.3580139703125 0.47007876406250004 0.3381749796875 0.47418338281250005 0.3397712203125 0.4830767234375
0 0.43736993281250003 0.46597414531250003 0.4765918453125 0.48512903281249997 0.5381611265624999 0.46825448906249995 0.5377050578125 0.45958918125 0.5208305140625 0.45297618437500003 0.5199183765625001 0.46141345625 0.4765918453125 0.4712189359375 0.44398292968749997 0.45297618437500003 0.43577369218750006 0.45594063125 0.43736993281250003 0.46597414531250003
0 0.5110250359374999 0.5004073359375 0.5103409328125 0.5086165734375 0.5785232109375 0.5394012140625 0.645793353125 0.5138613640624999 0.644881215625 0.505538109375 0.5766989359375 0.4792001390625 0.5110250359374999 0.5004073359375
0 0.5974500640625 0.5537673796875 0.694364675 0.5977780140625 0.7627293796875 0.5608364453125 0.7652377578125 0.5473824171875 0.6667725156250001 0.5127211921875 0.5969939953125001 0.5394012140625 0.5974500640625 0.5537673796875
0 0.47590774218750004 0.5970939109375 0.5687177328125 0.6686967046875 0.6681407218750001 0.6098638359375 0.66745661875 0.5989181859375 0.5735064546875 0.5455581421875 0.47453953593750003 0.5840959515625 0.47590774218750004 0.5970939109375
0 0.4838889453125 0.5035998171875 0.39974426093750004 0.5282275296875001 0.39963024375 0.5425936953125 0.45652482031249997 0.5831838140625 0.5507030171875 0.5466983140624999 0.5516151546875 0.5403133515625 0.4838889453125 0.5035998171875
0 0.30556606406250003 0.6543761453125 0.3064782015625 0.6666900015625 0.35185704218749997 0.7398890375 0.4191271828125 0.7407754375 0.5388452296875 0.6880796265625 0.5354247140624999 0.6718891859375 0.4437548953125 0.5982340828125 0.30556606406250003 0.6543761453125
0 0.25790687968750003 0.5701858546875 0.2581349140625 0.5806754359374999 0.2984969984375 0.6465773703125001 0.43394941718749996 0.5966378421874999 0.43166907343750005 0.5815875734375 0.3753445828125 0.5355246296875 0.25790687968750003 0.5701858546875
0 0.6597034500000001 0.43701377812500003 0.6619837937499999 0.430628815625 0.618429228125 0.440206259375 0.5728223515625 0.428804540625 0.5723662828125 0.43496146874999997 0.621165640625 0.44864353125 0.6597034500000001 0.43701377812500003
0 0.6325673593750001 0.452064046875 0.69117219375 0.4666582484375 0.73267445 0.454572425 0.733814621875 0.447503359375 0.675893890625 0.431997021875 0.63188325625 0.443398740625 0.6325673593750001 0.452064046875
0 0.68387509375 0.43359326249999997 0.74225189375 0.4518360125 0.7755449125 0.44089036249999997 0.77645705 0.432909159375 0.71853631875 0.421507440625 0.68387509375 0.430172746875 0.68387509375 0.43359326249999997
0 0.7593544718749999 0.4518360125 0.8314133343749999 0.4716750046875 0.8654360640625001 0.45867704375 0.8663482015625 0.45115190937499994 0.791735353125 0.435645571875 0.760266609375 0.447503359375 0.7593544718749999 0.4518360125
0 0.834195353125 0.42310368125000003 0.80386678125 0.432909159375 0.8027266093750001 0.43815394999999996 0.8745574390625 0.4563967 0.9014654953125 0.443854809375 0.9035178046875 0.43724181250000005 0.834195353125 0.42310368125000003
0 0.75917204375 0.41101785937499996 0.730211678125 0.419227096875 0.729527575 0.423331715625 0.78653616875 0.43724181250000005 0.815040465625 0.42812043749999995 0.8173208093750001 0.421507440625 0.75917204375 0.41101785937499996
0 0.70809234375 0.46460593906250003 0.706496103125 0.47372731406249996 0.7826595843749999 0.49539057968750005 0.8246179093749999 0.4773758640625 0.825986115625 0.46825448906249995 0.749366565625 0.450695840625 0.70809234375 0.46460593906250003