0 0.50970125625 0.5881393703125 0.540114178125 0.5884787859375 0.5750876453125 0.590483328125 0.5759293828125001 0.5847525234375001 0.5340317953125 0.583248175 0.5094631609375 0.5823519734375 0.50970125625 0.5881393703125
0 0.4331765015625 0.5800136890625 0.43200311718749995 0.585185715625 0.49571316718749997 0.5885246171875 0.4962892796875 0.5809752296874999 0.4331765015625 0.5800136890625
0 0.3934804890625 0.6260457859375 0.3936140671875 0.630383975 0.40192413125000004 0.6439935203125 0.43366520781249995 0.6443937359375 0.4259241203125 0.63370146875 0.42657645468750005 0.6281412046875 0.3934804890625 0.6260457859375
0 0.427767784375 0.62881796875 0.42882415937499996 0.6086611171875 0.378782540625 0.6062190125 0.3778079921875 0.6110405265625001 0.3905041703125 0.6270455312500001 0.427767784375 0.62881796875
0 0.3574335015625 0.5849977156249999 0.372764 0.6058329 0.42972000625 0.6071936421874999 0.42964225625 0.5983467234375001 0.42138801875 0.58022845 0.3585400984375 0.57765659375 0.3574335015625 0.5849977156249999
0 0.33302236875 0.6302044234374999 0.3466648 0.6419278312500001 0.391941496875 0.6423155546875 0.3927643703125 0.6369446937500001 0.380523984375 0.626016628125 0.3330593296875 0.6260556375 0.33302236875 0.6302044234374999
0 0.311142165625 0.6103612453125 0.3276837765625 0.6253045187499999 0.3765882078125 0.625340965625 0.378622959375 0.6175070890625001 0.36660970625 0.605688596875 0.3112828796875 0.6042327703125 0.311142165625 0.6103612453125
0 0.2809858453125 0.583734721875 0.3025108421875 0.6034508187500001 0.35817875 0.6052854515625 0.36113222500000003 0.5971387906250001 0.3443147921875 0.5771280109375 0.2821490328125 0.5753137703125 0.2809858453125 0.583734721875
0 0.231333253125 0.4980321 0.2682677453125 0.5371819 0.3462582109375 0.53683895 0.3476280765625 0.52760720625 0.32266881875000003 0.48819895156250004 0.23191211250000002 0.48698679843750003 0.231333253125 0.4980321
0 0.1283868578125 0.4927169671875 0.17820336406249998 0.531212809375 0.2517525546875 0.5310801281249999 0.25533148125 0.5219641562499999 0.21516537812499997 0.4853031484375 0.132058403125 0.481833746875 0.1283868578125 0.4927169671875
0 0.159898340625 0.42400818749999997 0.21892719375 0.4811508703125 0.3115437671875 0.48068839375000005 0.3128441703125 0.4727820859375 0.2747657203125 0.4131931609375 0.1707546515625 0.4112863765625 0.159898340625 0.42400818749999997
0 0.035377140625 0.42074437500000006 0.1019168 0.47828068437500004 0.1976029015625 0.4784221015625 0.1959727015625 0.467261028125 0.13910660156250002 0.41111773749999997 0.0373045921875 0.409326725 0.035377140625 0.42074437500000006
0 0.046379325 0.303797965625 0.135412603125 0.39706910624999997 0.2487711875 0.3981366984375 0.2537450140625 0.3877647515625 0.1887085125 0.293093075 0.05005086875 0.29291474375000004 0.046379325 0.303797965625
0 0.005299828125 0.3857802859375 0.00462581875 0.398641171875 0.0230640421875 0.40443228906249995 0.11027572031249999 0.400069575 0.1175696640625 0.3915501375 0.019573890625 0.2884957390625 0.0109023046875 0.29835484375 0.005299828125 0.3857802859375
0 0.6476542953125 0.320742028125 0.6441827421874999 0.31054522812499996 0.4944518890625 0.3107100578125 0.5019919921875 0.41525980156250003 0.5085453484375 0.337988053125 0.6053166375 0.3355484734375 0.6132146406250001 0.3950500875 0.6078043125 0.41229255625 0.6239171828125001 0.4201474 0.6476542953125 0.320742028125
0 0.316046821875 0.3089016 0.339058953125 0.376205715625 0.3517441171875 0.3348080890625 0.446860265625 0.33528622656249996 0.4573619328125 0.402435440625 0.4535784515625 0.40774533125 0.475681659375 0.406399996875 0.4630693265625 0.30308665625 0.316046821875 0.3089016