0 0.85549490625 0.6102244265625 0.9622601984375001 0.57800569375 0.9907785062500001 0.5883596234375 0.9930567781249999 0.5770463218749999 0.96816073125 0.5653204109375001 0.8527273640624999 0.6000576375 0.85549490625 0.6102244265625
0 0.7551989890625 0.6415221156250001 0.8216729031250001 0.6180009609375 0.8588548703125 0.635077728125 0.8543675593750001 0.6173422125 0.8319192640624999 0.6055175671875 0.7513320953125 0.6321540515625 0.7551989890625 0.6415221156250001
0 0.682532746875 0.66114396875 0.7428158359375 0.6828524390624999 0.75076034375 0.6787600765625 0.7473060578124999 0.642217690625 0.7385672390625 0.6359693703125 0.680812978125 0.6535752421875001 0.682532746875 0.66114396875
0 0.7513902625 0.684258578125 0.739489803125 0.679298315625 0.690333165625 0.6911184421875001 0.6913359390625 0.6993502312500001 0.737084809375 0.713900253125 0.758405003125 0.7103573546875 0.753833715625 0.6931029765625001 0.7513902625 0.684258578125
0 0.6235797234375 0.6805457359375 0.6750913125 0.697546190625 0.7228072703125 0.6851134546875 0.7221795156249999 0.6769410625 0.673333821875 0.65767185625 0.621886309375 0.6718201328125 0.6235797234375 0.6805457359375
0 0.797876546875 0.513121896875 0.8013828140625 0.5285530328125 0.83021403125 0.5093181734375001 0.8260948484374999 0.49775684218749994 0.724401340625 0.4479317 0.666968753125 0.48495024062500003 0.6686077312500001 0.5184324421875 0.653224671875 0.5278966421875 0.6603753984375 0.5359712437499999 0.6626978718750001 0.5244384515625 0.7224529375000001 0.47588711562499997 0.797876546875 0.513121896875
0 0.6658856109375 0.46048155468749996 0.6898029593749999 0.44096427499999996 0.689836 0.42510199374999996 0.563984765625 0.3650044640625 0.4892402515625 0.4518422125 0.48813910937499994 0.4650560265625 0.5264255234374999 0.4800454765625 0.525615803125 0.469504171875 0.5778130296875 0.412317896875 0.6654063890625 0.45098431406249995 0.6658856109375 0.46048155468749996
0 0.52169935625 0.35334851562499997 0.3576668609375 0.271336153125 0.32107056875 0.39595101875 0.335553790625 0.4046911140625 0.3640815140625 0.3278884421875 0.47616309687499997 0.3778713125 0.460518690625 0.45473106249999995 0.5220493890625 0.366792171875 0.52169935625 0.35334851562499997
0 0.5219052640624999 0.5085852703125 0.5210760062500001 0.48564437343750005 0.48383365781250004 0.47032442812499997 0.4380825890625 0.5181186171875 0.43609061093749996 0.5306954765625 0.4624896984375 0.5393394203125 0.49711058281250003 0.49920372031250004 0.5219052640624999 0.5085852703125
0 0.57084570625 0.606583175 0.53759785 0.5973503515624999 0.5286564499999999 0.606843090625 0.49395741718749997 0.597380425 0.4733014546875 0.6119597984375 0.4727125765625 0.6188085671875 0.5398692828125 0.639362340625 0.5692323 0.6261620296875 0.57084570625 0.606583175
0 0.4390921828125 0.6432352125 0.50171809375 0.661087940625 0.53233098125 0.643126990625 0.5329438984375 0.6392571874999999 0.469709571875 0.6158536390625 0.4403946296875 0.63501188125 0.4390921828125 0.6432352125
0 0.4579168625 0.57134190625 0.40010416718749997 0.55127635625 0.37618231875 0.5802142625 0.3749805234375 0.5909328328125001 0.448679540625 0.6140103875 0.47692637812500005 0.5922036734375 0.45416724999999997 0.5856238234375 0.4579168625 0.57134190625
0 0.3543726375 0.6114701390625 0.3562023859375 0.61870198125 0.42160145781249997 0.6409608140625 0.44437408749999996 0.6192787890625 0.447534821875 0.6118456421875 0.3744727609375 0.5878772515625 0.3543726375 0.6114701390625
0 0.2786981125 0.5132048515625 0.266251978125 0.557348546875 0.3517857453125 0.5902343015625 0.3731117015625 0.5589018078125 0.294652046875 0.53457438125 0.29781728125 0.5177206109375 0.2786981125 0.5132048515625
0 0.26744927343749997 0.5560506015625 0.2563296265625 0.5949499312500001 0.33298357031250003 0.6150244812500001 0.3497261546875 0.584453634375 0.26744927343749997 0.5560506015625