0 0.84606955 0.48953574218749996 0.8434482437499999 0.47974921875 0.8174954078125 0.4981320828125 0.7417257390625001 0.482541596875 0.73703124375 0.48954419062500004 0.8198830125000001 0.512105946875 0.84606955 0.48953574218749996
0 0.738544275 0.478473515625 0.7407367234375 0.4650995640625 0.72415119375 0.479735984375 0.6574753796875 0.46344800937499997 0.657766903125 0.4717961875 0.724023503125 0.4869590265625 0.738544275 0.478473515625
0 0.6792367625 0.41047874375 0.6468186671875 0.4028422390625 0.6218012734375 0.4118349109375 0.6235816843750001 0.41631940468749995 0.6579233234374999 0.4232392140625 0.659631653125 0.416359559375 0.6792367625 0.41047874375
0 0.6554416640625 0.42657349375000003 0.6565578953125 0.4213383234375 0.6156836203125 0.4133475921875 0.5861477546875 0.4231475765625 0.586072584375 0.4302949640625 0.6295757703125 0.439168178125 0.6554416640625 0.42657349375000003
0 0.6565403953125 0.458037025 0.655661 0.4421544046875 0.6272145890624999 0.4366525375 0.5944803671875001 0.44786325781249997 0.594405196875 0.4550106453125 0.6478092796875 0.4684095390625 0.65581649375 0.465207065625 0.6565403953125 0.458037025
0 0.6399554921874999 0.43880570937499996 0.6565661359375 0.440174225 0.6580365953125 0.42648287656250006 0.6388238140625 0.4342985625 0.6399554921874999 0.43880570937499996
0 0.6175742171875 0.43958728125 0.6170799437500001 0.4347331125 0.577691575 0.4227933484375 0.541155575 0.4367349265625 0.540397690625 0.44293186875 0.583968840625 0.45375128125 0.6175742171875 0.43958728125
0 0.48273683125 0.5026273078125 0.535174396875 0.49057686250000004 0.536311840625 0.48278458124999996 0.48848550625 0.46542569843750003 0.43663342656250004 0.484151090625 0.43662560624999996 0.4940182625 0.4787345453125 0.5091100765625 0.48273683125 0.5026273078125
0 0.40073128281250003 0.5357964734375 0.423993040625 0.5258220359375 0.43405686093750007 0.5314612171875 0.46673550468749997 0.518691209375 0.466002534375 0.5077927421874999 0.42017734375 0.48719247499999996 0.3579139515625 0.5105101109375 0.357967584375 0.52213708125 0.396254128125 0.53877193125 0.40073128281250003 0.5357964734375
0 0.4812664171875 0.470611240625 0.4806194796875 0.46217649375000003 0.44428938906250004 0.451111546875 0.3902395140625 0.46744696562500004 0.39081270625000003 0.47376995468749994 0.429062378125 0.4893489265625 0.4812664171875 0.470611240625
0 0.41119845312500003 0.49243947343750005 0.40947105468749995 0.48333767656250004 0.37830974687499996 0.4689207296875 0.3127681 0.48918134375 0.3143971734375 0.49546745937500003 0.34884902812499996 0.5132933890625 0.41119845312500003 0.49243947343750005
0 0.3589262609375 0.5495899578125 0.377686284375 0.541887059375 0.336604171875 0.5158353234375 0.253432125 0.5458737203124999 0.2545539296875 0.5578157796875 0.2924684015625 0.5839781328125 0.3578625609375 0.559494 0.3589262609375 0.5495899578125
0 0.3238229984375 0.5131101499999999 0.2963488890625 0.49327860625 0.21920485156249997 0.514296771875 0.218456240625 0.5231326421875 0.2464297984375 0.547175415625 0.325865484375 0.521143775 0.3238229984375 0.5131101499999999
0 0.761976590625 0.5593599421875 0.7615683421874999 0.5476692765625 0.745192846875 0.54283885 0.7124903921875 0.573243146875 0.6851821953125 0.5647427953124999 0.6853763296875 0.583193778125 0.714765721875 0.599724859375 0.761976590625 0.5593599421875
0 0.553276096875 0.59050795625 0.5740752062500001 0.6059884484375 0.5723194687500001 0.6330611171875 0.6379684828125 0.66948488125 0.7048322265625 0.6117766671875 0.7020815640625 0.5974666656250001 0.6819205187499999 0.5873661609374999 0.6849324 0.59626476875 0.6329895953125 0.630042090625 0.569390375 0.6007497749999999 0.5718155781250001 0.579956378125 0.553276096875 0.59050795625
0 0.4203993515625 0.66582783125 0.42186389843749994 0.6819835015625 0.4927944125 0.7407322953125 0.5462859843750001 0.738414140625 0.6165013390625 0.6864413453125 0.6144772390625 0.6671538890625001 0.5736426984375 0.6451700203125 0.57151011875 0.6614513046875 0.5007980171875 0.7120908796875 0.43937848281249997 0.6678662015625 0.436800540625 0.6585022484375 0.4203993515625 0.66582783125
0 0.33947253593750004 0.6173322796875 0.4011432984375 0.6687512140625 0.43950837500000006 0.645802390625 0.43739006406250003 0.6238170875 0.40510013593750005 0.6402511140625 0.366633703125 0.608730571875 0.3651848578125 0.5930245421875 0.3430168453125 0.602802453125 0.33947253593750004 0.6173322796875