0 0.8350768499999999 0.509034009375 0.8348712140625001 0.5023555656250001 0.7898185984375 0.46082191874999995 0.6972469359375 0.49903245468749996 0.7005159125 0.510872190625 0.7971998921875 0.47371063125 0.8350768499999999 0.509034009375
0 0.7105696859374999 0.5416814046875 0.7109181671875 0.5350320015625 0.674137278125 0.510601021875 0.603801125 0.5406699203125 0.60887824375 0.5524655078125 0.680497459375 0.5217693031249999 0.7105696859374999 0.5416814046875
0 0.6128053359375001 0.5729521359375 0.61266445 0.5623876140624999 0.5877915812500001 0.5466374734375 0.5301257515625 0.5708416374999999 0.52976275 0.5777681 0.5787393078124999 0.5603318546875 0.6128053359375001 0.5729521359375
0 0.5919317609375 0.5418537 0.662035003125 0.5135784218749999 0.6643797953125 0.50064379375 0.6057379734375 0.46395435625000003 0.5348059109375 0.5027433375 0.5346909281250001 0.5102384343749999 0.5919317609375 0.5418537
0 0.6874046890625001 0.5012948390624999 0.785356621875 0.461143715625 0.7850917265625 0.4502948765625 0.7294940125 0.39792926562500003 0.6308451171875 0.4513791953125 0.630963634375 0.45971998750000004 0.6874046890625001 0.5012948390624999
0 0.6166268390625 0.44702239375 0.71838145625 0.39262395 0.7183645796875 0.382343746875 0.6464302234375 0.307729871875 0.542988928125 0.3837098359375 0.5424807265625 0.3934068828125 0.6166268390625 0.44702239375
0 0.594742753125 0.46171120468750004 0.594012040625 0.45444960312499993 0.5209596421875 0.40116923125000004 0.45282956093750004 0.4501065578125 0.4512712078125 0.4586372890625 0.5217551234375 0.5026150125 0.594742753125 0.46171120468750004
0 0.5021444078124999 0.51103311875 0.5021577500000001 0.5054774296875 0.42990984218749995 0.4633519953125 0.3806899828125 0.5013341296875 0.3774402359375 0.5103318578125 0.4449612734375 0.541930246875 0.5021444078124999 0.51103311875
0 0.46429610625000006 0.5387762515625 0.464400103125 0.5473941046874999 0.5203125453124999 0.5725499046875 0.5748436124999999 0.5498483703125 0.5758333296875 0.54156565625 0.5192482546875 0.5080400203125001 0.46429610625000006 0.5387762515625
0 0.428626475 0.6272597859375 0.42907192031249997 0.6219438937499999 0.4559290171875 0.6125060906249999 0.48567208749999996 0.6244096296875 0.48584861718749994 0.630592375 0.501041390625 0.6240471421875 0.5007595078125 0.61669091875 0.4555585171875 0.600473390625 0.41894662499999996 0.6145723515625 0.419237225 0.62176218125 0.428626475 0.6272597859375
0 0.41528949062500004 0.6302315484375 0.42775231874999997 0.6343885734375 0.4289156625 0.6281091984375 0.411985646875 0.6200473328125 0.3812055609375 0.6311149046875 0.3799372203125 0.6378059046875 0.3914369171875 0.642830134375 0.41528949062500004 0.6302315484375
0 0.3746373328125 0.6462878359374999 0.3923233328125 0.6513859984375 0.39259295625 0.6430575703125 0.3719848296875 0.635136646875 0.3454573171875 0.645926534375 0.345160825 0.651583934375 0.35596843125 0.6554873609375 0.3746373328125 0.6462878359374999
0 0.369448375 0.610309746875 0.3694745359375 0.6098105656249999 0.4050350359375 0.5934874375 0.4058568703125 0.5873570140625 0.3481574625 0.56447783125 0.31613154374999997 0.5849906265625 0.3147186078125 0.591256921875 0.369448375 0.610309746875
0 0.36308250468750003 0.6139805546875 0.36287109375000004 0.6084633875 0.3085881875 0.5904350843749999 0.2831072609375 0.6054511 0.28178624218750004 0.6115553609375 0.3344488109375 0.6286644875 0.36308250468750003 0.6139805546875
0 0.326523640625 0.630251359375 0.3275910609375 0.6258023203125 0.27653139375 0.60994515625 0.25265105625 0.62371024375 0.253116065625 0.627572190625 0.30303713593750004 0.64286913125 0.326523640625 0.630251359375
0 0.2687703078125 0.6090378624999999 0.2933400734375 0.592305584375 0.2948536453125 0.5857108609375 0.23129235625 0.56452668125 0.20897362656250001 0.5828785921875 0.20661064375 0.5897625 0.2687703078125 0.6090378624999999
0 0.2993256421875 0.5876137406249999 0.332660559375 0.5660015875 0.3336044796875 0.5575416484375 0.2631668453125 0.5325766484375001 0.23517032968749998 0.5573884671875 0.23344675937499998 0.5648064421875 0.2993256421875 0.5876137406249999
0 0.23764301250000003 0.6260938765625 0.2596914125 0.6129001859375001 0.2600227859375 0.6065772093749999 0.201597465625 0.5879981109375 0.1834117203125 0.6038970031249999 0.181784075 0.6094846406250001 0.23764301250000003 0.6260938765625