0 0.2257915015625 0.4628140890625 0.315410928125 0.4364826078125 0.3121772375 0.42955327031249996 0.2290251921875 0.4521891046875 0.191606771875 0.425857625 0.1929926390625 0.43879238750000005 0.2257915015625 0.4628140890625
0 0.32986570625 0.4306708421875 0.40146885625 0.412192609375 0.3991590765625 0.4038774046875 0.339104821875 0.42235563750000005 0.3123113859375 0.4080350078125 0.313697253125 0.4205078140625 0.32986570625 0.4306708421875
0 0.3979667328125 0.3435471921875 0.399567340625 0.3488825515625 0.42517706562499996 0.34301365625 0.42410999374999997 0.33687799375 0.3936984453125 0.32834141875 0.3686222578125 0.33554415312499997 0.3979667328125 0.3435471921875
0 0.4241312046875 0.36994668124999996 0.46974852812499995 0.35740858593749997 0.469481759375 0.35207322812499997 0.4324010125 0.34006866874999997 0.3969208734375 0.349939084375 0.3982547125 0.3611433375 0.4241312046875 0.36994668124999996
0 0.41014169687499996 0.4078488125 0.46589620312499996 0.39024212812500003 0.46482913124999997 0.381438784375 0.42267979218749996 0.3662330109375 0.3994709796875 0.37423605000000004 0.4021386578125 0.40171314999999996 0.41014169687499996 0.4078488125
0 0.47773048593749995 0.3880763625 0.527349328125 0.3718035171875 0.5236145765625 0.3662013890625 0.4809317015625 0.353129759375 0.43851559531250006 0.36700169374999997 0.4387823625 0.37393766093749997 0.47773048593749995 0.3880763625
0 0.5649900609375 0.44022376718749995 0.5723089671875 0.4363717109375 0.6089034984375 0.44600185156250005 0.6185336375 0.452165140625 0.65859501875 0.43213445000000006 0.6578246078125 0.42443033750000003 0.58964321875 0.40401444218749993 0.5414925203125 0.42635636562499996 0.5411073140625 0.434060478125 0.5649900609375 0.44022376718749995
0 0.6433870078124999 0.457943225 0.6403053640625 0.470269803125 0.7107979859375 0.4945377546875 0.7219689484375 0.48490761562499995 0.7331399109375 0.4899152875 0.763185946875 0.46680295312500003 0.765111975 0.45370596250000006 0.678825921875 0.43136403906250004 0.6349124859375 0.45447637343749997 0.6433870078124999 0.457943225
0 0.6675940796875001 0.422380196875 0.7064998453125 0.40234950625000004 0.705729434375 0.3958010109375 0.6421705109375 0.3776963484375 0.605190775 0.3946453953125 0.6036499531249999 0.40234950625000004 0.6675940796875001 0.422380196875
0 0.7737258296875 0.459484046875 0.8053126890625 0.434060478125 0.8060831 0.42481554375 0.7224934875 0.40478485312499995 0.6889806 0.422889515625 0.6897510125 0.43444568281249996 0.7737258296875 0.459484046875
0 0.82287759375 0.5320724703125 0.8721839093750001 0.5482511046874999 0.9043346203124999 0.512543078125 0.9106068015625001 0.4977179203125 0.7920611453124999 0.46235025781249994 0.7543109984374999 0.4974039671875 0.8286556765625 0.5193606859375001 0.82287759375 0.5320724703125
0 0.915836253125 0.49778917343750007 0.9389485890625 0.46119464218750006 0.93625215 0.45503135156249996 0.835713490625 0.43114860625 0.8075934828125 0.45580176406249995 0.8045118375 0.465431903125 0.915836253125 0.49778917343750007
0 0.29601194375 0.5231868109375 0.3563513671875 0.5717787375000001 0.404409315625 0.551487603125 0.4001374984375 0.5247887421875 0.368098865625 0.5413420359375001 0.3163030765625 0.50983738125 0.3189729625 0.5002257921875 0.29601194375 0.509303403125 0.29601194375 0.5231868109375
0 0.37858983749999997 0.59353270625 0.4757736890625 0.6688234921875 0.5766953796875 0.591930775 0.57402549375 0.5785813453124999 0.5350451578125 0.5540183937500001 0.5361131125 0.5743095265625 0.47203584843749996 0.6164937265625 0.398880971875 0.5743095265625 0.4010168796875 0.56309600625 0.37698790625 0.57537748125 0.37858983749999997 0.59353270625
0 0.6654215015625 0.7407754375 0.5548030171875 0.6727688203125 0.5559434140625 0.632854934375 0.5040553625 0.6704880265625001 0.4965170171875 0.6833529 0.5633559921875 0.7407754375 0.6654215015625 0.7407754375
0 0.7298539171875 0.668207234375 0.7281433234375 0.671058225 0.6654215015625 0.7407754375 0.713318165625 0.7407754375 0.75380225 0.688734375 0.74695986875 0.6739092171875 0.7298539171875 0.668207234375