0 0.780650859375 0.545664275 0.6906633828125 0.503518240625 0.683069503125 0.5179466125000001 0.77533514375 0.559712953125 0.8167217890625 0.5198450828125 0.817101484375 0.512630896875 0.780650859375 0.545664275
0 0.6196606046875 0.555156625 0.617002746875 0.56502866875 0.713065328125 0.6212233796875 0.7673615703125 0.5673068328124999 0.7685006515625 0.5589535640625 0.675475621875 0.5164278359375001 0.6196606046875 0.555156625
0 0.5289137390625 0.6197046046875 0.52701526875 0.6291969546875 0.626115403125 0.7064646828125001 0.697497875 0.638309609375 0.702813590625 0.6250203203125 0.6033337624999999 0.56616775 0.5289137390625 0.6197046046875
0 0.5084102640625 0.5099730390625 0.435888709375 0.545664275 0.4374074859375 0.5559160125 0.5038539359375 0.609452865625 0.5813115109375 0.5581941765625 0.5809318171875 0.551739378125 0.5084102640625 0.5099730390625
0 0.59422110625 0.5509799906249999 0.6523142890625 0.5114918140625 0.65117520625 0.503138546875 0.58245059375 0.47086455625 0.5251167999999999 0.49934160624999996 0.5235980234375 0.5084542625 0.59422110625 0.5509799906249999
0 0.5938414125 0.47162394531249996 0.6621863328125001 0.507694875 0.6963587921875 0.48339445937500003 0.69787756875 0.473902109375 0.6712989890625 0.494785278125 0.6002962109375 0.46175190156249996 0.5923226374999999 0.46478945312500003 0.5938414125 0.47162394531249996
0 0.5668831390625 0.4515001625 0.5194213890625 0.4336545453125 0.5190416953125 0.4389702609375 0.57447701875 0.465928534375 0.6021946812500001 0.45282909218749995 0.6010555984375 0.4347936265625 0.5668831390625 0.4515001625
0 0.45373432812500003 0.45947373750000003 0.45373432812500003 0.4670676171875 0.50651179375 0.49934160624999996 0.56498466875 0.469725475 0.5646049750000001 0.4625112890625 0.5103087328125 0.43631240312499997 0.45373432812500003 0.45947373750000003
0 0.368303178125 0.493266503125 0.36678440156250003 0.503138546875 0.41842278593750004 0.5433861109375 0.48942556406250004 0.50807456875 0.49132403281250003 0.49782283125 0.435509015625 0.4666879234375 0.368303178125 0.493266503125
0 0.47765504999999997 0.38277554999999996 0.4499373875 0.39340698125 0.42184003125 0.377839528125 0.4119679875 0.38315524375 0.4112086 0.389230346875 0.449178 0.4051774953125 0.4939818921875 0.3907491234375 0.492842809375 0.3835349375 0.4818316828125 0.377839528125 0.47765504999999997 0.38277554999999996
0 0.47955351874999996 0.3763207515625 0.5049930171875 0.388091265625 0.51752291875 0.38277554999999996 0.5152447546875 0.378598915625 0.5232183296875 0.37518166875 0.521699553125 0.3706253421875 0.5057524046874999 0.3740425875 0.482211378125 0.3664487078125 0.47955351874999996 0.3763207515625
0 0.40817104843749996 0.3729035046875 0.38463002031250004 0.35999390937500003 0.3747579765625 0.36379085 0.3724798125 0.36986595312500004 0.4024756375 0.3854334078125 0.42070094999999996 0.37935830312499996 0.4229791140625 0.3710050359375 0.40817104843749996 0.3729035046875
0 0.3717204234375 0.3569563578125 0.348938784375 0.34594523125 0.339826128125 0.349742171875 0.3417245984375 0.35619696875 0.36564532031249997 0.3679674828125 0.3850097140625 0.360753296875 0.3842503265625 0.35391880625 0.3717204234375 0.3569563578125
0 0.244143240625 0.3679674828125 0.244143240625 0.3755613640625 0.2680639625 0.3911288171875 0.320082040625 0.3755613640625 0.3185632640625 0.369106565625 0.2954019296875 0.35619696875 0.244143240625 0.3679674828125
0 0.27603753593749997 0.3930272875 0.30090749375 0.4097338234375 0.35463419375 0.393786675 0.35311541874999997 0.3869521828125 0.32615714375 0.37328320000000004 0.27603753593749997 0.3930272875
0 0.30565366875 0.4097338234375 0.30679275 0.41580892656249996 0.3375479640625 0.437071790625 0.3982990046875 0.41884647968750005 0.39715992187500004 0.4097338234375 0.36222807343749996 0.3922679 0.30565366875 0.4097338234375
0 0.2221209890625 0.43213576875 0.22250068281250002 0.43972964843750006 0.25211681406249997 0.4666879234375 0.32311959218749997 0.4420078125 0.3223602046875 0.43555301562500004 0.28856743906250004 0.4142901515625 0.2221209890625 0.43213576875
0 0.2608497765625 0.3903694296875 0.196681490625 0.40365871875000003 0.1980104203125 0.41239168125000003 0.21832404843750003 0.4332748515625 0.2870486625 0.41315106874999996 0.28590958125 0.407835353125 0.2608497765625 0.3903694296875