0 0.5990088140625 0.5647544671875 0.661887484375 0.5589100124999999 0.6774837625 0.583279903125 0.6808578484375001 0.5725592953125 0.6641363765625 0.54953655625 0.5986016390625 0.5591086437499999 0.5990088140625 0.5647544671875
0 0.528197190625 0.5744015359375 0.5889357125 0.56914798125 0.600250203125 0.5880205187499999 0.6016127453125 0.575436840625 0.5846340609375 0.5573220437499999 0.5254646515625 0.5661731343749999 0.528197190625 0.5744015359375
0 0.46492971718750004 0.5742496 0.4670162390625 0.581389553125 0.492186578125 0.5974729437499999 0.5251016749999999 0.5932219375 0.525688103125 0.5753246296875 0.5175500734375 0.56962518125 0.46492971718750004 0.5742496
0 0.52319803125 0.593507740625 0.5003009265625 0.595395009375 0.5000775140625 0.5996579625 0.5228411109375 0.61391241875 0.52319803125 0.593507740625
0 0.5234016546875 0.612279428125 0.5192007609375 0.6108718609375 0.478081109375 0.6160787890625 0.47742127031250003 0.619606428125 0.5004703375 0.6284137750000001 0.5352710359375 0.6259629421875 0.5233778390625 0.617265284375 0.5234016546875 0.612279428125
0 0.44818877500000004 0.6064378375 0.4720858703125 0.617189478125 0.5112860515625 0.61235691875 0.5123192484375 0.6062365546875 0.494592165625 0.5955707875 0.450031759375 0.5984600625 0.44818877500000004 0.6064378375
0 0.40908285156249996 0.5868147734375 0.43964944843750003 0.6017156484374999 0.48036990937499996 0.5950629125 0.481278990625 0.59131085625 0.456744865625 0.5745887984375 0.408907071875 0.5811060125 0.40908285156249996 0.5868147734375
0 0.32353814375 0.5286525656250001 0.367784190625 0.55467829375 0.42094838125 0.5432919125 0.42217721406250003 0.5345950703125 0.3765654703125 0.5100438703125 0.3229546640625 0.520118428125 0.32353814375 0.5286525656250001
0 0.262921596875 0.5396483859375001 0.3117517484375 0.5617914203125001 0.356139384375 0.5556141171875 0.3578283015625 0.547972121875 0.31144562656249997 0.52338051875 0.2619464625 0.5336705578125 0.262921596875 0.5396483859375001
0 0.2431077265625 0.48011580625 0.24286639999999998 0.48963745156250005 0.30431758593749997 0.5217185359375 0.36162035625 0.51003368125 0.36476924374999997 0.4991183125 0.303966690625 0.46449438593750003 0.2431077265625 0.48011580625
0 0.183130715625 0.50840994375 0.24670396718749998 0.534417834375 0.2944312203125 0.523519565625 0.2938342734375 0.51524240625 0.23414153125 0.48402652812499997 0.18260110624999998 0.4988478953125 0.183130715625 0.50840994375
0 0.1334513625 0.43855093749999996 0.2206429171875 0.48099994375 0.278782865625 0.4631745578125 0.2825141390625 0.45589728125000006 0.20129822812499998 0.40268105 0.136126696875 0.4268377015625 0.1334513625 0.43855093749999996
0 0.0689823359375 0.459136834375 0.1582016828125 0.49731149218750004 0.2060770796875 0.4835864671875 0.2082115234375 0.4723602515625 0.12317006718750001 0.42822014218750004 0.072253521875 0.4508047125 0.0689823359375 0.459136834375
0 0.6103423968749999 0.47116032968750005 0.585849203125 0.4725898375 0.5852836453125 0.49077700625 0.6013744640625001 0.486969190625 0.6192019359375001 0.5165852734375 0.6332588171875 0.514608821875 0.635270853125 0.505799659375 0.6103423968749999 0.47116032968750005
0 0.5659374203125 0.40139220781249996 0.5137591484375 0.4133861453125 0.5110802703124999 0.442315128125 0.5612246046875 0.43215255468749997 0.587638409375 0.46803250468749996 0.6032819265625 0.465364021875 0.6026692796875001 0.45486693906250003 0.5659374203125 0.40139220781249996
0 0.5129439312499999 0.4067543640625 0.55175735 0.39832351250000003 0.5537693859374999 0.38951435 0.496279871875 0.3031692375 0.382894625 0.3441255640625 0.3811880921875 0.3545011046875 0.3962052796875 0.3711793796875 0.397403740625 0.3631027640625 0.47130707968749996 0.34333278125 0.5152395671875001 0.39253377968750003 0.5129439312499999 0.4067543640625
0 0.3600707390625 0.35068125 0.268776834375 0.3842683140625 0.2707330296875 0.3987117265625 0.2930335171875 0.41693448125000004 0.2930707453125 0.4014327640625 0.35389283125 0.379814446875 0.3910873203125 0.4096703296875 0.39405144375 0.382694253125 0.3600707390625 0.35068125