0 0.268091215625 0.45601733749999995 0.2411465484375 0.49544619687499997 0.240171896875 0.5038158125 0.2543465796875 0.5061712984375 0.274933640625 0.47432158125 0.2946435953125 0.47842924375000007 0.295465928125 0.4690979265625 0.291749534375 0.46015686406249995 0.268091215625 0.45601733749999995
0 0.31633078281250004 0.3829836015625 0.2777182234375 0.4400337421875 0.276289596875 0.4517613546875 0.29382227968749997 0.454570815625 0.32270628437500004 0.41286313750000003 0.3717113796875 0.4235036390625 0.37214345781249997 0.4096335953125 0.37050279218750004 0.401349596875 0.31633078281250004 0.3829836015625
0 0.504718709375 0.3358610109375 0.39218242812500004 0.2830339109375 0.3299061546875 0.3670318640625 0.331362640625 0.3783025203125 0.3731977609375 0.3913930734375 0.369127353125 0.376067328125 0.4152493671875 0.3207852953125 0.49494236562499994 0.35712601718750003 0.5068322625 0.345055940625 0.504718709375 0.3358610109375
0 0.497672746875 0.3930378046875 0.52793060625 0.366228578125 0.5831180765624999 0.3910059375 0.5847428125 0.4012641171875 0.6079541390625 0.38805812031250003 0.6066659015625 0.37577498593750003 0.5277663578125 0.34029442187500003 0.49376620937500004 0.374597175 0.497672746875 0.3930378046875
0 0.5962374390625 0.4447916921875 0.5963419671875 0.45167594062500005 0.6484541796875 0.46741069062499996 0.719624296875 0.4291924515625 0.7168696078125001 0.4200990671875 0.6663572531249999 0.397867340625 0.5962374390625 0.4447916921875
0 0.660347059375 0.461583725 0.660115090625 0.470492928125 0.7021184593750001 0.48257100468749997 0.7712666046875001 0.45025937968749996 0.77117800625 0.44140094999999996 0.7302856765625 0.423889146875 0.660347059375 0.461583725
0 0.5854854265625 0.5076160578125 0.6294789078125 0.5177358812499999 0.6839665359375 0.4903751328125 0.68114514375 0.48293536406250004 0.6382308421875 0.471330175 0.584098625 0.5009349000000001 0.5854854265625 0.5076160578125
0 0.5247527187500001 0.4955469296875 0.5772332890625 0.5053083593750001 0.6310449390625 0.4757544078125 0.6299946359375 0.467048296875 0.5781870625 0.45323695781250006 0.5247656671875001 0.487329634375 0.5247527187500001 0.4955469296875
0 0.46763682500000003 0.5312105890625001 0.5182766203125 0.5376488609375001 0.5638739578124999 0.514325075 0.5599385421874999 0.5060759218750001 0.509111584375 0.49638119375 0.46834168125 0.523212315625 0.46763682500000003 0.5312105890625001
0 0.52882350625 0.539921715625 0.572426734375 0.5455028140625 0.6148532343750001 0.52498150625 0.6134823625 0.51632616875 0.5715994515625 0.509158159375 0.528820525 0.533678603125 0.52882350625 0.539921715625
0 0.40701707656249997 0.5795798671875 0.4075045796875 0.5852496171875 0.45177998906249994 0.587473271875 0.4811976578125 0.5723462890625 0.47901320781249995 0.5663295625 0.4357488765625 0.5627142765625 0.40701707656249997 0.5795798671875
0 0.37616797968750004 0.59862804375 0.37549578906250003 0.6034552265625 0.418147628125 0.604499290625 0.4426864984375 0.5909660265625 0.4420522453125 0.586961509375 0.398609453125 0.5848112296875 0.37616797968750004 0.59862804375
0 0.367496703125 0.6034906671875 0.367161540625 0.6078539734375 0.3546878359375 0.6172185671875 0.38946743906250003 0.6190989703125 0.41208923906250006 0.6077165796874999 0.4110545359375 0.6037754875 0.3758427640625 0.6017582828125 0.367496703125 0.6034906671875
0 0.3647576015625 0.583604878125 0.39787197343749997 0.58533853125 0.42296799687500003 0.56884354375 0.4221534171875 0.5624046015624999 0.3697620203125 0.5581824140625 0.36343375624999996 0.5700628921875001 0.3647576015625 0.583604878125
0 0.2805228359375 0.568827284375 0.28189643124999997 0.5762039296875 0.3009322015625 0.5590268015625 0.3594988875 0.5620656703125 0.3599391390625 0.5570699734375 0.298557478125 0.55180871875 0.2805228359375 0.568827284375
0 0.19255465624999998 0.5706504031249999 0.2067414796875 0.551367790625 0.2803269703125 0.555927640625 0.28126281249999996 0.5514691953125 0.2059586125 0.545129075 0.188990390625 0.566288959375 0.1900269578125 0.57412948125 0.193125484375 0.5742544703125 0.19255465624999998 0.5706504031249999