0 0.124322359375 0.5386282062500001 0.22154010156249998 0.5101667187500001 0.219244315625 0.5032611250000001 0.1264696078125 0.529512821875 0.10012020156250001 0.5045445390625 0.0996576578125 0.514833875 0.124322359375 0.5386282062500001
0 0.23912313125 0.50344239375 0.3137579203125 0.48252019218750003 0.3137750578125 0.474412559375 0.24691658749999998 0.4944626828125 0.21363111093749998 0.47851018281249996 0.21675954062499997 0.4907116203125 0.23912313125 0.50344239375
0 0.30944777343749996 0.4185305453125 0.31102495625 0.431025003125 0.3566778421875 0.41847844843750004 0.3563226140625 0.414840078125 0.32801293125000003 0.40784260625 0.2961184203125 0.41580158906250003 0.30944777343749996 0.4185305453125
0 0.325442425 0.477981596875 0.38479341875 0.4592523578125 0.3829673609375 0.452699096875 0.345390653125 0.44168994218749996 0.31332055312499996 0.451024096875 0.3159077125 0.472838396875 0.325442425 0.477981596875
0 0.3378030359375 0.439901346875 0.309933228125 0.43243216718750005 0.3130449078125 0.44966468125 0.33794628437499996 0.444003465625 0.3378030359375 0.439901346875
0 0.34880908437499997 0.44157056875 0.3962692171875 0.4285045546875 0.394962615625 0.4237585421875 0.3631947109375 0.41574096718750003 0.319569009375 0.4275322109375 0.3194156328125 0.43620815625000003 0.34880908437499997 0.44157056875
0 0.39748394062500003 0.456755634375 0.444432575 0.44211027031250005 0.4439420546875 0.434597678125 0.4059652640625 0.4251997078125 0.36057210781250004 0.4386498875 0.361022834375 0.4450230015625 0.39748394062500003 0.456755634375
0 0.448890146875 0.482525209375 0.450606621875 0.4912240375 0.4541766359375 0.488273959375 0.5111974109374999 0.502952665625 0.5145085218750001 0.5087703984374999 0.560896296875 0.48595993281250005 0.5600362671875 0.4775137375 0.5013026015625 0.462329765625 0.448890146875 0.482525209375
0 0.5303115421875 0.50821854375 0.5301117671875 0.5186795359375 0.5721268390625001 0.532469546875 0.5770092921875001 0.5266482296875 0.6081136515625001 0.5354509734375 0.6161531250000001 0.5391258015625 0.6564472421875001 0.511724934375 0.6563549656250001 0.5009916015625 0.5810962125 0.48186404375 0.5303115421875 0.50821854375
0 0.5711700515625 0.48079796874999997 0.610863940625 0.4604815859375 0.6108702109374999 0.45257022031250005 0.553091534375 0.44046085 0.5124820734375 0.4588314203125 0.51384736875 0.465564725 0.5711700515625 0.48079796874999997
0 0.6623894984375001 0.5038888218750001 0.6983359921875001 0.48144297343750003 0.6988968015625 0.473229703125 0.6277169125000001 0.4576327390625 0.58940444375 0.47705326093749995 0.5899625671875001 0.48494491718750005 0.6623894984375001 0.5038888218750001
0 0.6660992734375 0.5534864765624999 0.6652562671875 0.5617096015625 0.7411878140625 0.583921615625 0.7770187390625 0.5419844781250001 0.7775696937500001 0.5334890109375 0.6785929703125 0.506713475 0.6326979203125 0.5436337828125 0.6660992734375 0.5534864765624999
0 0.7885852234375 0.53338688125 0.8127152859375 0.5042901484375 0.8134696 0.4935272515625 0.7221354843750001 0.47524360000000004 0.688020134375 0.501581075 0.6892214875 0.511710596875 0.7885852234375 0.53338688125
0 0.20189260468749998 0.56861390625 0.1797010671875 0.5781074546875 0.182372209375 0.59218190625 0.23595511406249997 0.6389896203125 0.26588823281249996 0.6223235 0.26290033125 0.5991782328124999 0.23927013437500003 0.60908529375 0.2007580328125 0.5777354046875 0.20189260468749998 0.56861390625
0 0.4062837453125 0.627229209375 0.32272857187500004 0.6791891640625 0.268947546875 0.6371109484375 0.2678417703125 0.6262513078125 0.2465786265625 0.6415248390625 0.248574784375 0.6570759625 0.322211396875 0.7267962671875 0.39931160625 0.6772413765625 0.39248804375 0.6378826703125 0.4256359734375 0.6196511874999999 0.40403418125 0.6044214328125 0.4062837453125 0.627229209375
0 0.5734643859374999 0.7125731921875 0.5434851953125001 0.7383227984375 0.433821034375 0.7396094296875 0.402557525 0.7181781171875 0.399417578125 0.69067885625 0.3476223546875 0.726272171875 0.351044503125 0.7410469484375 0.3515593796875 0.745388271875 0.5859743171875 0.7379199109375 0.598981315625 0.7254865781250001 0.5962594921875 0.7099607953125 0.5743075375 0.6951065421875 0.5734643859374999 0.7125731921875
0 0.5713484296875 0.6519801359375 0.57387674375 0.6827702328125 0.617577928125 0.7066734125 0.687909865625 0.6297459640625 0.6878038921875 0.616308484375 0.6604728 0.603458453125 0.660317303125 0.6198112625000001 0.608653390625 0.6695677250000001 0.5713484296875 0.6519801359375