0 0.5083181484375 0.5008963296875 0.48128741875000003 0.49457745781250007 0.480585321875 0.511076734375 0.5090202453125 0.5170445578125 0.50937129375 0.5237144796875 0.5244663765625 0.52617181875 0.5620285609375 0.4678977765625 0.5599222703125 0.45841946875 0.5321894421875 0.4517495484375 0.532540490625 0.46263205 0.5083181484375 0.5008963296875
0 0.4398637015625 0.6005940890625 0.345080621875 0.576020696875 0.3440274765625 0.5637340015625 0.3233156171875 0.5847969078124999 0.325070859375 0.5984877984375 0.46408604374999995 0.6413157078125 0.5202537953124999 0.545128434375 0.5181475046874999 0.5307354484375 0.480234271875 0.5244165765625 0.48269161250000003 0.5391606109375 0.4398637015625 0.6005940890625
0 0.6631305125 0.6490387734375 0.5441250890625 0.6167423171874999 0.5504439609375 0.5370543203125 0.5019992765625 0.6335926421875 0.4998929859375 0.65009191875 0.675066159375 0.7048554765625 0.694022775 0.573212309375 0.6827892249999999 0.5707549703125 0.6631305125 0.6490387734375
0 0.2861044828125 0.55706408125 0.208873825 0.5342459328125 0.2022039046875 0.5180977046875 0.178332609375 0.5377564171875 0.18149204531250002 0.549341015625 0.2924233546875 0.5854990046874999 0.3405169921875 0.542320046875 0.3334960234375 0.51177883125 0.2861044828125 0.55706408125
0 0 0.49317326406250006 0.0361579890625 0.5023005234375 0.14252566875 0.4517495484375 0.1383130875 0.4436754328125 0.0393174265625 0.49282221562500006 0.0354558921875 0.49106697343750005 0 0.48088656875 0 0.49317326406250006
0 0.16323752656249998 0.4415691421875 0.2369577 0.40576220156250004 0.23344721562499998 0.3994433296875 0.1674501078125 0.429282446875 0.13410050625 0.41945309062499997 0.13690889374999998 0.434197125 0.16323752656249998 0.4415691421875
0 0.240468184375 0.3966349421875 0.2471381046875 0.39909228125 0.3029548078125 0.3734657453125 0.3015506140625 0.3636363875 0.24257447499999998 0.355211225 0.23063882812499997 0.36047695156250004 0.240468184375 0.3966349421875
0 0.31734779375 0.366444775 0.357718365625 0.34819025625 0.356314171875 0.33836089999999996 0.3029548078125 0.33133993125 0.25802060625 0.350296546875 0.2601268984375 0.35837066093750003 0.31734779375 0.366444775
0 0.2204584234375 0.330637834375 0.22888358593749997 0.3492434015625 0.23379826406249998 0.34959445 0.23309616718749998 0.3548601765625 0.24257447499999998 0.3569664671875 0.288561821875 0.33871194843749997 0.2859289578125 0.333270696875 0.240468184375 0.3239679140625 0.2204584234375 0.330637834375
0 0.45250144531250003 0.367146871875 0.5206048437499999 0.377327278125 0.542369846875 0.35661541875 0.5413167015625 0.3492434015625 0.4784790296875 0.33976509374999997 0.4514483 0.36223219375000004 0.45250144531250003 0.367146871875
0 0.539561459375 0.3808377625 0.617143165625 0.392773409375 0.630131959375 0.36784896875 0.630131959375 0.35942380625000003 0.5613264640625 0.3513496921875 0.5399125078125 0.373114696875 0.539561459375 0.3808377625
0 0.65330115625 0.3959328453125 0.7277234265625 0.40646429843750004 0.7308828625 0.37100840625 0.6536522046875 0.36188114531250004 0.6417165578125 0.392773409375 0.65330115625 0.3959328453125
0 0.7031500359375 0.433495028125 0.701745840625 0.4429733359375 0.706309471875 0.44402648125 0.70420318125 0.44999430625 0.7192982640625 0.4524516453125 0.72667028125 0.40681534687500004 0.63645083125 0.394177603125 0.6231109890625001 0.4219104296875 0.7031500359375 0.433495028125
0 0.536050975 0.3797846171875 0.5132328265625 0.40576220156250004 0.536050975 0.41629365468749996 0.536050975 0.422963575 0.5964313078125 0.4324418828125 0.615738971875 0.398390184375 0.6139837296875 0.392773409375 0.536050975 0.3797846171875
0 0.440916846875 0.3660937265625 0.414237165625 0.38505034375 0.4180986984375 0.39628389375 0.4173966015625 0.402602765625 0.4475867671875 0.40716639531250004 0.45741612343750004 0.40190066875 0.46233080156249995 0.3973370390625 0.49006362968749995 0.400496475 0.49638250156249997 0.4008475234375 0.5132328265625 0.38505034375 0.51217968125 0.3762741328125 0.440916846875 0.3660937265625