0 0.7774432359375 0.585812059375 0.77936165 0.5764512890625 0.7662229078125 0.571636946875 0.7623450218750001 0.578260890625 0.733885659375 0.5977601171875 0.7185828453124999 0.5883586265625 0.7154597296875 0.603111271875 0.7370227875 0.6163588296875 0.7774432359375 0.585812059375
0 0.7267211109375 0.629383978125 0.73045803125 0.62018230625 0.7133048921875 0.61098541875 0.67332546875 0.6448691390625 0.6264350640624999 0.61951063125 0.622089115625 0.6440513875 0.672202875 0.67445620625 0.7267211109375 0.629383978125
0 0.47599003125 0.6711285546875 0.5704640453125001 0.747859965625 0.5880560484374999 0.7401416359375 0.6548352359375 0.6858356624999999 0.6568287015625 0.6737924265624999 0.6198555203125 0.6523878640625 0.6189696296875 0.666094365625 0.5593485953124999 0.70661604375 0.4927042765625 0.6591201265625 0.4954400234375 0.6493347421875 0.47642903125 0.65894931875 0.47599003125 0.6711285546875
0 0.38920346875 0.5996280453125 0.455315490625 0.65678885 0.496015021875 0.635601040625 0.49781019843749996 0.6150820875 0.4607907921875 0.6300131359375001 0.414890915625 0.59247721875 0.415275515625 0.5809197687500001 0.39069564218749997 0.5897338609375 0.38920346875 0.5996280453125
0 0.41710930468749996 0.53847509375 0.4182750859375 0.5323116265625 0.3715320203125 0.5044134 0.2943763828125 0.5233515343749999 0.29411608437500003 0.5299074906250001 0.3355429578125 0.5648591609375 0.41710930468749996 0.53847509375
0 0.36020386718749997 0.5049886781249999 0.36193703125 0.49950140000000004 0.3237629796875 0.47391922812500004 0.252840709375 0.48964343593750004 0.25348589062500004 0.4965918859375 0.2834135203125 0.5233322265625 0.36020386718749997 0.5049886781249999
0 0.4413777203125 0.479510090625 0.4069033828125 0.4617701515625 0.3457975015625 0.47271427031249996 0.3458480953125 0.4792974265625 0.38126681093750003 0.500565990625 0.44041403749999997 0.48694432968749995 0.4413777203125 0.479510090625
0 0.5052699421875 0.4653637453125 0.46729417968750003 0.44825728906249995 0.41966550625 0.4591274171875 0.41971610156250005 0.465710575 0.4554884125 0.4829375265625 0.5041313640625 0.4712163171875 0.5052699421875 0.4653637453125
0 0.5618021984375 0.48879277656250003 0.5142975437499999 0.4695995578125 0.46902001875000005 0.48224175156250004 0.46816513281249994 0.48843241718749997 0.512518153125 0.51142245 0.559662940625 0.49534098281250005 0.5618021984375 0.48879277656250003
0 0.49787897187499996 0.5104549609375 0.451769390625 0.48605815625000004 0.390282715625 0.5013547796875 0.3909278953125 0.5083032296875001 0.43544030781250004 0.536632846875 0.4960234078125 0.517341259375 0.49787897187499996 0.5104549609375
0 0.676987709375 0.46441261406249995 0.645423003125 0.4550903453125 0.614341571875 0.4644343203125 0.6136905421875001 0.469456625 0.6632862640625 0.487975296875 0.6742575296875 0.4811046296875 0.676987709375 0.46441261406249995
0 0.6331941359375 0.4569833609375 0.6346852796875 0.4520345578125 0.59272150625 0.43820467812499997 0.56056365625 0.4453381203125 0.5594006953124999 0.45137381562499995 0.60132771875 0.46562375312500004 0.6331941359375 0.4569833609375
0 0.668767565625 0.4495138359375 0.67099904375 0.4433599859375 0.6291534249999999 0.4305986234375 0.6026663390625 0.43822819375 0.6023907125 0.4413786203125 0.642674259375 0.4550614984375 0.668767565625 0.4495138359375
0 0.6745774296875 0.44600105156250003 0.6790982734375001 0.4451267578125 0.6790640953125 0.44067941250000003 0.6969662953125 0.43441512343750005 0.6614845515625001 0.4239036140625 0.6369349453125001 0.42873978749999997 0.636969125 0.43318713437499995 0.6709622937499999 0.4437800453125 0.6745774296875 0.44600105156250003
0 0.7575496609375 0.501513175 0.7589515015625 0.49274710937500005 0.7331286796875001 0.50487915 0.677313509375 0.4872977984375 0.6748273484375 0.49152464218749997 0.735599225 0.5129258250000001 0.7575496609375 0.501513175
0 0.8260664999999999 0.5384064671875 0.753470009375 0.5142776796875 0.7515220578124999 0.5196097890625 0.825861803125 0.54558418125 0.848746796875 0.5283274890625 0.8507235953125001 0.5202466343750001 0.8482951312499999 0.518975990625 0.8260664999999999 0.5384064671875