0 0.4563476203125 0.41877646874999996 0.4543002328125 0.3894263765625 0.451046215625 0.3914568515625 0.451386790625 0.410968359375 0.38962503593750003 0.4155551703125 0.3908206828125 0.42123602812499994 0.4563476203125 0.41877646874999996
0 0.536231821875 0.41740034374999996 0.5363324234375 0.4106003734375 0.4777902453125 0.4111836359375 0.47380805156249994 0.384060290625 0.4674771546875 0.3857058765625 0.47179338125000003 0.4194023109375 0.536231821875 0.41740034374999996
0 0.547320034375 0.4156717171875 0.6108738984375 0.413246596875 0.61184376875 0.40599285937499996 0.5952801437499999 0.38676452656250004 0.5380877890625 0.389297903125 0.5382408562500001 0.3980671203125 0.547320034375 0.4156717171875
0 0.5410617390625 0.3622817703125 0.539329059375 0.36822962187499997 0.5782739734375 0.366529559375 0.577376103125 0.3618519578125 0.5688058578125 0.3501663359375 0.53413768125 0.3513836375 0.5410617390625 0.3622817703125
0 0.590259853125 0.3805414734375 0.5785727359374999 0.36564536875 0.5373981390625 0.3682005734375 0.5367306843749999 0.3884137125 0.5903488718750001 0.3856413046875 0.590259853125 0.3805414734375
0 0.5888230921875001 0.3674912078125 0.6385832109375 0.3658064203125 0.63887369375 0.35906751875 0.6235859109375 0.3483153765625 0.5791331796875 0.350111578125 0.578803528125 0.354606553125 0.5888230921875001 0.3674912078125
0 0.6111482140625 0.3875856140625 0.6663841046875 0.38396874687500004 0.6672972484375 0.37783114375000004 0.6505031781249999 0.3626160734375 0.6001702484375 0.3665554703125 0.598638003125 0.3722957671875 0.6111482140625 0.3875856140625
0 0.624033075 0.413479803125 0.6860114265624999 0.41035741249999996 0.687132125 0.40442024375 0.6649309703124999 0.38338194531249997 0.6092870921875 0.3870059328125 0.6069317515625 0.3923524875 0.624033075 0.413479803125
0 0.6426414421875 0.5005592421875 0.734901284375 0.49772349531250004 0.73552549375 0.48668449375 0.6973182265625 0.45059104687499996 0.6206032078125 0.45478925156249994 0.6203944484374999 0.46622945156249995 0.6426414421875 0.5005592421875
0 0.750756925 0.49403666875 0.8348574140625 0.4917517921875 0.8399945687500001 0.4818593625 0.786665059375 0.445212978125 0.71399764375 0.44729829062500004 0.7133734328125 0.4583372921875 0.750756925 0.49403666875
0 0.68621919375 0.5727778671875 0.798071459375 0.5691916859374999 0.7970766265625 0.5589978421875 0.7421729078125 0.502364965625 0.648695221875 0.5056304171875 0.64885915 0.51502186875 0.68621919375 0.5727778671875
0 0.816234528125 0.5643722234374999 0.9255899281250001 0.560012728125 0.9266224624999999 0.5489665968749999 0.85459764375 0.49426636406249996 0.7628001765625 0.49831938593749997 0.759711765625 0.5085845046874999 0.816234528125 0.5643722234374999
0 0.7644318015625 0.6878109640625001 0.9034921 0.6751724484375 0.9089805609375 0.6620062984375 0.8179610859374999 0.57210260625 0.7020469640625 0.5769850328125 0.69817754375 0.5893060265625001 0.7644318015625 0.6878109640625001
0 1 0.5978969984375 0.984996615625 0.5856579109375 0.959711103125 0.56445150625 0.8463609609375 0.575824353125 0.8403929031249999 0.5849143921875 0.9379883250000001 0.6771539890625 1 0.6753560953125 1 0.5978969984375
0 0.33582375 0.61070098125 0.34147290625000004 0.588300240625 0.33592339375 0.589790990625 0.30928422499999997 0.68736319375 0.3132514515625 0.7016974078125 0.4603638890625 0.69169550625 0.455687890625 0.5835188437500001 0.44264984375000005 0.5818879109374999 0.44872975937500004 0.6640209109375 0.34939455 0.6694718359375 0.33582375 0.61070098125
0 0.49311673437500003 0.69224628125 0.6379067390625 0.6822849171875001 0.6104112453125 0.60347038125 0.6030421921875 0.651472821875 0.5074289765625 0.66040176875 0.496337003125 0.5839317890625 0.48196225156250005 0.585576584375 0.49311673437500003 0.69224628125