0 0.5664031640625 0.454139378125 0.56471543125 0.47270443906250004 0.5974574500000001 0.49667024687500005 0.6700299640625 0.4659535078125 0.6703675109375 0.457177296875 0.6518024484375 0.4507639125 0.60049536875 0.4737170796875 0.5664031640625 0.454139378125
0 0.5056447796875 0.5084843765625 0.46783956250000003 0.475742359375 0.46412655 0.46359068125 0.4364477296875 0.4733795328125 0.43543509062499997 0.4828308375 0.48876745 0.5348130109375 0.5765295609375001 0.5003832593750001 0.575179375 0.49093195468750006 0.5670782578125 0.4845185703125 0.5056447796875 0.5084843765625
0 0.42598378593749997 0.44772599218750003 0.4010053390625 0.420722265625 0.3888536625 0.42342263906250005 0.3902038484375 0.43591186249999997 0.42665887968750005 0.47202934687500003 0.46581428281250004 0.4595401234375 0.46581428281250004 0.43996242187499995 0.42598378593749997 0.44772599218750003
0 0.7284255234375 0.449751271875 0.78310806875 0.42848583749999997 0.783445615625 0.42004717343750003 0.7169489390625 0.3900055265625 0.6629414859375 0.40654530937500005 0.6636165796875 0.414646428125 0.7284255234375 0.449751271875
0 0.7939095593750001 0.42409773125 0.8425162671875001 0.40620776249999996 0.84487909375 0.396081365625 0.776694684375 0.37042782500000004 0.7294381624999999 0.38730515468750004 0.7287630703125 0.3940560859375 0.7939095593750001 0.42409773125
0 0.7027719828125 0.34578692499999997 0.6561905546875 0.357263509375 0.6578782875 0.3646895328125 0.708510275 0.3866300609375 0.7557667968749999 0.3734657453125 0.7557667968749999 0.3653646265625 0.7027719828125 0.34578692499999997
0 0.59678235625 0.37481593125 0.596444809375 0.38190440937500003 0.6480894375 0.40654530937500005 0.6987214234375 0.391693259375 0.7000716109375 0.3839296890625 0.6484269828125 0.35895124218749996 0.59678235625 0.37481593125
0 0.5896938781250001 0.334310340625 0.5451377296875 0.34646201875 0.5441250890625 0.352875403125 0.5812552140625 0.3741408375 0.6332373875 0.36300180000000004 0.6332373875 0.35523822968749996 0.5896938781250001 0.334310340625
0 0.644038878125 0.3582761484375 0.6892701203125 0.3467995640625 0.6892701203125 0.3407237265625 0.6453890640625 0.323846396875 0.6011704625000001 0.3329601546875 0.6028581953125001 0.342411459375 0.644038878125 0.3582761484375
0 0.5114825187500001 0.3196067453125 0.5545608859375 0.3116148296875 0.5574847562499999 0.3055721640625 0.524932325 0.2932919046875 0.485167678125 0.3008939703125 0.485362603125 0.3049873890625 0.5114825187500001 0.3196067453125
0 0.44520810624999996 0.3067417125 0.44598780624999995 0.3240900140625 0.453005096875 0.32974283125000003 0.5011515078125 0.3211661421875 0.5001768828125 0.3143437765625 0.4744468171875 0.30186859374999997 0.44520810624999996 0.3067417125