0 0.6503390687499999 0.57216990625 0.7325542671874999 0.557822984375 0.76197140625 0.5866405671875 0.7622538640625 0.5777522515625 0.7359878765625 0.549705528125 0.649552728125 0.5641784171875 0.6503390687499999 0.57216990625
0 0.5611011390625 0.585588 0.6217559171875 0.57430646875 0.6486145546875 0.5927492640625001 0.6495726421875 0.5789683734375 0.6315563203125001 0.56699361875 0.56172453125 0.5784626 0.5611011390625 0.585588
0 0.527588990625 0.6416963 0.5275710859375 0.646036509375 0.5546290671875 0.6572682328125 0.5835832140625 0.655097803125 0.5584933421875 0.6420482859375001 0.5588388984375 0.6380985578125 0.527588990625 0.6416963
0 0.4858343578125 0.6289978796875 0.5194251125 0.6420674984375 0.55880113125 0.6386379765625 0.557986396875 0.6293404234375 0.53252175 0.6164390265625 0.4862202796875 0.62251898125 0.4858343578125 0.6289978796875
0 0.55969416875 0.5869671984375 0.5525307484375 0.5819987046875 0.4961956890625 0.5931707734375 0.49561452656249994 0.5998134984375 0.5318646671875 0.617638465625 0.559461084375 0.6144447125 0.5588481796875 0.5925013078125 0.55969416875 0.5869671984375
0 0.4346869328125 0.608079346875 0.47514487031249997 0.6253679109375 0.51897324375 0.6165388859375 0.5198349375 0.6108252421875 0.48410768906249996 0.5932269296875 0.43378470937499997 0.6018495640625 0.4346869328125 0.608079346875
0 0.6251644640625 0.42487679375000004 0.5820699078125 0.4375600546875 0.5822250921875 0.4682112703125 0.6195905875000001 0.4561615078125 0.6542329515625 0.501177234375 0.678936878125 0.4976649109375 0.6787959875 0.48630531093749996 0.6251644640625 0.42487679375000004
0 0.5844547609374999 0.41791097343750006 0.583054271875 0.4274336296875 0.6111153375 0.41797401718750005 0.6103902078125001 0.40032230156250004 0.5264660765625 0.3090100671875 0.4289247703125 0.3668578578125 0.4253917734375 0.3813002171875 0.4116040984375 0.3897391359375 0.4480902984375 0.42016472031249996 0.4486671359375 0.3941164578125 0.5266567390625 0.3651957515625 0.5844547609374999 0.41791097343750006
0 0.396266265625 0.39022088906249996 0.3148914453125 0.4318947921875 0.311703275 0.4423957734375 0.33894119843750004 0.46179969375 0.34303724999999996 0.4474065953125 0.39575987343749996 0.42194895312499997 0.4375598640625 0.450002615625 0.44560418281249997 0.4229055828125 0.396266265625 0.39022088906249996
0 0.43508330468749995 0.34722054999999996 0.49892611562500006 0.3113885234375 0.5002349734375 0.2899432125 0.46338276250000004 0.25721615 0.39131186093750003 0.2509107640625 0.441297571875 0.308616134375 0.43508330468749995 0.34722054999999996
0 0.261809459375 0.239580771875 0.24047696406250002 0.25643742187499996 0.24186366874999998 0.2730122890625 0.2693479 0.289600940625 0.2657794234375 0.2785088296875 0.3054270625 0.2433968171875 0.261809459375 0.239580771875
0 0.22835030937499998 0.27580157031249997 0.1556750046875 0.3477394921875 0.150480921875 0.3552281609375 0.17612820625 0.373358190625 0.18257499531250002 0.358036028125 0.235698596875 0.31502519218749997 0.251802040625 0.3255118796875 0.258326165625 0.30282075625 0.22835030937499998 0.27580157031249997
0 0.395613646875 0.538378321875 0.34906270781250004 0.5144040171875 0.3069286109375 0.5284080953125 0.3057948890625 0.5371540765625 0.369184046875 0.56665556875 0.4219888640625 0.5528479609375 0.42345633749999995 0.5444997296875 0.4052373578125 0.5336920593750001 0.395613646875 0.538378321875
0 0.2502146046875 0.5553278078125 0.31362200156250003 0.5804083140625 0.35779059687500003 0.5684249718750001 0.35646007343749997 0.5583577546875 0.29155768125 0.5335150015625 0.250155084375 0.547583078125 0.2502146046875 0.5553278078125
0 0.32987214531250003 0.49576904062500005 0.2602972515625 0.4653578171875 0.2512130453125 0.4723025734375 0.235220559375 0.46132114843750005 0.1959759796875 0.48442319375 0.1960035015625 0.49253367187499997 0.2796643796875 0.5304425859374999 0.334174421875 0.509781740625 0.327385184375 0.5073450171875 0.32987214531250003 0.49576904062500005
0 0.0894214359375 0.375416125 0.048307159375 0.41567637968750004 0.0465836953125 0.42695060468749996 0.16714875468749998 0.47693338281250003 0.2158752859375 0.44655283125 0.1453951375 0.4138511171875 0.1498068421875 0.4013378875 0.0894214359375 0.375416125
0 0.0102696953125 0.46707452656250004 0.119976515625 0.5105791046875 0.15505609843749998 0.48453282656249996 0.159417565625 0.47680633749999995 0.0448004875 0.4262382921875 0.0132961609375 0.45775704375000004 0.0102696953125 0.46707452656250004
0 0.14977539374999999 0.5196322906249999 0.2273967671875 0.550747490625 0.26905535625 0.533753421875 0.2723195765625 0.525930934375 0.189198203125 0.49028051250000004 0.1506713625 0.5093913171875 0.14977539374999999 0.5196322906249999