0 0.5317942703125 0.348220146875 0.5026268046875 0.36223481875 0.47631977656249996 0.35098919687499996 0.4774555421875 0.364474925 0.5016571078125 0.37545717343749996 0.5430787515625 0.35852749375 0.5414476640625 0.3510528796875 0.5317942703125 0.348220146875
0 0.49154505156250006 0.380735778125 0.49172462968749997 0.37382980625 0.4765816296875 0.36599079687499997 0.47611249375 0.3735020703125 0.44512388906250006 0.3863480375 0.41571179843749995 0.36915414687500003 0.40709990156250003 0.374406565625 0.4072098796875 0.3807072375 0.444169903125 0.4004704890625 0.49154505156250006 0.380735778125
0 0.41732345468750004 0.3583215734375 0.40689565468750005 0.36270531875 0.37780454531249996 0.34670631875 0.3697717640625 0.3507481359375 0.36808678906250003 0.3573802625 0.40107831406249994 0.3733111796875 0.4177648890625 0.3664171984375 0.41732345468750004 0.3583215734375
0 0.3019001046875 0.41018174375000005 0.303470678125 0.416392871875 0.3359969765625 0.44253387968749996 0.39502493437499997 0.4177191015625 0.39409566875 0.40915732812499994 0.3578437609375 0.387370346875 0.3019001046875 0.41018174375000005
0 0.22187012031250003 0.44920487812500004 0.2520214640625 0.47889652031249996 0.32168019999999997 0.44882736718749994 0.3205900609375 0.44221794531249997 0.2867833375 0.41531946875000003 0.21956638593750002 0.44008223125 0.22187012031250003 0.44920487812500004
0 0.50949099375 0.44165002812500004 0.45231234374999996 0.47189125 0.452703340625 0.4775381046875 0.507487509375 0.51674245625 0.5637471015625 0.4785241453125 0.564226328125 0.47247219218750003 0.50949099375 0.44165002812500004
0 0.574193190625 0.47385785625 0.6038736421875 0.454234246875 0.6016865578124999 0.4406256125 0.5677048078125 0.45954448281250004 0.52224520625 0.4351888625 0.520610215625 0.44204080625 0.574193190625 0.47385785625
0 0.6016904015625 0.4743526625 0.593128628125 0.4752819265625 0.5946323718750001 0.48324881093750005 0.6600145078125 0.52090349375 0.7002032703125 0.4890092859375 0.698182878125 0.48495050937500006 0.668197684375 0.5094532984375 0.6016904015625 0.4743526625
0 0.523680809375 0.517434575 0.525355634375 0.524033790625 0.592877228125 0.5725685765625 0.6502109375 0.5288727921875 0.650427228125 0.518926340625 0.5820876484374999 0.4793737359375 0.523680809375 0.517434575
0 0.4392523 0.5725207484375 0.44000708125 0.5822552937500001 0.5075242859375 0.64170760625 0.5794556984375 0.5854748890625 0.579668590625 0.5753335421875 0.5098456765625 0.5289834234375 0.4392523 0.5725207484375
0 0.7067604734375 0.6524616 0.762128921875 0.5922289921874999 0.7617979515625 0.5844365921875 0.6735705359375 0.5335728546875 0.6164619453125 0.5834642609375 0.6152065421875 0.5897247171875 0.7067604734375 0.6524616
0 0.68989508125 0.5194461453125 0.684136678125 0.524615471875 0.6829254984375 0.5334095640625 0.7713008625 0.581580346875 0.8122021531250001 0.5346622109375 0.8146167203125 0.5277966593750001 0.7759657234375 0.5696067015625 0.6927018546875 0.5238811046875 0.68989508125 0.5194461453125