0 0.6091805453125 0.47325975 0.5860347640625 0.4776760984375 0.5890659921875 0.49211224218750005 0.6003325921875 0.4909508296875 0.6209217953125 0.520664625 0.6318740875 0.51818744375 0.633823684375 0.5106284046875 0.6091805453125 0.47325975
0 0.569248553125 0.4044939109375 0.5160265671875 0.4140085390625 0.514215675 0.43961546562500003 0.558765309375 0.4310597953125 0.58505455625 0.474154959375 0.6011953453125 0.47127286875 0.60653819375 0.4592870515625 0.569248553125 0.4044939109375
0 0.5192225796875001 0.397111246875 0.517214446875 0.4102476609375 0.5562612765625 0.40078113593750003 0.5598622 0.38907234218750003 0.49890962656250004 0.30043168750000004 0.38761831875 0.3405079890625 0.3856687203125 0.348067028125 0.4010000734375 0.36916178906249997 0.40078158437500006 0.3618424890625 0.47958364531250003 0.33481238750000003 0.5192225796875001 0.397111246875
0 0.36691765 0.346426521875 0.2744571984375 0.377414740625 0.2724490640625 0.3905511546875 0.295083684375 0.40670237499999995 0.29825844687499997 0.394956296875 0.3620863484375 0.3721986203125 0.3912520828125 0.4069569890625 0.39878948593749997 0.37970395468749996 0.36691765 0.346426521875
0 0.322391196875 0.5216002093750001 0.3659770453125 0.5486023 0.420365659375 0.5404780062500001 0.42150022031249995 0.5324182375000001 0.381989559375 0.50791979375 0.321597409375 0.5159482671875 0.322391196875 0.5216002093750001
0 0.260107984375 0.5316103484375 0.30853073593749997 0.5573179234375 0.35524845781250003 0.5485225140625001 0.35577043750000004 0.5425562640625 0.31036809375 0.5166835203125 0.2620202984375 0.5244774703124999 0.260107984375 0.5316103484375
0 0.24482956250000001 0.48046063281249995 0.30536601874999997 0.514957625 0.35828973125 0.508852284375 0.3631318515625 0.4976815046875 0.3042094359375 0.45946091562499997 0.245649815625 0.471085096875 0.24482956250000001 0.48046063281249995
0 0.1812839 0.49508397187500003 0.243120090625 0.5245416046875 0.295766778125 0.5166943374999999 0.294605365625 0.5054277390624999 0.2350864 0.47402572187500003 0.1819177328125 0.4878392390625 0.1812839 0.49508397187500003
0 0.13824611250000002 0.4127343078125 0.13418174375 0.4248319796875 0.2228395921875 0.471665996875 0.2830878203125 0.4554659015625 0.28668874375 0.44375710625 0.2063889390625 0.3946483640625 0.13824611250000002 0.4127343078125
0 0.0701886734375 0.444569246875 0.15623623749999999 0.4868806671875 0.2058464828125 0.47447351875 0.20840866249999998 0.464820959375 0.12432673125 0.41967555 0.07143508750000001 0.43523099531250004 0.0701886734375 0.444569246875
0 0.5977984953125 0.566964465625 0.6586881578125 0.564145540625 0.6728282484375 0.585295278125 0.6759832343750001 0.5768218093749999 0.6612967046875 0.5550208515625 0.59666815625 0.5626416812499999 0.5977984953125 0.566964465625
0 0.5248911125 0.5726541625 0.5809901375 0.5694161109375 0.596043403125 0.5870252609375 0.5965036546875 0.578316034375 0.582060484375 0.564079034375 0.5240077984375 0.5689564015624999 0.5248911125 0.5726541625
0 0.46392286406250005 0.5763713312500001 0.4629049078125 0.5811095796875 0.4887520375 0.5960425890625001 0.5221329953125 0.59383403125 0.5214516421875001 0.577482259375 0.512394275 0.5706557109375 0.46392286406250005 0.5763713312500001
0 0.52096153125 0.593429834375 0.4956909703125 0.596046253125 0.49635345781250007 0.5988195734375 0.5182296078124999 0.6143102875 0.52096153125 0.593429834375
0 0.47429054375 0.6165002515625 0.49403333125 0.6287872546875 0.5330245828125 0.627974653125 0.5169533609375 0.6151037515625 0.5175409265625001 0.611836384375 0.47237800781250006 0.6142209796875 0.47429054375 0.6165002515625
0 0.44466706718750004 0.6033488 0.46819746562500003 0.6171740031249999 0.50622681875 0.6135618875 0.509172240625 0.6074837390625001 0.48820559843750005 0.59539136875 0.44614161093750004 0.596840259375 0.44466706718750004 0.6033488
0 0.4062332484375 0.5839958234375 0.4353215515625 0.5998158140625 0.4735455359375 0.5974275515625 0.47781959531249996 0.5899571109374999 0.4533011 0.5736318078125 0.408059596875 0.5769146484375 0.4062332484375 0.5839958234375