0 0.9943263265625 0.431570440625 0.9922458453124999 0.4202191 0.96355118125 0.43007373906249996 0.8573644437500001 0.395996603125 0.8544198875 0.40611354375 0.9692294265625 0.44286006875000006 0.9943263265625 0.431570440625
0 0.8563614921875 0.388860225 0.861157646875 0.371205725 0.8236833125 0.3876309765625 0.7576300234375 0.362953275 0.753600221875 0.3722524265625 0.8337102468750001 0.40029129374999994 0.8563614921875 0.388860225
0 0.7497504328125 0.36212005625 0.7538419453125 0.325643521875 0.7459700687499999 0.32141313125000004 0.6853172953125 0.3420662109375 0.683465696875 0.34960376875 0.740903896875 0.36821491093750003 0.7497504328125 0.36212005625
0 0.7571651671875 0.3113564421875 0.7620368890625 0.2941844734375 0.7407817750000001 0.2902700265625 0.6947859390625 0.304019403125 0.693639653125 0.31223243749999996 0.7425825140625 0.324908665625 0.7545677296875 0.32015685 0.7571651671875 0.3113564421875
0 0.7252337234375 0.32696345312499997 0.7260040109375 0.3188032625 0.678512303125 0.30553966093749996 0.6267118593750001 0.321638525 0.6248664203125001 0.330333246875 0.6760591765624999 0.34537724999999997 0.7252337234375 0.32696345312499997
0 0.6536881984375 0.4747817453125 0.6689037421874999 0.484512975 0.6666806671875001 0.5179614734375 0.7234584453124999 0.5559767124999999 0.8260060328125001 0.50793395625 0.8303263624999999 0.4964462765625 0.8018352312499999 0.476711171875 0.7980601875 0.4920787640625 0.721998228125 0.5279915500000001 0.6630996031249999 0.478404740625 0.66097875625 0.46683317031250005 0.6536881984375 0.4747817453125
0 0.487531059375 0.53473165 0.488401421875 0.54796266875 0.5616190234375 0.6360916624999999 0.6884999359374999 0.5781996953124999 0.6887437359375 0.5623392515625001 0.6651706546875 0.5424075296875001 0.6645257546875001 0.551894959375 0.5762709140625 0.5890267734375 0.5250796765625 0.5309382406250001 0.52607324375 0.5204126734375001 0.487531059375 0.53473165
0 0.353697803125 0.7261449640625 0.5191366296875 0.6470078546875 0.5197212343750001 0.6335723546875001 0.45973465156250004 0.5445729984375001 0.4740352875 0.621694075 0.3610984546875 0.6697132406249999 0.3339154671875 0.5924243875 0.319281915625 0.600910384375 0.353697803125 0.7261449640625
0 0.4970971265625 0.50074573125 0.463181978125 0.46001192656249995 0.4366360546875 0.46819382656249997 0.4384082328125 0.480803534375 0.483318209375 0.5293889109375 0.52082225625 0.5147212671875 0.5220517609375 0.4917983375 0.4970971265625 0.50074573125
0 0.5392911218750001 0.40332064843750004 0.5726950484375 0.39466948749999997 0.5714235859375 0.37506545468749997 0.54229541875 0.36135470000000003 0.474790228125 0.380733296875 0.4752594890625 0.3875913 0.49565785937499995 0.40252895000000005 0.5305167546875 0.39367330625 0.5392911218750001 0.40332064843750004
0 0.5353692546875 0.361338971875 0.5348239687499999 0.3574590625 0.5045292046875 0.3389665796875 0.4416012578125 0.355723615625 0.44275999062500004 0.36396842500000004 0.4717361109375 0.383635365625 0.5353692546875 0.361338971875
0 0.455668571875 0.41358932656249997 0.47853906718749994 0.40740767968749997 0.45067711250000003 0.3851113109375 0.3765865609375 0.4068991265625 0.377601109375 0.41763703906250005 0.401014278125 0.4469880296875 0.4591683609375 0.4279345078125 0.455668571875 0.41358932656249997
0 0.44646426093749997 0.3797685703125 0.424073503125 0.3576924125 0.3582959234375 0.3788064828125 0.3563402390625 0.386005290625 0.3760255484375 0.4099453796875 0.4494947890625 0.3872557484375 0.44646426093749997 0.3797685703125
0 0.37415900468749996 0.4388926578125 0.353383125 0.407192746875 0.26728845 0.438580721875 0.278962275 0.48293490937500005 0.2981573421875 0.4787535140625 0.295286728125 0.46184706875000003 0.37415900468749996 0.4388926578125
0 0.25802384375 0.4008118953125 0.268462909375 0.439899365625 0.3512229609375 0.4129365890625 0.33501646093750004 0.3820781984375 0.25802384375 0.4008118953125