0 0.2897100125 0.4453122734375 0.3686733296875 0.4293061953125 0.3676062578125 0.42023608437500004 0.292377690625 0.4378427703125 0.273437165625 0.4141004203125 0.2707694859375 0.4229037640625 0.2897100125 0.4453122734375
0 0.3806778890625 0.426371746875 0.446036040625 0.4143671890625 0.44710311249999996 0.40423000625 0.38708031875 0.417835171875 0.3598699875 0.39756080625 0.3601367546875 0.40716445312499994 0.3806778890625 0.426371746875
0 0.44662144687499994 0.35260485468749997 0.4463546796875 0.35447223125 0.4471549828125 0.3592740546875 0.49250553750000003 0.34967040781250003 0.4909049296875 0.3432679765625 0.4674293484375 0.33526493749999997 0.42608031406249997 0.342467671875 0.44662144687499994 0.35260485468749997
0 0.5111537 0.39509842812499996 0.5114204671875 0.386828621875 0.4786080078125 0.374023759375 0.44659585156250003 0.380159421875 0.4476629234375 0.40070055625 0.4569998015625 0.407903290625 0.5111537 0.39509842812499996
0 0.4474692546875 0.3788131609375 0.4722786765625 0.3740113375 0.4722786765625 0.3702765859375 0.44720248749999997 0.360139403125 0.4474692546875 0.3788131609375
0 0.482729415625 0.3755169375 0.529680578125 0.36484621875 0.5286135062499999 0.3584437875 0.5000693328125 0.34723953281250003 0.45365170624999995 0.357376715625 0.45685292187500004 0.36217853906249997 0.4811288078125 0.3717821859375 0.482729415625 0.3755169375
0 0.526541471875 0.3949369078125 0.5772273859375 0.3829323484375 0.5769606171875 0.3775969890625 0.5385460296875 0.36319151875 0.493195475 0.37172809375 0.493195475 0.3786640609375 0.526541471875 0.3949369078125
0 0.683977859375 0.449136396875 0.6849307390625 0.44087810625 0.6245817015624999 0.41642086562499997 0.5699499421875001 0.43134931249999997 0.566773678125 0.44056048125 0.6271227140625 0.4678763609375 0.683977859375 0.449136396875
0 0.7199594046875 0.523409484375 0.782531828125 0.49641123125000003 0.78316708125 0.48370617187500003 0.7031252 0.44972013437499997 0.6402351515625 0.471953990625 0.64118803125 0.481165159375 0.7199594046875 0.523409484375
0 0.8604643828125 0.59322541875 0.916049021875 0.5560631171875 0.9208134187500001 0.54049941875 0.8045621171875 0.492537815625 0.7407191890625 0.523982840625 0.7400839359375 0.5341468890625001 0.8604643828125 0.59322541875
0 0.7446491875000001 0.4296982296875 0.7440139343750001 0.41953418124999997 0.683982525 0.39857083125 0.6382443078125 0.41159351875 0.6366561749999999 0.41953418124999997 0.6960523328125 0.443991421875 0.7446491875000001 0.4296982296875
0 0.793371540625 0.49026581093750005 0.8413331421875 0.46898483437499994 0.8454622875 0.457232653125 0.765738034375 0.4273757625 0.7107886484375 0.4470686046875 0.7149177921875001 0.4569150265625 0.793371540625 0.49026581093750005
0 0.9264891625 0.5463422625 0.9703216203125 0.51330910625 0.9760388984375 0.5025098046875 0.8594699703125 0.46471225 0.8127788734375001 0.49171050312500003 0.8156375109375 0.498380659375 0.9264891625 0.5463422625
0 0.6785630874999999 0.6886462109375 0.7778031828125 0.6277369453125 0.7783282625 0.60935915 0.746298390625 0.58835595625 0.7431479109375 0.613034709375 0.6790881671875 0.6524156999999999 0.6473399546875 0.626214228125 0.6444328968749999 0.6350880640625001 0.641807496875 0.6539909390624999 0.6785630874999999 0.6886462109375
0 0.3267254484375 0.4977092265625 0.3600063546875 0.5481673734375 0.3875615125 0.5420837671875 0.388635090625 0.5195386375 0.367521396875 0.5231172296875 0.342471253125 0.4816055625 0.328872603125 0.487331309375 0.3267254484375 0.4977092265625
0 0.3710999890625 0.565344615625 0.42191599531249996 0.6394214687499999 0.4866885109375 0.6118663109375 0.482752059375 0.5907526187500001 0.527484459375 0.569996784375 0.503150034375 0.545662359375 0.5035078921875 0.5682074890625 0.42406315 0.5993412390625 0.388635090625 0.55281954375 0.3914979640625 0.5460202187500001 0.369668553125 0.552103825 0.3710999890625 0.565344615625
0 0.438636275 0.6610178546875 0.4953274921875 0.7374068671875 0.5890121296874999 0.73931899375 0.653390290625 0.6970407984375 0.6572337625 0.681666909375 0.6384968343749999 0.6662930203124999 0.635133796875 0.6763821359375 0.551538275 0.7239451046875 0.4813949046875 0.6451539234375 0.484277509375 0.627387471875 0.44007757812500004 0.6461243999999999 0.438636275 0.6610178546875