0 0.287436140625 0.6150548734375 0.29089418437500003 0.6253209703125 0.303720465625 0.5990006718750001 0.37480871250000003 0.6003078734375 0.3766709328125 0.5940472375 0.3008260203125 0.5919309078125 0.287436140625 0.6150548734375
0 0.3780405375 0.6148982796875 0.37802045156249997 0.6241298078125 0.4028414578125 0.602285934375 0.4615203734375 0.606110809375 0.46050667343749996 0.5947545703125 0.39426928437500003 0.5929216 0.3780405375 0.6148982796875
0 0.46860944375 0.5995876796874999 0.46191489375000006 0.6083482421874999 0.46651866249999996 0.626981159375 0.5013764234375 0.6284149265625001 0.528754496875 0.6061201734375 0.5288494703125 0.5991824375 0.46860944375 0.5995876796874999
0 0.491302434375 0.625689540625 0.4651625828125 0.627131409375 0.46895405312499994 0.648633909375 0.4917632765625 0.632294784375 0.491302434375 0.625689540625
0 0.4545971875 0.6640105375 0.45358273281250006 0.66823650625 0.49593437187499995 0.6669273921875 0.51710711875 0.65228450625 0.5167563359375 0.6482992656250001 0.47083125625 0.6483029078125 0.4545971875 0.6640105375
0 0.5019728875 0.6273272624999999 0.4788928453125 0.6421304953125 0.4791430484375 0.64754115625 0.523742871875 0.6490029171875 0.5501156453125 0.6329152453125 0.5500060062500001 0.6273038390625 0.5019728875 0.6273272624999999
0 0.53747199375 0.6001284984375 0.51080736875 0.6215464515625 0.5121717734375 0.6272885296874999 0.5599839484375 0.6280079078125 0.5906437046875 0.607293190625 0.5886770625 0.6011294203124999 0.53747199375 0.6001284984375
0 0.573703778125 0.54811748125 0.5755868359375 0.5555394234375 0.6326002671875 0.5612815531249999 0.687031015625 0.5246886203125001 0.6803639296874999 0.517823046875 0.6178129734375 0.5116214109375 0.573703778125 0.54811748125
0 0.6929621125 0.5224940703125001 0.6444792828125 0.5537304609375 0.644167109375 0.560103559375 0.6972320843750001 0.5662547250000001 0.74684515625 0.5365421484375 0.7459450078125001 0.529808446875 0.6929621125 0.5224940703125001
0 0.6380652328124999 0.49455272812500006 0.6363436140625 0.5043333796875 0.7009256390624999 0.5139102796875 0.76854595 0.47068390468750004 0.770136378125 0.461787940625 0.7019348921875 0.443084984375 0.6380652328124999 0.49455272812500006
0 0.7242189015625 0.4245093125 0.7256754203125 0.43602704374999995 0.7945812921875001 0.45546735156249996 0.887992065625 0.3907495515625 0.8834886 0.37661005 0.8156813640625 0.350370784375 0.7242189015625 0.4245093125
0 0.8083565234375 0.443166446875 0.807092884375 0.453672553125 0.8594620671875 0.46967926093749995 0.9570838296874999 0.4153837359375 0.9519475890625 0.40569448750000003 0.9022991109375 0.38391059375 0.8083565234375 0.443166446875
0 0.7144444984375 0.506057815625 0.712405621875 0.518238465625 0.7657788328125 0.5248351234374999 0.8375353078125001 0.48484613125 0.834249146875 0.474589525 0.7778418859375 0.46335610000000005 0.7144444984375 0.506057815625
0 0.32805996406250004 0.5311459953125001 0.3296914765625 0.54039876875 0.344982921875 0.5395197031250001 0.3645559828125 0.501086784375 0.385574259375 0.506921146875 0.3807052578125 0.48188416875 0.352610634375 0.4822949375 0.32805996406250004 0.5311459953125001
0 0.4612653265625 0.42088560625 0.45815875781250004 0.3955378625 0.3925890484375 0.3843842078125 0.354816903125 0.45873624062499996 0.357355171875 0.47055497187500006 0.378347909375 0.4736679953125 0.4028475046875 0.4193742546875 0.4835266609375 0.43376970156250005 0.4875665984375 0.45668132968749997 0.5054016906250001 0.42900392812500004 0.4612653265625 0.42088560625
0 0.6146354390625001 0.30388947499999996 0.6083403078125 0.28364703593749996 0.51926620625 0.252559553125 0.4485613546875 0.2663896484375 0.40521453281250003 0.358079709375 0.40930769843750003 0.370987190625 0.45834182968750004 0.38369359375 0.45106225312500003 0.3604445875 0.49961760625 0.27510503750000004 0.5896250765625 0.3037564046875 0.5989533890625001 0.318012328125 0.6146354390625001 0.30388947499999996
0 0.7411590890624999 0.343820040625 0.7385431296875 0.3315607 0.6355526375 0.2911150640625 0.6010755109375 0.340353503125 0.614498065625 0.35979349374999997 0.6376459953125 0.333905140625 0.71415214375 0.350399321875 0.7185294609375 0.3700713109375 0.7411590890624999 0.343820040625