0 0.1132082453125 0.53465850625 0.1945754625 0.5130182890625 0.1937098546875 0.5086902453125 0.1146509265625 0.528022171875 0.093010709375 0.5058048828125 0.0918565640625 0.5135953609375 0.1132082453125 0.53465850625
0 0.2201683921875 0.5086585765625 0.281626609375 0.49105786562500003 0.28191514687499997 0.4858642140625 0.2201683921875 0.4974056625 0.2002593921875 0.48759543125000004 0.2002593921875 0.49827127187500003 0.2201683921875 0.5086585765625
0 0.28088667031250003 0.43797833593749996 0.282040815625 0.44201784218749995 0.28694593125 0.445191740625 0.3284951484375 0.4333617546875 0.3273410046875 0.428168103125 0.30396956875000003 0.4215317703125 0.2644401046875 0.43105346562499997 0.28088667031250003 0.43797833593749996
0 0.2959783546875 0.48312898437499996 0.349069021875 0.47072192656249995 0.3464721953125 0.46321998437499995 0.3158873546875 0.45340975156249996 0.28328276093750004 0.46293144843749995 0.28530251406249996 0.47591557812499996 0.2959783546875 0.48312898437499996
0 0.28426838593750003 0.46147686875 0.30821689375 0.45657175156249996 0.30735128437500003 0.4510895640625 0.2808059515625 0.44070225937499996 0.28426838593750003 0.46147686875
0 0.31788858124999997 0.45410202499999996 0.3600148703125 0.444580328125 0.3614575515625 0.43909814062499997 0.3323153921875 0.4287108359375 0.2936515375 0.4379439953125 0.29220885625 0.44400325625 0.31788858124999997 0.45410202499999996
0 0.3595299640625 0.46933661875 0.4051186890625 0.45606395156249996 0.40396454375 0.4497161546875 0.3716484859375 0.4413486046875 0.3309648765625 0.45058176406249995 0.32981073125 0.45894931406249995 0.3595299640625 0.46933661875
0 0.446085596875 0.517952153125 0.4960023640625 0.5017941234375 0.4954252921875 0.493426571875 0.448970959375 0.4761143984375 0.4007854078125 0.49429218124999996 0.3999197984375 0.5023711953125 0.446085596875 0.517952153125
0 0.5059751234375 0.49658829843749996 0.547524340625 0.47985319843749996 0.546081659375 0.47263979218749996 0.5013585421875 0.4596556609375 0.4638488328125 0.47263979218749996 0.459809325 0.481584415625 0.5059751234375 0.49658829843749996
0 0.524868159375 0.5503942203125 0.5724766390625 0.5255801046874999 0.571899565625 0.5149042640625 0.512172565625 0.497592090625 0.4645640875 0.516058409375 0.4645640875 0.5255801046874999 0.524868159375 0.5503942203125
0 0.5782473625 0.5161600749999999 0.6163341453125 0.496828146875 0.6157570734375 0.4893262046875 0.5594925078124999 0.4731681765625 0.523714015625 0.489903278125 0.5231369421875 0.499713509375 0.5782473625 0.5161600749999999
0 0.618053190625 0.582547753125 0.6613336265624999 0.5519629125 0.6624877703125 0.5421526796875 0.5866027421875 0.519646853125 0.54332230625 0.5435953609374999 0.5415910890625 0.5536941296875 0.618053190625 0.582547753125
0 0.6701278953124999 0.5447373343749999 0.7050407796875 0.51963468125 0.7067719968749999 0.5144410296874999 0.634060865625 0.49337788437499996 0.6008792 0.5121327390625 0.5988594453125 0.5216544359374999 0.6701278953124999 0.5447373343749999
0 0.1658438828125 0.5762729875 0.20306505625 0.6134941609375 0.2319186796875 0.6025297843749999 0.229321853125 0.5857946828125 0.207970171875 0.5921424796875 0.1808477671875 0.56328885625 0.165555346875 0.5687710453125 0.1658438828125 0.5762729875
0 0.2193082890625 0.6293758265625 0.2726874921875 0.67813845 0.32924059375 0.6495733625 0.32491254999999997 0.6238936374999999 0.2770155359375 0.6420714203125 0.238928753125 0.6137948703125 0.2392172890625 0.6071585359375 0.2198853625 0.6149490140625 0.2193082890625 0.6293758265625
0 0.2929093734375 0.6842223359374999 0.3327273734375 0.7156727859375 0.360138315625 0.7399098296875 0.39072315625 0.7407754375 0.476706953125 0.678163075 0.47353305468749995 0.6695069874999999 0.4605489234375 0.6585426109375 0.391300228125 0.7104791328125 0.3324388359375 0.6669101625 0.3341700546875 0.6495979875 0.2926208359375 0.6700840609375 0.2929093734375 0.6842223359374999
0 0.4925642734375 0.6675642749999999 0.5667180859375 0.617070434375 0.5661410124999999 0.6066831296874999 0.5430581140624999 0.594276071875 0.5430581140624999 0.608414346875 0.4940069546875 0.6424616234375 0.45765138906249997 0.622841159375 0.45707431718749997 0.645635521875 0.4925642734375 0.6675642749999999