0 0.041360104687499996 0.5318257671875 0.0423022890625 0.5406057171875001 0.0792390421875 0.516420521875 0.1798248234375 0.5484833703125 0.18470408124999999 0.540900471875 0.08084573125 0.508050209375 0.041360104687499996 0.5318257671875
0 0.17964004375 0.5590693796874999 0.17612535 0.5721532859375 0.20665261875000002 0.5595408859375001 0.2792900140625 0.5819872453125 0.27976974062500004 0.575422990625 0.2024633515625 0.54851338125 0.17964004375 0.5590693796874999
0 0.28343072812500003 0.5839894218749999 0.27715025781249997 0.6099630046875 0.3097474609375 0.6183014578125 0.3521102390625 0.6076641828125 0.3519877859375 0.5987826546874999 0.292384884375 0.5797060218750001 0.28343072812500003 0.5839894218749999
0 0.2981210203125 0.6167111125 0.2760455140625 0.609666240625 0.2735212984375 0.627103478125 0.29636464375 0.6219525921875 0.2981210203125 0.6167111125
0 0.2542709828125 0.6489659390625 0.279422059375 0.654677090625 0.31060666718749996 0.648561878125 0.312085646875 0.6433155562499999 0.27366311875 0.634875421875 0.26932301875000003 0.6450664609375 0.2542709828125 0.6489659390625
0 0.2732911359375 0.62613024375 0.272112453125 0.6340821046875 0.3201126734375 0.644452209375 0.3559193609375 0.63849129375 0.35621056875 0.6317371374999999 0.3075717421875 0.6182362390625 0.2732911359375 0.62613024375
0 0.322171028125 0.6158913640625 0.323265909375 0.6226697125 0.36947908125 0.636128271875 0.4115745765625 0.62733079375 0.412589071875 0.6188561265625 0.365883334375 0.60382914375 0.322171028125 0.6158913640625
0 0.5100236390624999 0.5548249859375 0.496641196875 0.559207740625 0.45190262031249995 0.5709181171875 0.4411102734375 0.5669280390625 0.43105177499999997 0.5675671171875 0.42958071562500005 0.5740586359375001 0.4788374734375 0.59908635 0.54264035 0.5841785921875 0.5427919812499999 0.5754916453125001 0.5100236390624999 0.5548249859375
0 0.49055794375 0.5965754328124999 0.49046317500000003 0.6020047749999999 0.5281463546875 0.6211279265625 0.5870059609375 0.6093924828125 0.587986209375 0.5999053484375 0.5516603640625 0.580805890625 0.49055794375 0.5965754328124999
0 0.6128500671875 0.5289217453124999 0.5874709484375 0.5360821453125 0.57868311875 0.526152959375 0.51783795 0.5427416421875 0.5179388312500001 0.552519196875 0.5628047328125 0.5801857671875 0.6413142171875 0.5628192171874999 0.6414658484375 0.55413226875 0.6128500671875 0.5289217453124999
0 0.5720630453125 0.578718071875 0.5735828640625 0.584990246875 0.6041273421875 0.6086051375 0.6774647375 0.591962959375 0.67705921875 0.584080934375 0.6446429 0.558804071875 0.5720630453125 0.578718071875
0 0.6787711828125 0.5015596703125 0.6785769046875 0.512689821875 0.630575984375 0.5246148046875 0.66635553125 0.5594546171875 0.763943528125 0.5380762859375 0.763294975 0.528560721875 0.7349919328125 0.48543336718749996 0.6787711828125 0.5015596703125
0 0.6740371625 0.5549723531249999 0.6760288390625 0.5653260109375 0.703044246875 0.5888793015625 0.788588184375 0.5729932875 0.7897735609375001 0.5673114328125 0.7699868828125 0.5341085265625 0.6740371625 0.5549723531249999
0 0.162906271875 0.4525398140625 0.15981280312499999 0.465964615625 0.181684115625 0.47655759062499997 0.2350278796875 0.43909455937499997 0.2657754109375 0.4559691953125 0.27280750625 0.4275005515625 0.2282197234375 0.40793364375 0.162906271875 0.4525398140625
0 0.451237965625 0.4310235171875 0.42791866718750005 0.4097856078125 0.43318917656249994 0.38863828906250003 0.35016491250000004 0.32469648906250004 0.25184343125 0.388332025 0.24867868906249999 0.40584006562499997 0.27821550156249997 0.42187667187500005 0.27842932187499997 0.4096269515625 0.34400854999999997 0.3731943890625 0.42186001875 0.4292853765625 0.4187166578125 0.445568446875 0.451237965625 0.4310235171875
0 0.6261236171875 0.358145371875 0.6258778296874999 0.3446759578125 0.5691503328125 0.260971453125 0.452758303125 0.26182520625 0.3811816578125 0.31251273125 0.38195015312499997 0.3235867828125 0.43447433281250003 0.372593315625 0.4340750640625 0.3403662328125 0.5399948015625 0.2782557390625 0.6040426484375 0.35583635625 0.6022731265625 0.37456046249999997 0.6261236171875 0.358145371875
0 0.692010553125 0.4405670609375 0.6424104015625 0.3617959375 0.6055209015624999 0.3813497125 0.6084833625 0.4044844890625 0.6341309828125 0.395314225 0.6687415109375 0.451221534375 0.6675702218749999 0.463223521875 0.694145778125 0.45599304375000005 0.692010553125 0.4405670609375