0 0.2085914640625 0.5306163328125 0.281632125 0.5103538109375 0.2792889953125 0.50163120625 0.20875897499999999 0.5192938828125 0.191277384375 0.5009765796875 0.188881434375 0.5101470499999999 0.2085914640625 0.5306163328125
0 0.2976171953125 0.5056930390625001 0.358348621875 0.49148771093750004 0.3567546765625 0.48384746874999995 0.29565184375000003 0.49769413125 0.277868934375 0.4830335484375 0.27876466875 0.492511709375 0.2976171953125 0.5056930390625001
0 0.3397420890625 0.43328315625 0.355413971875 0.4397580234375 0.356212634375 0.4425559265625 0.36076255156250003 0.44547580781249996 0.40128422500000005 0.436520425 0.401409475 0.432956571875 0.37915572656249996 0.42528439687499997 0.3397420890625 0.43328315625
0 0.3815465453125 0.45486074218750006 0.355860734375 0.4438742609375 0.3567827484375 0.4644783484375 0.38123716875 0.45861526562500005 0.3815465453125 0.45486074218750006
0 0.3583235171875 0.4775733875 0.35912544999999996 0.48055868906250004 0.3676761671875 0.487157859375 0.4193730953125 0.47407083281249995 0.41834451093749997 0.46884001406250003 0.3900154859375 0.456774934375 0.3577524546875 0.466335984375 0.3583235171875 0.4775733875
0 0.391172590625 0.45862929843750005 0.4331574765625 0.44758635937499996 0.4334537703125 0.4430822390625 0.40556169375 0.4345712 0.3682094484375 0.4425339765625 0.3675612546875 0.44835643437500006 0.391172590625 0.45862929843750005
0 0.4300090484375 0.47126079374999996 0.472763159375 0.46132916718750006 0.473789421875 0.4556875671875 0.440791775 0.4446412609375 0.4015949765625 0.45432334062499996 0.40152206562500004 0.4608855796875 0.4300090484375 0.47126079374999996
0 0.26380603593749996 0.5580505453125 0.249480215625 0.561825103125 0.24961859375 0.5697528125 0.28256755624999996 0.6064786390625 0.3085715046875 0.59868203125 0.305616303125 0.580817409375 0.29013650625 0.58578694375 0.2650573890625 0.5624343281249999 0.26380603593749996 0.5580505453125
0 0.30951898906249997 0.6024837015625 0.2925864734375 0.6083597171874999 0.292193990625 0.619527484375 0.34036352187499996 0.67008563125 0.395442346875 0.6453338546875 0.3905768015625 0.6189850375 0.3436270515625 0.638308171875 0.308720134375 0.607196978125 0.30951898906249997 0.6024837015625
0 0.521340353125 0.67309454375 0.4486685375 0.7163633218750001 0.39406501875 0.66738601875 0.3952819796875 0.6529730703125 0.356548434375 0.6718590812499999 0.3570983109375 0.6865348984375 0.415338009375 0.7419103140625001 0.460251440625 0.7405389296875 0.5365865453125 0.6883949609375 0.5360725453125 0.6757744765625 0.5202903671875 0.6634204968749999 0.521340353125 0.67309454375
0 0.5184803734375001 0.6270322625 0.518885259375 0.6502281515624999 0.5563424953125 0.6760080796875 0.6315595015625 0.6271144171875 0.6319314828125 0.6147721749999999 0.606465009375 0.6028809468749999 0.6069943828125 0.6163822875 0.5564479703125 0.6483976578124999 0.5184803734375001 0.6270322625
0 0.5125656625 0.523750184375 0.5633683328125 0.50641575625 0.5632402046875 0.4990752859375 0.5156446875 0.4814024453125 0.46718584375 0.4984022546875 0.469353928125 0.50482599375 0.5125656625 0.523750184375
0 0.573310371875 0.5038925515625 0.6135478890625 0.48703624687499997 0.615464840625 0.47907266249999997 0.5688321843749999 0.4660823484375 0.527363815625 0.479729346875 0.52720345 0.48736856093750003 0.573310371875 0.5038925515625
0 0.5892382078125 0.5582442734375 0.6395986296875 0.5324000234375 0.63916150625 0.5241838203125 0.5789096296875 0.5049696484374999 0.5298635484374999 0.5219797078124999 0.529146696875 0.5313908859375001 0.5892382078125 0.5582442734375
0 0.6477225796875 0.5266777609375 0.6876613515625001 0.5095329625 0.6869203609375 0.5007346484374999 0.627883959375 0.4838489265625 0.58880041875 0.4995102546875 0.5892836671875 0.5103690265624999 0.6477225796875 0.5266777609375
0 0.744006084375 0.5573050390625001 0.781210034375 0.534921228125 0.782869246875 0.5290180999999999 0.7081275437500001 0.504182684375 0.671165959375 0.52362518125 0.6692746328125 0.533056859375 0.744006084375 0.5573050390625001
0 0.609873528125 0.562583415625 0.6891783921875 0.5964441375 0.7356141421875 0.5645005203125 0.73456928125 0.55512009375 0.6580402390625 0.5288473328125 0.60826193125 0.5543877125 0.609873528125 0.562583415625