0 0.5058416390625 0.37032249375 0.478652925 0.3576051921875 0.479091453125 0.3709802859375 0.50452605625 0.383039796875 0.544432071875 0.3652794265625 0.5446513359375 0.35935930312500003 0.5343459359375 0.3558510828125 0.5058416390625 0.37032249375
0 0.47755660625 0.3804086296875 0.4466404078125 0.39224887656249996 0.4187939015625 0.37426924375000004 0.409804084375 0.38018936718749996 0.40936555781250006 0.3869865453125 0.44642114375 0.40562397031249997 0.49422065625 0.38742507187499997 0.49378212968749996 0.3817242125 0.47821439843749997 0.37317292343749997 0.47755660625 0.3804086296875
0 0.40498028125 0.3679105921875 0.38415021718750003 0.35146580625 0.37143291562499997 0.356289609375 0.3712136515625 0.36199046875 0.40234911562500003 0.379970103125 0.4205480125 0.371638078125 0.419013165625 0.3641831078125 0.40498028125 0.3679105921875
0 0.3668283765625 0.3464227375 0.34577904843749996 0.33304764375 0.335035121875 0.3356788109375 0.3359121765625 0.341598934375 0.3628816265625 0.356289609375 0.383711690625 0.349053903125 0.38129978750000004 0.3413796703125 0.3668283765625 0.3464227375
0 0.304118921875 0.41154409375 0.3043381859375 0.41790274375 0.3374470234375 0.44574925 0.3968675203125 0.42206875625 0.3953326734375 0.41395599531249994 0.36156604375 0.39224887656249996 0.304118921875 0.41154409375
0 0.2218949890625 0.443118084375 0.2214564609375 0.449476734375 0.2510570765625 0.47951587812499996 0.3238526671875 0.45298495625 0.3214407640625 0.444214403125 0.2892089828125 0.4170256890625 0.2218949890625 0.443118084375
0 0.45256053124999995 0.4768847125 0.451683475 0.48412041875 0.50649943125 0.522053059375 0.5654814 0.48631305625000004 0.5648236078125 0.47951587812499996 0.5115424984375 0.44684556875 0.45256053124999995 0.4768847125
0 0.367266903125 0.5181063109374999 0.368143959375 0.525999809375 0.420109484375 0.5707296281249999 0.491589490625 0.5292887656249999 0.491589490625 0.5218337953125001 0.43523868906249996 0.48521673749999994 0.367266903125 0.5181063109374999
0 0.522505690625 0.526219071875 0.523602009375 0.53191993125 0.59245085 0.57950018125 0.6485823890625 0.5367437359375 0.649020915625 0.528192446875 0.58104913125 0.4880671671875 0.522505690625 0.526219071875
0 0.43808911874999995 0.5790178015625 0.43786985468750006 0.5869112984375 0.5062801671875 0.6480859046874999 0.5779794375 0.5941908578125 0.5779794375 0.5834469296875 0.5100076515625 0.5352088890625 0.43808911874999995 0.5790178015625
0 0.66700055 0.5185448390625 0.6007828749999999 0.481489253125 0.601440665625 0.475349865625 0.59354716875 0.48236630781249995 0.5944242234375 0.48894422187500003 0.65976484375 0.5279731828124999 0.7001093859374999 0.49683772031249995 0.7005479140624999 0.49508360937500007 0.66700055 0.5185448390625
0 0.6830068078125 0.5349896249999999 0.6814719625000001 0.541567540625 0.7693967546875 0.5926560109375 0.8114954093750001 0.546829871875 0.812591728125 0.5393749015625 0.7746590859375 0.5777460703124999 0.69287368125 0.5325777234375 0.6830068078125 0.5349896249999999