0 0.1607801875 0.5258207703125 0.2415213296875 0.5072152015625 0.24117028125 0.50054528125 0.1674501078125 0.5187998015625 0.1435788140625 0.49843899062499997 0.1428767171875 0.5079172984375 0.1607801875 0.5258207703125
0 0.257318509375 0.5008963296875 0.322262471875 0.48685439218750004 0.3212093265625 0.4826418109375 0.260477946875 0.49492850625000007 0.2401171359375 0.4798334234375 0.2401171359375 0.49036487656250005 0.257318509375 0.5008963296875
0 0.31878772031249997 0.43250741093749995 0.32065509531249997 0.439176609375 0.32465661562500003 0.44131075312499995 0.3665391859375 0.43090680312499996 0.3668059546875 0.426371746875 0.343597140625 0.41890224375 0.303048409375 0.42743881874999995 0.31878772031249997 0.43250741093749995
0 0.33016733125000003 0.4800895984375 0.3838383671875 0.469837828125 0.38353684375 0.46169671562500003 0.353987621875 0.4502388546875 0.32172469531250003 0.45928453437499994 0.3229307859375 0.47496371406250004 0.33016733125000003 0.4800895984375
0 0.3219889359375 0.45918420624999995 0.347065125 0.453848846875 0.345731284375 0.4495805609375 0.3198547921875 0.43997691406249995 0.3219889359375 0.45918420624999995
0 0.3551937125 0.4526510359375 0.4001205921875 0.4427007875 0.39951754687499996 0.43697185625 0.3720789828125 0.4291322671875 0.33167494375 0.43787642499999996 0.332881034375 0.4445099234375 0.3551937125 0.4526510359375
0 0.3955977515625 0.4680286921875 0.440826153125 0.455967784375 0.4405246296875 0.44782667343749993 0.4088647484375 0.4384794703125 0.366651575 0.44933428593749997 0.366651575 0.4565708296875 0.3955977515625 0.4680286921875
0 0.480627146875 0.520192115625 0.5309814328125 0.5008946640625 0.5309814328125 0.49215050624999995 0.48243628281250006 0.477074371875 0.4357002671875 0.493356596875 0.43600179062500005 0.5002916187500001 0.480627146875 0.520192115625
0 0.539725590625 0.49697486875 0.5792250609375 0.48129568906250003 0.579526584375 0.4761698046875 0.5336951375 0.46169671562500003 0.49540175781249995 0.4737576234375 0.49630632500000005 0.48129568906250003 0.539725590625 0.49697486875
0 0.6120910328125 0.5210966828125 0.6503844125 0.5017992312499999 0.6503844125 0.4936581203125 0.5946027171875 0.477978940625 0.55721390625 0.49426116562500005 0.5569123828125 0.5027038 0.6120910328125 0.5210966828125
0 0.556007815625 0.5506459046875001 0.603045353125 0.5271271359374999 0.603045353125 0.5171768890624999 0.546962134375 0.4987840046875 0.497512415625 0.5165738421875 0.49932155156249997 0.5259210453125001 0.556007815625 0.5506459046875001
0 0.65279659375 0.589843853125 0.6959143375 0.5578824499999999 0.6974219500000001 0.5458215421875 0.624151940625 0.5232073421875 0.574702221875 0.5470276328125 0.5744006984375 0.5578824499999999 0.65279659375 0.589843853125
0 0.709181334375 0.55124895 0.7411427390625 0.5271271359374999 0.74204730625 0.518986025 0.6699833875000001 0.4984824828125 0.636212846875 0.5183829796875 0.6350067562499999 0.5268256140625 0.709181334375 0.55124895
0 0.2089552140625 0.56994335625 0.24513793593750002 0.606126078125 0.2719734546875 0.597080396875 0.26835518125 0.5771799015625 0.2532790484375 0.5832103546875 0.2240313484375 0.5596915859375 0.2249359171875 0.5551687453125 0.2089552140625 0.5599931078125 0.2089552140625 0.56994335625
0 0.2544851390625 0.619393075 0.3051409484375 0.66884279375 0.3615256890625 0.64291184375 0.3591135078125 0.6151717578125 0.309362265625 0.6365798687499999 0.27498868125000003 0.606126078125 0.272878021875 0.600095625 0.25538970625 0.6064276000000001 0.2544851390625 0.619393075
0 0.3244384 0.66733518125 0.3229307859375 0.684823496875 0.3883612078125 0.740002146875 0.42273479218750004 0.7378914875 0.506558096875 0.6830143609375 0.50685961875 0.669445840625 0.48906978125 0.65919406875 0.48816521249999995 0.6670336578125 0.41760890625 0.709849878125 0.3618272109375 0.6622092953125 0.360018075 0.649846865625 0.3244384 0.66733518125
0 0.5252525015625 0.66733518125 0.5985225125 0.6184885078125 0.5985225125 0.6094428265625 0.572893084375 0.5940651703125 0.573797653125 0.6091413046875 0.5249509796875 0.6432133671875 0.4899743484375 0.6257250515624999 0.4884667359375 0.642610321875 0.5252525015625 0.66733518125