0 0.27517996718750004 0.42808260625 0.243630971875 0.46393384062500004 0.2416435859375 0.4721222890625 0.25542555 0.4761876765625 0.27974066249999996 0.44708429375 0.29880310468750004 0.45356337968749993 0.300756509375 0.4444018328125 0.2981574578125 0.4350745 0.27517996718750004 0.42808260625
0 0.3319605375 0.3614721765625 0.2866831265625 0.41339138750000004 0.2838359125 0.42485747968750004 0.300895521875 0.4297826953125 0.3346471171875 0.3919059734375 0.381990184375 0.40843938125 0.3841093765625 0.3947253796875 0.3834905046875 0.3863031828125 0.3319605375 0.3614721765625
0 0.5246870484375 0.33765954374999996 0.41942759843750005 0.27151148593749996 0.347378746875 0.3472937625 0.34745082968749996 0.3586579109375 0.38737878124999997 0.37674930624999997 0.38520645 0.361041740625 0.4377218625 0.31179263125 0.5123920234375 0.3575746078125 0.5256642671875 0.3470435140625 0.5246870484375 0.33765954374999996
0 0.51072550625 0.3935514640625 0.5440250515625 0.37062957500000004 0.5957815609375 0.4019479078125 0.5961440296875 0.4123276296875 0.6207917484375 0.40204881718749996 0.62101005 0.38970024375 0.5470226046875 0.3448687109375 0.509095434375 0.3747722015625 0.51072550625 0.3935514640625
0 0.6022483000000001 0.4569316 0.6015130703125 0.46377727343749997 0.6513192625 0.48574561875000005 0.7266165203125 0.4564857078125 0.72499056875 0.4471243921875 0.6775640921874999 0.41890247187499996 0.6022483000000001 0.4569316
0 0.6638336218750001 0.48141146562500003 0.662517625 0.49022599062500005 0.7027359578125 0.5073329625 0.77530648125 0.483689221875 0.7762981140625 0.47488602343749997 0.7378447421875001 0.45252122968749997 0.6638336218750001 0.48141146562500003
0 0.5839200671875 0.517977340625 0.62635233125 0.5333831906250001 0.6837682546875 0.51286675625 0.681874571875 0.5051386015625 0.6406944640625001 0.48838997656250005 0.5833578312500001 0.5111769765624999 0.5839200671875 0.517977340625
0 0.525110909375 0.4985967203125 0.5760106781250001 0.5146811625 0.63302294375 0.4919054921875 0.633041478125 0.483136275 0.5833032499999999 0.46311412812499997 0.526125196875 0.490442253125 0.525110909375 0.4985967203125
0 0.46407444218749994 0.5270338703124999 0.5135521468750001 0.5395955921875 0.5616520640625 0.5220025765625 0.5587513000000001 0.5133353031250001 0.509484690625 0.49751859062500003 0.4657487890625 0.519181115625 0.46407444218749994 0.5270338703124999
0 0.523743428125 0.543136846875 0.566341478125 0.553990240625 0.6109526546875 0.5387923859375 0.6106468234375 0.530034496875 0.5699496609375 0.517815675 0.5245013109375 0.53693990625 0.523743428125 0.543136846875
0 0.39801181093750004 0.5676549234375 0.3978047109375 0.5733418234375 0.4414791046875 0.58094471875 0.4725210125 0.5695156015625 0.47108610000000006 0.5632775062500001 0.42858484687500004 0.554416571875 0.39801181093750004 0.5676549234375
0 0.36507126875 0.582801559375 0.3638158046875 0.587510840625 0.40602248437500005 0.5937450734375 0.4320277359375 0.5833032203124999 0.4318862375 0.57925125625 0.38902931406249996 0.571822659375 0.36507126875 0.582801559375
0 0.3558720234375 0.5865711734375 0.35500760468750003 0.5908611109375 0.34148562031249996 0.5986357390625 0.37577681875 0.60474069375 0.39961716406250003 0.59620005 0.399070471875 0.5921622359375001 0.3643669984375 0.58586883125 0.3558720234375 0.5865711734375
0 0.35557680625 0.566499796875 0.3882330703125 0.57225615625 0.4151522640625 0.5589425546875 0.41512846718749996 0.5524523359375 0.3636421421875 0.5418767140625 0.35591318125 0.552897415625 0.35557680625 0.566499796875
0 0.27377085 0.5415667187500001 0.27423521875 0.549055778125 0.29522246406249997 0.5343265625 0.352982259375 0.5444802625 0.35402805000000004 0.5395754578124999 0.29374510468750004 0.5268728765625 0.27377085 0.5415667187500001
0 0.1862361890625 0.5326556234375001 0.20266722499999998 0.5152456796875 0.275148515625 0.52873935625 0.2766207296875 0.52442819375 0.20265050156250003 0.508958059375 0.18323001562500002 0.527892315625 0.18330333906250001 0.5358007203125 0.1863635375 0.5363023921875001 0.1862361890625 0.5326556234375001