0 0.5353229374999999 0.347434503125 0.5382748281249999 0.3347650484375 0.40394575625 0.2726598609375 0.364363390625 0.3827597359375 0.3969903265625 0.3937471953125 0.42666302656250005 0.3112869171875 0.5231926734375001 0.35525359375 0.5165808125 0.3711970609375 0.5353229374999999 0.347434503125
0 0.6483921296874999 0.4348548046875 0.6796185593749999 0.407970878125 0.683318578125 0.39678955781249997 0.57015363125 0.3442643734375 0.5045080203125 0.431616234375 0.523258859375 0.438107371875 0.5250847828125 0.4346081671875 0.5699371531249999 0.37635211874999996 0.6504589109375 0.41044105000000003 0.6483921296874999 0.4348548046875
0 0.5238061765625 0.45260274999999994 0.49243405625000003 0.4389768125 0.4507750203125 0.490178153125 0.4505097828125 0.4999195109375 0.46444217656250003 0.50395731875 0.494558309375 0.46716313906250007 0.5192135125 0.47484466718749996 0.5237098328124999 0.4609685703125 0.5238061765625 0.45260274999999994
0 0.41743363437500003 0.5456587468749999 0.43451931874999994 0.55054915625 0.45411404375000003 0.523633309375 0.459391 0.5261429375 0.4637665984375 0.50945946875 0.44404243593750004 0.5033142453125 0.4185033015625 0.5369470109375001 0.41743363437500003 0.5456587468749999
0 0.4471980734375 0.6102840375 0.44441507812500003 0.621577953125 0.4898803640625 0.6341417640625 0.513280165625 0.617932471875 0.5143016593749999 0.6134036468749999 0.45845948437499995 0.5981694390625 0.4471980734375 0.6102840375
0 0.5021957734375 0.63239593125 0.501230578125 0.6364662453125 0.544515896875 0.6478315390625 0.5792740390625 0.6376711265624999 0.5797162984375 0.6302786296875 0.527373328125 0.6168703453125 0.5021957734375 0.63239593125
0 0.4724893953125 0.646900021875 0.4714679015625 0.6514288484375 0.5177857859375 0.6608393687499999 0.540687028125 0.6524810875 0.54050188125 0.6464078296875 0.493033653125 0.6349943640625 0.4724893953125 0.646900021875
0 0.5508223875 0.5808285484375 0.6120541171875 0.5976553609375 0.6617417703124999 0.5758307359375 0.661089984375 0.5659767812500001 0.593945765625 0.5442351828125 0.552865378125 0.571770896875 0.5508223875 0.5808285484375
0 0.6065734984375 0.5442146765625 0.67784433125 0.566462959375 0.7426948125 0.5348644703125001 0.7430726484375 0.5242060890625 0.6674337578125 0.4958363765625 0.607643165625 0.535502940625 0.6065734984375 0.5442146765625
0 0.6845676140625 0.496543871875 0.76238646875 0.526112103125 0.8601447921875 0.4766792140625 0.8585759812499999 0.4667126625 0.773686165625 0.42650230312500004 0.6847121296875 0.4839951421875 0.6845676140625 0.496543871875
0 0.781402546875 0.5228618843749999 0.782392121875 0.5299647625 0.8512096234375001 0.557031490625 0.9540922609375 0.5189325640625 0.9521212359375 0.5084512015625 0.88013419375 0.473083078125 0.781402546875 0.5228618843749999
0 0.6897082828125 0.56281454375 0.6909796187499999 0.571401034375 0.7533315515625 0.591557121875 0.8240981312500001 0.5644896859374999 0.8222891875 0.5555464812500001 0.7582087921875 0.530526915625 0.6897082828125 0.56281454375
0 0.6278298062500001 0.5956245499999999 0.6270210406250001 0.60221141875 0.681886709375 0.6194133875000001 0.7342745921875 0.5999732359375 0.73575654375 0.590271290625 0.6771979499999999 0.5699995609374999 0.6278298062500001 0.5956245499999999