0 0.6298453078125 0.5519057968750001 0.6916729234375001 0.5416961015624999 0.7097993203125 0.5599404453125 0.7111337359375 0.55045518125 0.6949191781249999 0.5313112515625 0.6273850890625 0.5450515140625 0.6298453078125 0.5519057968750001
0 0.5570915078125 0.5672163734375 0.6119873796874999 0.5572487421875 0.631096984375 0.5718498484375 0.63072905 0.5613136 0.6150435078125 0.5493690015625 0.556066046875 0.561700028125 0.5570915078125 0.5672163734375
0 0.4968210015625 0.5743180078125001 0.49630871406250004 0.5834969531249999 0.5247389796874999 0.5947188890625 0.5564410265624999 0.5883372828125 0.554119 0.5695410375 0.545062403125 0.5645827546875 0.4968210015625 0.5743180078125001
0 0.5569762 0.5877633765625 0.533237515625 0.5916460375 0.5337181171875 0.5974590171874999 0.5573670203125001 0.60690466875 0.5569762 0.5877633765625
0 0.557911878125 0.6066080328125001 0.5534077859375001 0.604822065625 0.5140002828125 0.6131384015625 0.5136587593749999 0.619257696875 0.5327842046875 0.6263628421874999 0.57222075625 0.6188783156250001 0.558115209375 0.612430696875 0.557911878125 0.6066080328125001
0 0.48189157343750005 0.60787468125 0.506888096875 0.616162840625 0.544880203125 0.6070631093750001 0.5455474109375 0.6023204765625 0.5274826296875 0.5937902562499999 0.48304554375000003 0.601171796875 0.48189157343750005 0.60787468125
0 0.4425800125 0.5950894734375 0.47377329375 0.6059373156250001 0.512922890625 0.598185203125 0.5133964484375 0.587897178125 0.4894024984375 0.5765203203125 0.44150614218750006 0.5881867781250001 0.4425800125 0.5950894734375
0 0.3527919859375 0.542276421875 0.4015494015625 0.561017534375 0.4492022984375 0.5481294328125 0.450812675 0.536849175 0.404415534375 0.516823065625 0.3520700484375 0.5330818984375 0.3527919859375 0.542276421875
0 0.29304919375 0.5648064453125 0.3452141984375 0.5778165484375 0.3865310875 0.567153996875 0.3877271109375 0.5554873484375 0.3374940484375 0.540405490625 0.293956696875 0.5563567359375 0.29304919375 0.5648064453125
0 0.2676797234375 0.515585115625 0.3302035046875 0.5382549328125 0.3860824109375 0.5198684203124999 0.3860773265625 0.508243715625 0.325885859375 0.48348816250000004 0.26977435625 0.5066930921874999 0.2676797234375 0.515585115625
0 0.163246759375 0.4751376140625 0.24975586718749998 0.507392153125 0.304251909375 0.483842778125 0.30503358281250004 0.47178974218749997 0.2191434578125 0.43430243281249997 0.1613796375 0.46758651249999994 0.163246759375 0.4751376140625
0 0.23595264375 0.5138870437499999 0.235919596875 0.5014616000000001 0.150625578125 0.46956548593749997 0.10696748125 0.4935381078125 0.10265176406250001 0.5065294687499999 0.19046936875 0.5315096734375 0.23595264375 0.5138870437499999
0 0.21268544218750002 0.536345884375 0.2751812609375 0.5582149624999999 0.322377865625 0.5437393640625 0.324584346875 0.5380503 0.2603472375 0.5122334484375 0.2131785953125 0.5275097875 0.21268544218750002 0.536345884375
0 0.628681065625 0.4532722765625 0.602950634375 0.462588821875 0.6058421968750001 0.47651787656250005 0.6245337453124999 0.47225743124999997 0.646443509375 0.50275925 0.656727290625 0.49879241093750004 0.6586821109375001 0.485896690625 0.628681065625 0.4532722765625
0 0.5780692328125 0.392906690625 0.5269528203125 0.4099243203125 0.52827595 0.4363347421875 0.5778188484375 0.420173778125 0.6028248046875 0.45898549375000003 0.6198170046875 0.4519783859375 0.6202122890624999 0.4403397 0.5780692328125 0.392906690625
0 0.527110421875 0.391479346875 0.527241340625 0.40670737968750004 0.5626035203125 0.38623132187500003 0.5631246359375 0.3781959640625 0.49505413750000005 0.30000057812500003 0.3904572234375 0.358169871875 0.38883286875 0.3690497625 0.40529505937500004 0.3813023453125 0.40465700781249997 0.37451004062500004 0.477234509375 0.3407086546875 0.527110421875 0.391479346875
0 0.3663562359375 0.36823123125 0.286795778125 0.408690196875 0.28838836093750003 0.41985860625000004 0.3130816453125 0.4382374828125 0.3129227671875 0.422208709375 0.36489075937500004 0.39513989375 0.402205225 0.41909089843749997 0.4033122765625 0.39339732656250004 0.3663562359375 0.36823123125