0 0.3661573609375 0.5977487171875 0.340314946875 0.599850459375 0.339965065625 0.7152764265625 0.49196194374999996 0.6870736625 0.477172003125 0.6282670234375 0.47908269218750005 0.6618755671875001 0.3769973671875 0.67618755625 0.3661573609375 0.5977487171875
0 0.6263905390625 0.6384191234375 0.5354997234375001 0.656811246875 0.5102655578124999 0.5922726843749999 0.5096560984375 0.579497921875 0.49307000937499995 0.5822607015625 0.492082878125 0.5911228609375 0.5234419406249999 0.6862912375 0.656541 0.659756471875 0.6564233875000001 0.6505975484375 0.6286117453125 0.6065475859375 0.6263905390625 0.6384191234375
0 0.6788222390625 0.557557725 0.7701649765624999 0.5432195937500001 0.771737353125 0.5325099062499999 0.7122446953125 0.488176559375 0.6314225328124999 0.495078425 0.6312533046875 0.5047735265625 0.6788222390625 0.557557725
0 0.7896156234375 0.540095515625 0.871536984375 0.5297492453125 0.8738139546875001 0.5183591390625 0.8066734984374999 0.47562409531250005 0.729295740625 0.483625159375 0.7284400484375 0.4929619203125 0.7896156234375 0.540095515625
0 0.9092692671875 0.6301593109375 0.9965745640625 0.6129798328125 0.9979034312499999 0.5963777890624999 0.9026904968749999 0.5347957015625 0.8141089765625 0.5457184359375 0.8097061328124999 0.5598423109375 0.9092692671875 0.6301593109375
0 0.6942432375 0.570988546875 0.7655724625 0.6515498578125001 0.8770825312499999 0.632714721875 0.8814491109375 0.62066836875 0.7943752828124999 0.549183934375 0.6954270515625 0.562696590625 0.6942432375 0.570988546875
0 0.6225677593750001 0.49042119531250006 0.6989007109375 0.482748253125 0.6993859734375001 0.47479046093750005 0.660463046875 0.4425923734375 0.5900768453125 0.446905525 0.5899197046875 0.45590812031250005 0.6225677593750001 0.49042119531250006
0 0.7152229859375 0.4802622859375 0.7877471468749999 0.47252286093749996 0.7872057375 0.46385443125 0.7378710234375 0.43286004062499994 0.6751084484375001 0.436959903125 0.674909 0.448386275 0.7152229859375 0.4802622859375
0 0.5083779109375001 0.4094046859375 0.56856865 0.4065612890625 0.5669706234375 0.3989616734375 0.5480360046875 0.3806753703125 0.498871209375 0.383927559375 0.498716434375 0.39279458906250003 0.5083779109375001 0.4094046859375
0 0.5822124750000001 0.40571776875000004 0.6372165328125 0.4025675046875 0.638194859375 0.39609453437500003 0.6125558984375 0.37769120625 0.561880996875 0.3807007015625 0.5626177234374999 0.3880689484375 0.5822124750000001 0.40571776875000004
0 0.5553702765625 0.3818850640625 0.605403921875 0.37843170625 0.6063444984374999 0.3741214265625 0.587133209375 0.3592916515625 0.5403586984375 0.3619365578125 0.5400593796875001 0.366690703125 0.5553702765625 0.3818850640625
0 0.5370806875 0.36382635625000004 0.5817264828125001 0.3591972765625 0.5826557343750001 0.3555358046875 0.5672844375 0.343801746875 0.522467675 0.34583182031250004 0.5238758578125 0.3519137796875 0.5370806875 0.36382635625000004