0 0.33883732499999997 0.603235503125 0.369404246875 0.6070640046875 0.39383664218750003 0.5964824359375 0.3932252546875 0.591503075 0.3624557765625 0.589767165625 0.361514625 0.593328928125 0.33883732499999997 0.603235503125
0 0.36235665 0.583346425 0.3617211921875 0.58939786875 0.3990463515625 0.594004790625 0.42775532656250004 0.5808304015625 0.4271161484375 0.5756247046875 0.3847838359375 0.5714028375 0.36235665 0.583346425
0 0.361019278125 0.5481296140625 0.360526784375 0.5534742625 0.3603517296875 0.5688887984375001 0.3860862640625 0.5707834265625 0.4183610125 0.5567117234375 0.4180355515625 0.550318771875 0.365272078125 0.5434719921875 0.361019278125 0.5481296140625
0 0.376214921875 0.570846740625 0.3615667734375 0.56942885 0.36204694375 0.5826952109375 0.37513080625 0.575115296875 0.376214921875 0.570846740625
0 0.3974706109375 0.5643311734374999 0.3982725203125 0.5727333453125001 0.43910386093750003 0.57782875 0.47233952968750004 0.564098553125 0.471474015625 0.558920646875 0.428840021875 0.5503706312500001 0.3974706109375 0.5643311734374999
0 0.2783042859375 0.540595228125 0.279157765625 0.5512885375 0.30104891093749997 0.5387215265624999 0.356897696875 0.5445002359375 0.3567111875 0.539238959375 0.3007274609375 0.530490109375 0.2783042859375 0.540595228125
0 0.300737825 0.42380216875 0.255871215625 0.46455813749999997 0.2567264421875 0.4745772796875 0.275455459375 0.48052695312499993 0.2757084328125 0.4703717421875 0.30959639375000003 0.44708742968750004 0.33045109375 0.45202616406249996 0.3321494 0.4353190234375 0.300737825 0.42380216875
0 0.449171403125 0.41420109375 0.438342390625 0.40540657968750005 0.43483684375 0.3829639265625 0.3743338984375 0.354395775 0.3140623953125 0.4101671265625 0.3143148921875 0.421385178125 0.3333160484375 0.42955124843750003 0.3323635609375 0.42179386093750004 0.3748646109375 0.3862029375 0.4348686328125 0.41070769374999994 0.43677360781249996 0.4262224703125 0.449171403125 0.41420109375
0 0.5749112484375 0.332767721875 0.5734598390625 0.320946940625 0.47540207343749996 0.26136793125 0.3911256796875 0.33846016875 0.39543502343750003 0.3521798515625 0.43518707343749996 0.3705469625 0.43260175 0.34949119375 0.49373502968749994 0.3007384328125 0.5563959203125 0.33466614843750003 0.5582620859375 0.346810975 0.5749112484375 0.332767721875
0 0.65292465625 0.3756844734375 0.5929599171875 0.333176403125 0.5631872546875 0.3533306421875 0.5651310390625001 0.3722153703125 0.5894468765624999 0.35648083124999996 0.6306115265625001 0.383298771875 0.63523836875 0.3996042515625 0.6577006625 0.387097046875 0.65292465625 0.3756844734375
0 0.5259007890625 0.49552229375 0.47346523593749995 0.5143345312500001 0.474100228125 0.5195061234375 0.52046920625 0.5306863125 0.5698653953124999 0.508497575 0.5703905078125 0.5005587609375 0.5308975015625 0.4904091515625 0.5259007890625 0.49552229375
0 0.5306828671875 0.525307578125 0.5301577578125001 0.53324639375 0.5674343656249999 0.5436681421875 0.6149770125 0.524706740625 0.614024525 0.5169493515625 0.5790615734375 0.503993709375 0.5306828671875 0.525307578125
0 0.5832488890625 0.46785756406249995 0.5756860203125 0.4642865453125 0.5400614171875 0.4795347828125 0.5409231906249999 0.4865533734375 0.5867282484375 0.5023024234375 0.6460982234375 0.47888906093749994 0.6466298828125 0.46794969374999995 0.6106559921875 0.4528683703125 0.5832488890625 0.46785756406249995
0 0.5934358890625 0.4958543015625 0.5948938453125 0.50467453125 0.6294420406250001 0.51730613125 0.6874251328125001 0.4948129921875 0.6861486015625 0.48747036093749996 0.653265978125 0.47313438124999996 0.5934358890625 0.4958543015625
0 0.6437401578124999 0.43830702656250004 0.6210964359375 0.449336634375 0.663842490625 0.4707108421875 0.740405909375 0.43768702031249995 0.74042555 0.4286853640625 0.7000450546875 0.402146109375 0.6409472187499999 0.42777586875000007 0.6437401578124999 0.43830702656250004
0 0.6741534140625001 0.46307035625 0.6765315953125 0.4732774703125 0.7094076734375 0.49061400156249996 0.77792846875 0.462327375 0.77752680625 0.4560022265625 0.749466015625 0.43207495625 0.6741534140625001 0.46307035625