0 0.6836361859375 0.52379588125 0.78749380625 0.554375928125 0.80733796875 0.5230555109374999 0.8083521749999999 0.5147296296875 0.7944144843750001 0.5105319984375 0.7785867421875 0.53137241875 0.706199321875 0.512265346875 0.708606478125 0.49389983906249996 0.685575215625 0.5143627390625001 0.6836361859375 0.52379588125
0 0.5757596921875 0.49271627812499996 0.6551996250000001 0.515082278125 0.6877999359375 0.49396514375 0.6891928890625 0.48392551875 0.669795625 0.47915283124999997 0.646035846875 0.4969771609375 0.5910287046875 0.48253707031250004 0.5901781578125 0.47671385 0.5781844 0.48504218281249994 0.5757596921875 0.49271627812499996
0 0.48753840156250006 0.46700074531249997 0.5536018265625 0.4854874578125 0.593512590625 0.46822063593749996 0.59129684375 0.4608812078125 0.57993731875 0.4571076265625 0.5525978203124999 0.47156609375 0.5062965312500001 0.46191624062500003 0.5061581734375 0.45352995625 0.4893566265625 0.45987273125000006 0.48753840156250006 0.46700074531249997
0 0.5215022921875 0.5080754984375 0.5212733296875001 0.5014180578125 0.4520542328125 0.4769873203125 0.3861516171875 0.4995374078125 0.3864724109375 0.5099557796874999 0.4580431625 0.539132678125 0.5215022921875 0.5080754984375
0 0.63479428125 0.5460843546875 0.634974265625 0.5371368875 0.547009690625 0.5065229609374999 0.4863111625 0.5400362765625 0.4856001984375 0.5480891171875 0.5831211734374999 0.5893165015624999 0.63479428125 0.5460843546875
0 0.5646536375 0.605395659375 0.5628305109375 0.590564571875 0.46638537031249994 0.54534851875 0.374100734375 0.5916530859375 0.37334569375000004 0.6060601265625001 0.4820323328125 0.665786475 0.5646536375 0.605395659375
0 0.66294025 0.543803303125 0.6109790015625001 0.58702035 0.609511771875 0.60399045625 0.7445992078125 0.6561435125 0.779298534375 0.59497480625 0.7816616125 0.5829634968749999 0.66294025 0.543803303125
0 0.440893071875 0.5466129140625 0.439965796875 0.5367406234375001 0.36877379062500004 0.50584998125 0.27490886875 0.5382029828125 0.274866015625 0.5500469578125 0.348320296875 0.5929023796874999 0.440893071875 0.5466129140625
0 0.3915647515625 0.4456303703125 0.389909090625 0.43800813906249997 0.3483414625 0.42509734843749997 0.28928086406250003 0.436616340625 0.2894260140625 0.44256097812500006 0.332648334375 0.4587553515625 0.3915647515625 0.4456303703125
0 0.33889745625 0.426657534375 0.33845297812499997 0.42206729374999996 0.302698709375 0.41151629375 0.244680278125 0.42057808437500005 0.24529280468749998 0.42631886874999997 0.2808561234375 0.44051341875 0.33889745625 0.426657534375
0 0.2910132890625 0.4122739703125 0.2911923046875 0.40885814218750005 0.261358803125 0.3986174375 0.20248915625000002 0.40649288125 0.2041806203125 0.413431946875 0.234913075 0.4239481109375 0.2910132890625 0.4122739703125
0 0.21730688437499998 0.42439549374999996 0.21614343906250003 0.420452615625 0.1866212 0.40862979218750006 0.11918263124999999 0.418796325 0.119531634375 0.42520834062499996 0.14718435937500002 0.43784657656250003 0.21730688437499998 0.42439549374999996
0 0.265118478125 0.4358067390625 0.229051978125 0.4224992078125 0.158305959375 0.43477587812499996 0.1584153046875 0.44140368125 0.1925287515625 0.457120678125 0.26508364375000004 0.4408285546875 0.265118478125 0.4358067390625
0 0.3177499703125 0.4554627421875 0.27499502656249997 0.43906451406249997 0.1999471296875 0.4549976390625 0.1993733109375 0.4615896390625 0.24167377812500002 0.4823026453125 0.31913017187500003 0.46398392499999996 0.3177499703125 0.4554627421875
0 0.4490785296875 0.42660431406250005 0.405190284375 0.4362774671875 0.3586920671875 0.42290851093750004 0.3609431890625 0.4296204453125 0.404854725 0.4426803125 0.4500540828125 0.43116709531249997 0.4490785296875 0.42660431406250005
0 0.36502236093749996 0.42462846875000004 0.3642554015625 0.41608554062499997 0.35238824687500003 0.41737238593750003 0.3141699546875 0.40825491718749995 0.3128316375 0.41061413125 0.3136522765625 0.41482174374999997 0.3486921859375 0.42498731718749994 0.36502236093749996 0.42462846875000004