0 0.65880766875 0.6219451375 0.6602092234375 0.612402925 0.648630890625 0.6039834046875 0.6446579781249999 0.6109869406249999 0.5872213484375 0.629011078125 0.54858559375 0.5807108828125 0.550632321875 0.5645917140625001 0.51765585625 0.57458258125 0.5160645703125 0.5820114234375 0.5677179921875 0.6571364328125 0.65880766875 0.6219451375
0 0.6591599609375 0.575087240625 0.6514993687499999 0.59511905 0.6778279984375 0.6202375453125 0.7507178203125 0.588299290625 0.75300266875 0.579103859375 0.7358236312499999 0.5628785796875 0.7315680296875 0.5752761109375 0.6785164625 0.5956334875 0.6591599609375 0.575087240625
0 0.5531960359375 0.5328741875 0.508816540625 0.5425679359375 0.479598634375 0.5037759937499999 0.4677074796875 0.5070591671875 0.46789848593750005 0.5148819046875001 0.5047061078125 0.569396571875 0.551812734375 0.5535354671875 0.5531960359375 0.5328741875
0 0.4817069078125 0.48074879218750005 0.4652736421875 0.48469539375000004 0.442696784375 0.451059325 0.4320514109375 0.45350632031250004 0.4322738265625 0.4607297234375 0.4601674296875 0.5018561796875 0.481237034375 0.495448153125 0.4817069078125 0.48074879218750005
0 0.8135170359374999 0.571157171875 0.872325084375 0.549899521875 0.87615538125 0.5398836171875 0.8009132062500001 0.4905664265625 0.7466943828125 0.5102616515625 0.7444880578124999 0.51795875 0.8135170359374999 0.571157171875
0 0.8876225046874999 0.5446914359374999 0.9379927765625 0.5238930500000001 0.940530178125 0.5156123234375001 0.8660940484375 0.47384961406250004 0.814792090625 0.48949085156249994 0.8137844328125 0.49725077031250003 0.8876225046874999 0.5446914359374999
0 0.78674651875 0.484583459375 0.728807984375 0.44744304062499995 0.676186621875 0.45991026562500004 0.6746651406249999 0.4695745265625 0.7276495328125 0.5082823078125001 0.7835091375000001 0.4921277921875 0.78674651875 0.484583459375
0 0.7929267921875 0.486734353125 0.8426388140625001 0.47167865625000005 0.8446615296875001 0.46407066406249997 0.7878748640625 0.4320656109375 0.738918709375 0.444318921875 0.7363204890625 0.451287753125 0.7929267921875 0.486734353125
0 0.771103846875 0.430577678125 0.7708996828125 0.42285298281249994 0.7238957015625 0.3978566140625 0.6799785671875 0.40692301249999996 0.6798202828125001 0.41381671249999996 0.7242464015625 0.4415199796875 0.771103846875 0.430577678125
0 0.620612896875 0.42025478281249995 0.61907994375 0.4262644421875 0.6603853875000001 0.459285159375 0.7128255265625 0.44640243437500005 0.7136547984375 0.4383258984375 0.67211594375 0.409758946875 0.620612896875 0.42025478281249995
0 0.58747775625 0.37852725625 0.631459409375 0.372103240625 0.6310103609375 0.365177709375 0.6000860484375 0.3471140390625 0.5601426625 0.3539526921875 0.55984559375 0.359621121875 0.58747775625 0.37852725625
0 0.5293258875 0.38806564374999997 0.5772706828125 0.3796163265625 0.57728043125 0.37555683906250004 0.547879321875 0.3555429984375 0.5248121875 0.3579880984375 0.5226231593749999 0.38426336875 0.5293258875 0.38806564374999997
0 0.4720678125 0.3921698703125 0.455613365625 0.3768945359375 0.45400614531250005 0.384321303125 0.4680153515625 0.39977298906250003 0.5182453828125 0.3903269359375 0.5181587828125 0.38423240000000003 0.4720678125 0.3921698703125
0 0.5513420875 0.3553184734375 0.5918609765625 0.34911898125 0.5925204953125001 0.344281546875 0.568959290625 0.3290397609375 0.5297187234375 0.334088246875 0.528835540625 0.3393199609375 0.5513420875 0.3553184734375