0 0.514862390625 0.373988096875 0.5143693859375 0.3786787171875 0.4930383015625 0.3878743734375 0.468595859375 0.37358875937499997 0.4679006859375 0.3855112703125 0.4893809390625 0.4014383140625 0.5248261359375 0.3853571046875 0.5263788984375 0.378546134375 0.514862390625 0.373988096875
0 0.48204713125 0.39955163125 0.46676884375 0.390971646875 0.46742343125 0.39801461875 0.440966721875 0.41085605156250005 0.41199274375000006 0.3919096515625 0.4064022828125 0.39466967343750003 0.4053864421875 0.3990263734375 0.4397926296875 0.42468099531250003 0.48095920625 0.40724835937500004 0.48204713125 0.39955163125
0 0.3641021984375 0.4069617703125 0.314092134375 0.4262545875 0.31516764375 0.431946965625 0.3467135578125 0.46092752812500004 0.3964907859375 0.438541603125 0.3965189546875 0.43296522656249997 0.3641021984375 0.4069617703125
0 0.24468241875 0.4549460609375 0.24616476406249999 0.4620760328125 0.27540224375 0.494440540625 0.333703121875 0.46792908281249995 0.33332445312500003 0.46091511093750004 0.3012557 0.431600628125 0.24468241875 0.4549460609375
0 0.5552112890625 0.512969946875 0.506902321875 0.545274034375 0.5061043984375 0.550211575 0.5592175671875 0.5942914234375001 0.6057831859375 0.557340634375 0.6067551109375 0.55074758125 0.5552112890625 0.512969946875
0 0.497030496875 0.4719840390625 0.4501872921875 0.4983049125 0.44994120625 0.50330045 0.4933963828125 0.541064834375 0.540514671875 0.509472503125 0.541181678125 0.5031263703125 0.497030496875 0.4719840390625
0 0.3803434046875 0.5364356265625 0.38059115625 0.5420410046875 0.42545576093750004 0.5849749281250001 0.480995784375 0.547572553125 0.4808350328125 0.5411394171875 0.43511450625 0.5036948703124999 0.3803434046875 0.5364356265625
0 0.5436522015625 0.49259509062499995 0.5045005687499999 0.4651037953125 0.5030957828125 0.469848859375 0.5483891984375 0.5026971828125 0.5749122328125 0.48482674687499994 0.5764671796874999 0.475204753125 0.5436522015625 0.49259509062499995
0 0.380493725 0.3484171296875 0.3642600828125 0.3528720984375 0.340948659375 0.3384620046875 0.333761096875 0.34133079374999997 0.33350705468749997 0.345471959375 0.361601759375 0.36437145000000004 0.3815798875 0.357048234375 0.380493725 0.3484171296875
0 0.2478295203125 0.3658231609375 0.24859435312499997 0.3706150515625 0.27143536875 0.3929490109375 0.31943766875 0.37588644531250004 0.31906897500000003 0.37077376875 0.2938322859375 0.35054376249999997 0.2478295203125 0.3658231609375
0 0.3083990890625 0.42401579062500006 0.356400846875 0.403510146875 0.35484373593749996 0.399359834375 0.32723881875 0.3758003203125 0.2798404171875 0.3940136296875 0.2802844640625 0.398409378125 0.3083990890625 0.42401579062500006
0 0.2127464578125 0.4168616796875 0.2119644109375 0.422578253125 0.2393061375 0.4520900859375 0.2964196375 0.4276494125 0.295419059375 0.4233763828125 0.266644021875 0.397156921875 0.2127464578125 0.4168616796875
0 0.2054356375 0.41573085781249997 0.2593143625 0.39620533125 0.2576436828125 0.38968733125 0.2321427203125 0.368523490625 0.1793200046875 0.38489819999999997 0.1822829828125 0.391189603125 0.2054356375 0.41573085781249997
0 0.41624964843749995 0.3771824265625 0.4029590625 0.3812218765625 0.379760125 0.3622933171875 0.369856103125 0.3668699203125 0.37013975625 0.3710676 0.39745187187500003 0.3922405875 0.415109678125 0.3863044015625 0.41624964843749995 0.3771824265625